964.255471 0.010000 -0.000000 -9.890000 -0.000000 -0.000000 0.000000 0.000000 0.000000 0.000000 0.000000 0.000000
964.315897 -0.490000 1.480000 -7.370000 -0.010000 -0.090000 -0.030000 0.000000 0.000000 0.000000 0.000000 0.000000
964.374806 0.660000 -0.210000 -8.190000 0.020000 0.030000 0.060000 2.848377 0.029920 0.000000 9.000000 8.000000
964.435603 -0.470000 0.540000 -6.430000 0.100000 -0.030000 0.110000 2.848377 0.029920 0.000000 9.000000 8.000000
964.495930 -0.150000 0.110000 -6.340000 0.060000 -0.100000 0.010000 2.848377 0.029920 0.000000 9.000000 8.000000
964.556214 0.750000 -0.580000 -4.900000 -0.010000 0.020000 -0.110000 2.848377 0.029920 0.000000 9.000000 8.000000
964.616303 -0.130000 -1.180000 -2.870000 0.080000 0.030000 0.070000 2.848377 0.029920 0.000000 9.000000 8.000000
964.676778 -0.400000 -1.120000 -1.470000 -0.100000 0.080000 0.030000 2.848377 0.029920 0.000000 9.000000 8.000000
964.736569 -0.740000 -0.050000 1.190000 -0.070000 0.060000 0.030000 2.848377 0.029920 0.000000 9.000000 8.000000
964.797825 0.110000 -0.410000 -0.540000 0.060000 0.040000 -0.090000 2.848377 0.029920 0.000000 9.000000 8.000000
964.857449 -0.770000 -0.560000 -1.610000 0.020000 -0.020000 0.040000 2.848377 0.029920 0.000000 9.000000 8.000000
964.918661 -0.360000 -0.190000 -1.700000 0.100000 -0.060000 0.050000 26.975809 0.149600 0.000000 83.000000 78.000000
964.978911 0.130000 0.740000 -0.080000 -0.200000 -0.050000 -0.060000 26.975809 0.149600 0.000000 83.000000 78.000000
965.038353 1.190000 0.640000 -0.190000 0.230000 0.120000 -0.010000 26.975809 0.149600 0.000000 83.000000 78.000000
965.099151 -0.260000 -0.920000 -0.390000 -0.080000 0.000000 0.080000 26.975809 0.149600 0.000000 83.000000 78.000000
965.159355 0.290000 0.170000 0.180000 0.050000 -0.080000 0.040000 26.975809 0.149600 0.000000 83.000000 78.000000
965.219901 0.280000 1.330000 0.230000 -0.150000 0.050000 0.020000 26.975809 0.149600 0.000000 83.000000 78.000000
965.280382 -0.410000 -0.090000 0.290000 0.010000 0.040000 -0.010000 26.975809 0.149600 0.000000 83.000000 78.000000
965.340983 0.520000 -0.190000 -0.030000 0.050000 -0.110000 -0.050000 26.975809 0.149600 0.000000 83.000000 78.000000
965.400492 0.030000 1.210000 0.110000 -0.000000 -0.010000 0.120000 28.986428 0.089760 0.000000 88.000000 85.000000
965.461469 -0.260000 -0.140000 -0.280000 0.070000 0.100000 0.040000 28.986428 0.089760 0.000000 88.000000 85.000000
965.522164 -0.190000 -1.150000 1.030000 0.010000 -0.070000 -0.010000 28.986428 0.089760 0.000000 88.000000 85.000000
965.581808 0.030000 -0.330000 2.960000 -0.070000 0.000000 0.070000 28.986428 0.089760 0.000000 88.000000 85.000000
965.641985 -0.370000 -0.050000 0.570000 0.020000 0.050000 0.070000 28.986428 0.089760 0.000000 88.000000 85.000000
965.703606 -0.240000 -0.710000 -1.370000 -0.040000 0.040000 -0.040000 28.986428 0.089760 0.000000 88.000000 85.000000
965.763459 -0.330000 -0.800000 -0.500000 0.090000 -0.100000 0.090000 28.986428 0.089760 0.000000 88.000000 85.000000
965.823849 -0.700000 1.460000 -0.920000 -0.180000 0.030000 0.050000 28.986428 0.089760 0.000000 88.000000 85.000000
965.883611 0.760000 -1.140000 -0.540000 0.120000 0.090000 -0.040000 28.651325 0.089760 0.000000 87.000000 84.000000
965.944901 0.320000 -0.060000 0.250000 0.040000 -0.050000 0.090000 28.651325 0.089760 0.000000 87.000000 84.000000
966.004176 -0.900000 0.040000 0.930000 0.040000 -0.040000 0.080000 28.651325 0.089760 0.000000 87.000000 84.000000
966.064775 0.530000 0.200000 0.140000 -0.040000 0.020000 -0.070000 28.651325 0.089760 0.000000 87.000000 84.000000
966.125333 5.900000 0.170000 -29.200000 -2.730000 -0.030000 3.830000 28.651325 0.089760 0.000000 87.000000 84.000000
966.183564 0.210000 0.270000 4.480000 -0.060000 0.030000 0.050000 28.651325 0.089760 0.000000 87.000000 84.000000
966.245176 -1.200000 1.090000 3.720000 -0.200000 -0.040000 -0.020000 28.651325 0.089760 0.000000 87.000000 84.000000
966.304553 0.070000 0.040000 2.070000 0.120000 -0.040000 0.060000 28.651325 0.089760 0.000000 87.000000 84.000000
966.365497 -0.190000 0.060000 1.720000 0.130000 -0.090000 0.090000 28.651325 0.089760 0.000000 87.000000 84.000000
966.426032 0.020000 -0.420000 2.510000 0.000000 0.040000 -0.100000 28.483773 0.119680 0.000000 87.000000 83.000000
966.486787 -0.760000 0.460000 1.760000 0.100000 -0.010000 -0.040000 28.483773 0.119680 0.000000 87.000000 83.000000
966.546782 -1.130000 0.410000 4.000000 -0.040000 -0.060000 0.080000 28.483773 0.119680 0.000000 87.000000 83.000000
966.606903 -1.280000 -0.510000 2.870000 -0.070000 0.030000 -0.010000 28.483773 0.119680 0.000000 87.000000 83.000000
966.667397 -0.580000 -0.570000 3.650000 -0.230000 -0.030000 -0.020000 28.483773 0.119680 0.000000 87.000000 83.000000
966.727078 -0.790000 0.770000 1.910000 0.080000 -0.070000 0.120000 28.483773 0.119680 0.000000 87.000000 83.000000
966.787671 -0.860000 -0.260000 0.100000 0.040000 0.070000 0.010000 28.483773 0.119680 0.000000 87.000000 83.000000
966.848677 0.830000 -0.020000 -1.430000 0.050000 0.090000 -0.050000 28.483773 0.119680 0.000000 87.000000 83.000000
966.908118 0.440000 0.070000 -0.630000 0.260000 -0.120000 0.090000 28.483773 0.119680 0.000000 87.000000 83.000000
966.968584 -0.130000 0.290000 -0.060000 -0.070000 0.000000 0.010000 28.483773 0.119680 0.000000 87.000000 83.000000
967.032338 -0.030000 -0.950000 0.850000 -0.020000 0.020000 -0.020000 28.483773 0.119680 0.000000 87.000000 83.000000
967.090505 0.300000 0.590000 1.400000 -0.210000 -0.020000 0.130000 28.483773 0.119680 0.000000 87.000000 83.000000
967.150993 -0.220000 0.230000 0.580000 0.010000 0.000000 -0.070000 28.483773 0.119680 0.000000 87.000000 83.000000
967.210393 1.410000 -1.760000 0.030000 -0.090000 0.040000 0.410000 28.483773 0.119680 0.000000 87.000000 83.000000
967.270735 -1.200000 -0.250000 0.630000 -0.000000 -0.010000 1.060000 28.483773 0.119680 0.000000 87.000000 83.000000
967.330940 0.140000 -0.280000 -0.390000 0.020000 0.120000 1.910000 28.483773 0.119680 0.000000 87.000000 83.000000
967.391955 -0.450000 0.740000 -0.560000 -0.090000 0.050000 2.620000 19.435987 -0.897598 0.000000 43.000000 73.000000
967.451820 0.020000 0.880000 0.280000 -0.080000 0.070000 2.890000 19.435987 -0.897598 0.000000 43.000000 73.000000
967.511568 0.420000 0.730000 -0.100000 -0.040000 0.080000 3.110000 19.435987 -0.897598 0.000000 43.000000 73.000000
967.573348 0.450000 1.340000 -0.740000 -0.010000 0.150000 3.020000 19.435987 -0.897598 0.000000 43.000000 73.000000
967.631951 0.620000 0.180000 -0.210000 -0.050000 0.070000 3.160000 19.435987 -0.897598 0.000000 43.000000 73.000000
967.693181 -0.100000 0.050000 -0.100000 -0.010000 0.080000 3.190000 19.435987 -0.897598 0.000000 43.000000 73.000000
967.754565 0.130000 -0.270000 -0.100000 -0.120000 0.060000 3.400000 19.435987 -0.897598 0.000000 43.000000 73.000000
967.813353 0.110000 -0.430000 1.000000 -0.050000 0.080000 3.540000 19.435987 -0.897598 0.000000 43.000000 73.000000
967.875977 -0.330000 -0.230000 -0.200000 -0.030000 0.090000 3.510000 0.670206 -3.051833 0.000000 -49.000000 53.000000
967.934798 0.150000 -0.320000 -0.190000 -0.080000 0.060000 3.400000 0.670206 -3.051833 0.000000 -49.000000 53.000000
967.994181 0.160000 0.610000 -0.430000 -0.030000 0.100000 3.390000 0.670206 -3.051833 0.000000 -49.000000 53.000000
968.056816 -0.230000 0.010000 0.100000 -0.100000 0.030000 3.430000 0.670206 -3.051833 0.000000 -49.000000 53.000000
968.114451 0.320000 0.250000 0.810000 -0.040000 0.060000 3.360000 0.670206 -3.051833 0.000000 -49.000000 53.000000
968.179286 0.270000 0.300000 -0.810000 -0.050000 0.090000 3.300000 0.670206 -3.051833 0.000000 -49.000000 53.000000
968.236117 0.560000 0.440000 0.460000 -0.020000 -0.100000 -0.040000 0.670206 -3.051833 0.000000 -49.000000 53.000000
968.295873 0.240000 0.120000 -0.580000 0.010000 0.120000 3.160000 0.670206 -3.051833 0.000000 -49.000000 53.000000
968.358851 -0.060000 -0.300000 0.110000 -0.060000 0.060000 3.170000 0.670206 -3.051833 0.000000 -49.000000 53.000000
969.562538 -8.800000 -0.190000 -9.750000 0.050000 -0.030000 6.310000 0.335103 -3.111673 0.000000 -51.000000 53.000000
969.622178 1.400000 -0.360000 1.080000 -0.020000 0.070000 3.130000 0.335103 -3.111673 0.000000 -51.000000 53.000000
969.684128 0.990000 -1.140000 0.850000 -0.010000 0.030000 2.030000 0.335103 -3.111673 0.000000 -51.000000 53.000000
969.742425 0.730000 1.240000 0.060000 -0.030000 0.050000 1.320000 0.335103 -3.111673 0.000000 -51.000000 53.000000
969.805013 0.240000 -1.180000 1.620000 -0.050000 -0.040000 2.410000 0.335103 -3.111673 0.000000 -51.000000 53.000000
969.865031 1.420000 -0.220000 1.460000 -0.010000 0.110000 2.940000 0.335103 -3.111673 0.000000 -51.000000 53.000000
969.923418 0.650000 0.440000 1.530000 -0.030000 0.070000 3.120000 0.335103 -2.752634 0.000000 -45.000000 47.000000
969.983183 1.190000 0.140000 0.740000 -0.060000 0.050000 3.080000 0.335103 -2.752634 0.000000 -45.000000 47.000000
970.044045 0.950000 -0.000000 0.820000 -0.010000 0.080000 3.110000 0.335103 -2.752634 0.000000 -45.000000 47.000000
970.103824 1.000000 -0.510000 1.660000 -0.060000 0.080000 3.190000 0.335103 -2.752634 0.000000 -45.000000 47.000000
970.165355 -0.090000 -0.360000 -0.110000 -0.050000 0.090000 3.230000 0.335103 -2.752634 0.000000 -45.000000 47.000000
970.225200 -0.200000 -0.200000 -0.150000 -0.090000 0.060000 3.370000 0.335103 -2.752634 0.000000 -45.000000 47.000000
970.286817 -0.380000 -0.590000 0.650000 -0.030000 0.100000 3.420000 0.335103 -2.752634 0.000000 -45.000000 47.000000
970.348345 0.420000 -0.340000 0.780000 -0.050000 0.040000 3.290000 0.335103 -2.752634 0.000000 -45.000000 47.000000
970.406385 -0.180000 0.490000 -1.160000 -0.020000 0.080000 3.290000 1.005310 -3.111673 0.000000 -49.000000 55.000000
970.465653 0.040000 0.890000 0.090000 -0.090000 0.020000 3.220000 1.005310 -3.111673 0.000000 -49.000000 55.000000
970.526087 -0.180000 0.720000 -0.760000 0.010000 0.080000 3.160000 1.005310 -3.111673 0.000000 -49.000000 55.000000
970.588394 0.190000 0.360000 -1.120000 -0.080000 0.070000 3.120000 1.005310 -3.111673 0.000000 -49.000000 55.000000
970.646376 0.320000 0.450000 0.310000 -0.030000 0.060000 3.130000 1.005310 -3.111673 0.000000 -49.000000 55.000000
970.707189 -0.000000 0.320000 0.390000 -0.050000 0.040000 3.150000 1.005310 -3.111673 0.000000 -49.000000 55.000000
970.767302 0.000000 -0.040000 -0.340000 -0.010000 0.100000 3.220000 1.005310 -3.111673 0.000000 -49.000000 55.000000
970.827753 0.480000 0.040000 0.400000 -0.060000 0.030000 3.130000 1.005310 -3.111673 0.000000 -49.000000 55.000000
970.887799 -0.240000 -0.030000 0.500000 -0.020000 0.050000 3.120000 0.670206 -3.111673 0.000000 -50.000000 54.000000
970.948454 -0.030000 -0.200000 0.800000 -0.060000 0.050000 3.140000 0.670206 -3.111673 0.000000 -50.000000 54.000000
971.009542 -0.250000 -0.080000 0.490000 0.000000 0.080000 3.220000 0.670206 -3.111673 0.000000 -50.000000 54.000000
971.068748 0.550000 0.080000 0.520000 -0.050000 0.050000 3.230000 0.670206 -3.111673 0.000000 -50.000000 54.000000
971.129390 0.460000 -0.150000 -0.720000 -0.010000 0.100000 3.170000 0.670206 -3.111673 0.000000 -50.000000 54.000000
971.189631 0.010000 -0.530000 -0.530000 -0.080000 0.060000 3.160000 0.670206 -3.111673 0.000000 -50.000000 54.000000
971.250944 -0.250000 0.150000 0.780000 -0.030000 0.060000 3.250000 0.670206 -3.111673 0.000000 -50.000000 54.000000
971.310972 -0.430000 0.130000 -1.390000 -0.090000 0.060000 3.290000 0.670206 -3.111673 0.000000 -50.000000 54.000000
971.370981 0.020000 0.150000 0.710000 -0.040000 0.080000 3.200000 0.335103 -3.111673 0.000000 -51.000000 53.000000
971.430502 0.020000 -0.060000 -0.970000 -0.060000 0.050000 3.200000 0.335103 -3.111673 0.000000 -51.000000 53.000000
971.490641 0.560000 0.300000 0.310000 -0.110000 0.060000 3.170000 0.335103 -3.111673 0.000000 -51.000000 53.000000
971.550988 -0.240000 0.460000 -0.400000 -0.020000 0.040000 3.200000 0.335103 -3.111673 0.000000 -51.000000 53.000000
971.612881 -0.250000 -0.460000 -0.360000 -0.080000 0.060000 3.250000 0.335103 -3.111673 0.000000 -51.000000 53.000000
971.672392 -0.260000 -0.320000 -0.030000 -0.030000 0.090000 3.230000 0.335103 -3.111673 0.000000 -51.000000 53.000000
971.732180 0.400000 -0.200000 -0.550000 -0.080000 0.050000 3.310000 0.335103 -3.111673 0.000000 -51.000000 53.000000
971.792435 -0.250000 0.680000 0.020000 -0.030000 0.030000 3.270000 0.335103 -3.111673 0.000000 -51.000000 53.000000
971.854157 0.190000 0.140000 -0.210000 -0.070000 0.070000 3.240000 0.335103 -3.111673 0.000000 -51.000000 53.000000
971.913209 -0.120000 -0.160000 1.200000 -0.050000 0.050000 3.060000 0.502655 -3.141593 0.000000 -51.000000 54.000000
971.973600 0.110000 -0.190000 0.400000 -0.060000 0.060000 2.960000 0.502655 -3.141593 0.000000 -51.000000 54.000000
972.035018 0.560000 -0.130000 0.430000 0.010000 0.070000 2.980000 0.502655 -3.141593 0.000000 -51.000000 54.000000
972.095175 -0.290000 -0.150000 0.020000 -0.050000 0.060000 3.190000 0.502655 -3.141593 0.000000 -51.000000 54.000000
972.154555 -0.280000 -0.400000 -0.400000 -0.020000 0.060000 3.140000 0.502655 -3.141593 0.000000 -51.000000 54.000000
972.214211 -0.140000 -0.050000 0.700000 -0.030000 0.100000 3.180000 0.502655 -3.141593 0.000000 -51.000000 54.000000
972.275468 -0.190000 0.310000 -0.640000 -0.070000 0.040000 3.100000 0.502655 -3.141593 0.000000 -51.000000 54.000000
972.335109 -0.030000 0.240000 0.710000 -0.010000 0.080000 3.080000 0.502655 -3.141593 0.000000 -51.000000 54.000000
972.397014 0.320000 0.170000 -0.720000 -0.080000 0.040000 3.080000 1.005310 -3.111673 0.000000 -49.000000 55.000000
972.456032 -0.610000 -0.110000 -0.120000 -0.030000 0.040000 3.040000 1.005310 -3.111673 0.000000 -49.000000 55.000000
972.515917 6.260000 -3.460000 68.320000 -0.120000 0.080000 3.060000 1.005310 -3.111673 0.000000 -49.000000 55.000000
972.577049 -0.660000 0.800000 -8.290000 0.000000 0.130000 3.080000 1.005310 -3.111673 0.000000 -49.000000 55.000000
972.636018 -0.480000 1.070000 -7.530000 -0.070000 0.050000 3.030000 1.005310 -3.111673 0.000000 -49.000000 55.000000
972.697664 -0.120000 0.450000 -7.650000 -0.050000 0.060000 3.040000 1.005310 -3.111673 0.000000 -49.000000 55.000000
972.756935 -0.710000 0.460000 -7.010000 -0.020000 0.070000 3.100000 1.005310 -3.111673 0.000000 -49.000000 55.000000
972.817126 -0.710000 0.060000 -7.330000 -0.060000 0.050000 3.050000 1.005310 -3.111673 0.000000 -49.000000 55.000000
972.879320 -0.810000 0.160000 -7.980000 -0.010000 0.050000 2.960000 0.670206 -3.051833 0.000000 -49.000000 53.000000
972.938096 -1.000000 -0.250000 -6.720000 -0.030000 0.100000 2.930000 0.670206 -3.051833 0.000000 -49.000000 53.000000
972.998219 -1.340000 -0.100000 -7.260000 -0.050000 0.020000 2.930000 0.670206 -3.051833 0.000000 -49.000000 53.000000
973.058010 -0.510000 0.760000 -8.520000 0.020000 0.050000 2.960000 0.670206 -3.051833 0.000000 -49.000000 53.000000
973.118405 0.030000 0.100000 -0.340000 -0.050000 0.060000 3.000000 0.670206 -3.051833 0.000000 -49.000000 53.000000
973.178726 0.480000 0.170000 -0.400000 -0.030000 0.060000 2.990000 0.670206 -3.051833 0.000000 -49.000000 53.000000
973.241938 -0.170000 -0.080000 -0.340000 -0.020000 0.070000 3.050000 0.670206 -3.051833 0.000000 -49.000000 53.000000
973.299561 0.630000 -0.700000 0.840000 -0.040000 0.080000 3.150000 0.670206 -3.051833 0.000000 -49.000000 53.000000
973.359452 -0.490000 0.250000 -1.170000 -0.060000 0.060000 3.110000 0.502655 -2.962073 0.000000 -48.000000 51.000000
973.419310 0.920000 0.530000 0.560000 -0.070000 0.080000 3.070000 0.502655 -2.962073 0.000000 -48.000000 51.000000
973.479814 -0.100000 0.450000 -0.610000 0.010000 0.060000 3.030000 0.502655 -2.962073 0.000000 -48.000000 51.000000
973.540342 0.020000 0.130000 0.350000 -0.040000 0.020000 3.010000 0.502655 -2.962073 0.000000 -48.000000 51.000000
973.601559 -0.260000 -0.570000 -0.690000 -0.040000 0.050000 3.000000 0.502655 -2.962073 0.000000 -48.000000 51.000000
973.659367 0.170000 -0.220000 0.440000 -0.030000 0.090000 3.080000 0.502655 -2.962073 0.000000 -48.000000 51.000000
973.719633 -0.250000 0.320000 -1.040000 -0.100000 0.070000 3.180000 0.502655 -2.962073 0.000000 -48.000000 51.000000
973.779892 -0.290000 0.030000 0.860000 -0.040000 0.070000 3.190000 0.502655 -2.962073 0.000000 -48.000000 51.000000
973.841450 0.400000 -0.080000 0.030000 -0.070000 0.060000 3.160000 0.502655 -2.962073 0.000000 -48.000000 51.000000
973.901300 -0.070000 -0.160000 0.180000 -0.030000 0.070000 3.010000 0.670206 -3.051833 0.000000 -49.000000 53.000000
973.961610 -0.370000 -0.320000 -0.240000 -0.060000 0.020000 3.060000 0.670206 -3.051833 0.000000 -49.000000 53.000000
974.021589 -0.470000 -0.600000 0.840000 -0.050000 0.070000 3.120000 0.670206 -3.051833 0.000000 -49.000000 53.000000
974.081492 -0.060000 0.780000 -0.280000 -0.020000 0.090000 3.130000 0.670206 -3.051833 0.000000 -49.000000 53.000000
974.141702 0.230000 0.390000 0.020000 -0.060000 0.050000 3.100000 0.670206 -3.051833 0.000000 -49.000000 53.000000
974.202460 0.050000 0.130000 -0.230000 -0.020000 0.080000 3.140000 0.670206 -3.051833 0.000000 -49.000000 53.000000
974.262873 0.580000 -0.160000 0.240000 -0.040000 0.080000 3.170000 0.670206 -3.051833 0.000000 -49.000000 53.000000
974.323076 -0.040000 -0.120000 -0.240000 -0.020000 0.080000 3.140000 0.670206 -3.051833 0.000000 -49.000000 53.000000
974.383195 0.190000 0.080000 0.840000 -0.220000 -0.170000 -0.110000 0.670206 -3.051833 0.000000 -49.000000 53.000000
974.444484 -0.140000 0.040000 -1.070000 -0.050000 0.070000 3.180000 0.670206 -3.051833 0.000000 -49.000000 53.000000
974.503799 -0.110000 -0.570000 1.090000 -0.080000 0.030000 3.260000 0.670206 -3.051833 0.000000 -49.000000 53.000000
974.564110 -0.370000 0.070000 -1.410000 0.020000 0.110000 3.190000 0.670206 -3.051833 0.000000 -49.000000 53.000000
974.624714 -0.010000 0.340000 0.400000 -0.070000 0.030000 3.050000 0.670206 -3.051833 0.000000 -49.000000 53.000000
974.683538 5.620000 6.450000 -12.250000 4.420000 -3.390000 4.250000 0.670206 -3.051833 0.000000 -49.000000 53.000000
974.743506 -0.510000 -0.500000 1.620000 -0.030000 0.070000 3.000000 0.670206 -3.051833 0.000000 -49.000000 53.000000
974.804458 -0.380000 -0.760000 0.750000 -0.030000 0.060000 3.020000 0.670206 -3.051833 0.000000 -49.000000 53.000000
974.864156 -1.110000 -0.900000 1.270000 -0.060000 0.060000 3.110000 0.502655 -3.081753 0.000000 -50.000000 53.000000
974.924982 -1.030000 -0.870000 2.060000 -0.070000 0.080000 3.150000 0.502655 -3.081753 0.000000 -50.000000 53.000000
974.985022 -0.720000 -0.260000 1.150000 -0.030000 0.050000 3.110000 0.502655 -3.081753 0.000000 -50.000000 53.000000
975.045613 -0.470000 -0.890000 0.800000 -0.050000 0.030000 3.010000 0.502655 -3.081753 0.000000 -50.000000 53.000000
975.105390 -0.250000 -0.590000 1.060000 -0.060000 0.060000 3.020000 0.502655 -3.081753 0.000000 -50.000000 53.000000
975.165963 -0.400000 -0.560000 2.230000 0.010000 0.070000 3.070000 0.502655 -3.081753 0.000000 -50.000000 53.000000
975.225949 -0.810000 -1.010000 0.630000 -0.040000 0.050000 3.210000 0.502655 -3.081753 0.000000 -50.000000 53.000000
975.286442 -0.260000 0.090000 0.130000 -0.020000 0.080000 3.130000 0.502655 -3.081753 0.000000 -50.000000 53.000000
975.347319 -0.080000 -0.010000 -0.110000 -0.070000 0.060000 3.110000 0.502655 -3.081753 0.000000 -50.000000 53.000000
975.406702 0.210000 0.490000 0.430000 -0.030000 0.040000 3.110000 0.837758 -3.081753 0.000000 -49.000000 54.000000
975.467911 0.230000 0.340000 -0.330000 -0.030000 0.040000 3.080000 0.837758 -3.081753 0.000000 -49.000000 54.000000
975.527889 -0.540000 -0.450000 -0.200000 -0.060000 0.080000 3.020000 0.837758 -3.081753 0.000000 -49.000000 54.000000
975.588034 -0.130000 -0.370000 -0.350000 -0.070000 0.050000 3.020000 0.837758 -3.081753 0.000000 -49.000000 54.000000
975.647951 0.180000 -0.080000 0.840000 -0.070000 0.040000 3.110000 0.837758 -3.081753 0.000000 -49.000000 54.000000
975.708064 49.990000 52.500000 -9.230000 4.240000 -0.020000 -1.330000 0.837758 -3.081753 0.000000 -49.000000 54.000000
975.768661 -5.550000 -6.010000 1.340000 -0.090000 0.020000 3.170000 0.837758 -3.081753 0.000000 -49.000000 54.000000
975.828317 -5.210000 -5.880000 1.480000 -0.020000 0.110000 3.190000 0.837758 -3.081753 0.000000 -49.000000 54.000000
975.888968 -5.710000 -6.310000 0.750000 -0.030000 0.070000 3.100000 0.502655 -3.081753 0.000000 -50.000000 53.000000
975.948967 -5.460000 -5.780000 1.730000 0.000000 0.100000 3.140000 0.502655 -3.081753 0.000000 -50.000000 53.000000
976.009096 -5.490000 -5.810000 0.810000 -0.040000 0.050000 3.050000 0.502655 -3.081753 0.000000 -50.000000 53.000000
976.069551 -5.810000 -6.000000 0.990000 -0.010000 0.090000 3.130000 0.502655 -3.081753 0.000000 -50.000000 53.000000
976.129743 -5.720000 -6.060000 1.340000 -0.050000 0.100000 3.130000 0.502655 -3.081753 0.000000 -50.000000 53.000000
976.190545 -5.490000 -6.180000 1.040000 -0.050000 0.070000 3.160000 0.502655 -3.081753 0.000000 -50.000000 53.000000
976.254006 -5.620000 -5.510000 1.170000 -0.010000 0.100000 3.160000 0.502655 -3.081753 0.000000 -50.000000 53.000000
976.310734 0.340000 0.600000 -0.850000 -0.040000 0.040000 3.190000 0.502655 -3.081753 0.000000 -50.000000 53.000000
976.370833 0.150000 0.060000 0.420000 -0.000000 0.080000 3.120000 0.837758 -3.081753 0.000000 -49.000000 54.000000
976.432843 0.230000 0.180000 -0.950000 -0.020000 0.070000 3.130000 0.837758 -3.081753 0.000000 -49.000000 54.000000
976.492841 -0.260000 -0.240000 0.560000 -0.040000 0.080000 3.100000 0.837758 -3.081753 0.000000 -49.000000 54.000000
976.552548 0.000000 -0.270000 0.500000 -0.070000 0.040000 3.190000 0.837758 -3.081753 0.000000 -49.000000 54.000000
976.612432 -0.240000 0.400000 -0.640000 -0.020000 0.080000 3.130000 0.837758 -3.081753 0.000000 -49.000000 54.000000
976.672843 -0.100000 0.250000 1.230000 -0.060000 -0.010000 3.060000 0.837758 -3.081753 0.000000 -49.000000 54.000000
976.733215 0.210000 0.070000 -0.850000 -0.010000 0.090000 2.930000 0.837758 -3.081753 0.000000 -49.000000 54.000000
976.792720 0.200000 0.130000 0.570000 -0.030000 0.080000 2.960000 0.837758 -3.081753 0.000000 -49.000000 54.000000
976.854154 0.080000 -0.190000 -0.450000 -0.040000 0.050000 3.020000 0.837758 -3.081753 0.000000 -49.000000 54.000000
976.914013 -0.310000 -0.530000 -0.050000 -0.030000 0.080000 3.090000 0.837758 -3.081753 0.000000 -49.000000 54.000000
976.973771 0.200000 -0.240000 0.070000 -0.050000 0.030000 3.140000 0.837758 -3.081753 0.000000 -49.000000 54.000000
977.034419 0.080000 0.020000 -0.120000 -0.020000 0.120000 3.030000 0.837758 -3.081753 0.000000 -49.000000 54.000000
977.094732 0.230000 0.510000 -0.010000 -0.020000 0.060000 2.970000 0.837758 -3.081753 0.000000 -49.000000 54.000000
977.155079 -0.160000 -0.240000 -0.010000 -0.030000 0.100000 3.060000 0.837758 -3.081753 0.000000 -49.000000 54.000000
977.215547 0.350000 -0.510000 0.510000 -0.040000 0.060000 3.040000 0.837758 -3.081753 0.000000 -49.000000 54.000000
977.275394 -0.490000 -0.870000 -0.000000 0.040000 0.050000 1.700000 0.837758 -3.081753 0.000000 -49.000000 54.000000
977.336128 -0.480000 1.450000 -0.540000 -0.050000 0.010000 0.970000 0.837758 -3.081753 0.000000 -49.000000 54.000000
977.395840 1.230000 0.020000 -0.490000 -0.030000 0.050000 0.620000 0.502655 -2.722714 0.000000 -44.000000 47.000000
977.456316 -0.300000 -0.110000 0.320000 0.010000 0.030000 -0.040000 0.502655 -2.722714 0.000000 -44.000000 47.000000
977.516326 -0.090000 0.640000 2.810000 -0.110000 -0.160000 0.980000 0.502655 -2.722714 0.000000 -44.000000 47.000000
977.577574 0.290000 -0.260000 -1.120000 -0.060000 0.020000 0.510000 0.502655 -2.722714 0.000000 -44.000000 47.000000
977.636715 -0.960000 -0.210000 0.100000 -0.020000 0.020000 0.060000 0.502655 -2.722714 0.000000 -44.000000 47.000000
977.697903 -0.120000 -0.150000 -0.240000 -0.010000 -0.020000 -0.000000 0.502655 -2.722714 0.000000 -44.000000 47.000000
977.757171 0.040000 -0.120000 -0.230000 -0.000000 0.000000 0.010000 0.502655 -2.722714 0.000000 -44.000000 47.000000
977.816805 -0.510000 -0.200000 -0.330000 -0.000000 0.010000 0.000000 0.502655 -2.722714 0.000000 -44.000000 47.000000
977.876799 0.050000 -0.280000 -0.070000 0.000000 -0.010000 -0.010000 0.000000 -0.239359 0.000000 -4.000000 4.000000
977.936548 -0.190000 -0.020000 -0.180000 -0.000000 0.010000 0.000000 0.000000 -0.239359 0.000000 -4.000000 4.000000
977.996408 -0.250000 -0.160000 -0.220000 0.000000 -0.000000 0.000000 0.000000 -0.239359 0.000000 -4.000000 4.000000
978.056718 0.080000 -0.000000 -0.190000 0.000000 -0.000000 -0.000000 0.000000 -0.239359 0.000000 -4.000000 4.000000
978.116170 -0.030000 -0.080000 0.080000 0.000000 0.000000 0.000000 0.000000 -0.239359 0.000000 -4.000000 4.000000
978.177355 -0.020000 0.030000 -0.030000 0.000000 -0.000000 -0.000000 0.000000 -0.239359 0.000000 -4.000000 4.000000
978.235511 0.120000 -0.060000 0.020000 0.000000 0.000000 0.000000 0.000000 -0.239359 0.000000 -4.000000 4.000000
978.295980 -0.160000 0.050000 0.030000 -0.000000 0.000000 0.000000 0.000000 -0.239359 0.000000 -4.000000 4.000000
978.355615 0.010000 -0.080000 0.030000 0.000000 -0.000000 -0.000000 0.000000 0.000000 0.000000 0.000000 0.000000
978.414903 0.020000 0.080000 0.060000 -0.000000 0.000000 -0.000000 0.000000 0.000000 0.000000 0.000000 0.000000
978.475776 -0.070000 -0.040000 -0.050000 -0.000000 -0.000000 0.000000 0.000000 0.000000 0.000000 0.000000 0.000000
978.534919 0.020000 0.070000 0.000000 0.000000 -0.000000 -0.000000 0.000000 0.000000 0.000000 0.000000 0.000000
978.595606 0.010000 -0.030000 -0.020000 0.000000 0.000000 -0.000000 0.000000 0.000000 0.000000 0.000000 0.000000
978.655527 -0.070000 0.070000 0.010000 0.000000 0.000000 -0.000000 0.000000 0.000000 0.000000 0.000000 0.000000
978.714591 0.030000 -0.030000 0.030000 -0.000000 -0.000000 0.000000 0.000000 0.000000 0.000000 0.000000 0.000000
978.775376 -0.070000 0.090000 -0.000000 0.000000 -0.000000 -0.000000 0.000000 0.000000 0.000000 0.000000 0.000000
978.835046 -0.020000 -0.040000 -0.030000 0.000000 0.000000 -0.000000 0.000000 0.000000 0.000000 0.000000 0.000000
978.895055 -0.050000 0.020000 -0.020000 0.000000 -0.000000 0.000000 0.000000 0.000000 0.000000 0.000000 0.000000
978.955409 -0.080000 -0.020000 -0.070000 -0.000000 -0.000000 -0.000000 0.000000 0.000000 0.000000 0.000000 0.000000
979.014507 -0.030000 0.080000 0.020000 -0.000000 -0.000000 0.000000 0.000000 0.000000 0.000000 0.000000 0.000000
979.074684 0.010000 -0.040000 0.040000 -0.000000 -0.000000 -0.000000 0.000000 0.000000 0.000000 0.000000 0.000000
979.134368 -0.090000 -0.030000 0.020000 0.000000 -0.000000 0.000000 0.000000 0.000000 0.000000 0.000000 0.000000
979.193729 0.040000 -0.050000 0.020000 -0.000000 0.000000 -0.000000 0.000000 0.000000 0.000000 0.000000 0.000000
979.253515 -0.030000 0.020000 -0.040000 0.000000 0.000000 0.000000 0.000000 0.000000 0.000000 0.000000 0.000000
979.313663 -0.010000 -0.020000 0.040000 0.000000 0.000000 -0.000000 0.000000 0.000000 0.000000 0.000000 0.000000
979.376557 0.020000 -0.020000 0.030000 -0.000000 -0.000000 -0.000000 0.000000 0.000000 0.000000 0.000000 0.000000
979.433821 -0.010000 -0.030000 -0.010000 0.000000 -0.000000 -0.000000 0.000000 0.000000 0.000000 0.000000 0.000000
979.493454 0.070000 0.030000 -0.030000 0.000000 -0.000000 -0.000000 0.000000 0.000000 0.000000 0.000000 0.000000
979.553412 0.010000 0.010000 -0.040000 0.000000 0.000000 -0.000000 0.000000 0.000000 0.000000 0.000000 0.000000
979.613430 0.030000 0.030000 0.000000 -0.000000 0.000000 0.000000 0.000000 0.000000 0.000000 0.000000 0.000000
979.673012 -0.000000 -0.030000 0.030000 0.000000 -0.000000 0.000000 0.000000 0.000000 0.000000 0.000000 0.000000
979.732089 0.010000 -0.000000 0.010000 0.000000 0.000000 0.000000 0.000000 0.000000 0.000000 0.000000 0.000000
979.792136 0.030000 0.040000 -0.040000 0.000000 0.000000 -0.000000 0.000000 0.000000 0.000000 0.000000 0.000000
979.853043 -0.070000 -0.000000 -0.010000 0.000000 -0.000000 -0.000000 0.000000 0.000000 0.000000 0.000000 0.000000
979.912557 -0.010000 0.020000 -0.010000 -0.000000 0.000000 0.000000 0.000000 0.000000 0.000000 0.000000 0.000000
979.972592 -0.040000 0.010000 0.010000 -0.000000 -0.000000 -0.000000 0.000000 0.000000 0.000000 0.000000 0.000000
980.032631 -0.000000 -0.020000 0.030000 -0.000000 -0.000000 -0.000000 0.000000 0.000000 0.000000 0.000000 0.000000
980.091725 -0.010000 0.030000 -0.070000 -0.000000 0.000000 0.000000 0.000000 0.000000 0.000000 0.000000 0.000000
980.151792 -0.030000 -0.050000 0.040000 -0.000000 -0.000000 0.000000 0.000000 0.000000 0.000000 0.000000 0.000000
980.211004 0.050000 -0.010000 0.000000 0.000000 0.000000 0.000000 0.000000 0.000000 0.000000 0.000000 0.000000
980.271714 -0.030000 -0.010000 0.020000 -0.000000 -0.000000 -0.000000 0.000000 0.000000 0.000000 0.000000 0.000000
980.331495 -0.020000 -0.000000 0.020000 0.000000 0.000000 -0.000000 0.000000 0.000000 0.000000 0.000000 0.000000
980.391541 0.010000 -0.010000 -0.010000 -0.000000 -0.000000 -0.000000 0.000000 0.000000 0.000000 0.000000 0.000000
980.450975 0.010000 -0.000000 0.020000 -0.000000 -0.000000 0.000000 0.000000 0.000000 0.000000 0.000000 0.000000
980.511362 0.020000 -0.050000 0.010000 -0.000000 -0.000000 -0.000000 0.000000 0.000000 0.000000 0.000000 0.000000
980.571594 0.000000 -0.050000 0.000000 -0.000000 -0.000000 -0.000000 0.000000 0.000000 0.000000 0.000000 0.000000
980.630998 -0.020000 -0.020000 0.010000 0.000000 -0.000000 0.000000 0.000000 0.000000 0.000000 0.000000 0.000000
980.691421 0.010000 -0.010000 -0.010000 -0.000000 0.000000 0.000000 0.000000 0.000000 0.000000 0.000000 0.000000
980.750540 0.010000 0.040000 0.050000 -0.000000 -0.000000 0.000000 0.000000 0.000000 0.000000 0.000000 0.000000
980.810957 -0.020000 0.020000 -0.000000 -0.000000 -0.000000 -0.000000 0.000000 0.000000 0.000000 0.000000 0.000000
980.870900 0.040000 -0.030000 0.050000 -0.000000 -0.000000 -0.000000 0.000000 0.000000 0.000000 0.000000 0.000000
980.929760 -0.060000 0.010000 -0.000000 0.000000 -0.000000 0.000000 0.000000 0.000000 0.000000 0.000000 0.000000
980.989917 -0.040000 0.040000 -0.040000 0.000000 -0.000000 0.000000 0.000000 0.000000 0.000000 0.000000 0.000000
981.049331 0.010000 0.060000 -0.000000 0.000000 0.000000 0.000000 0.000000 0.000000 0.000000 0.000000 0.000000
981.109142 -0.010000 0.010000 0.020000 -0.000000 -0.000000 0.000000 0.000000 0.000000 0.000000 0.000000 0.000000
981.169002 0.080000 -0.030000 -0.000000 0.000000 0.000000 0.000000 0.000000 0.000000 0.000000 0.000000 0.000000
981.229912 -0.040000 -0.010000 -0.020000 -0.000000 -0.000000 0.000000 0.000000 0.000000 0.000000 0.000000 0.000000
981.289494 -0.040000 0.040000 -0.050000 0.000000 0.000000 -0.000000 0.000000 0.000000 0.000000 0.000000 0.000000
981.348527 0.010000 -0.020000 0.020000 0.000000 0.000000 -0.000000 0.000000 0.000000 0.000000 0.000000 0.000000
981.408593 0.020000 -0.020000 0.010000 0.000000 -0.000000 0.000000 0.000000 0.000000 0.000000 0.000000 0.000000
981.469126 -0.010000 -0.070000 0.040000 0.000000 -0.000000 -0.000000 0.000000 0.000000 0.000000 0.000000 0.000000
981.529465 -0.080000 -0.000000 -0.060000 -0.000000 -0.000000 -0.000000 0.000000 0.000000 0.000000 0.000000 0.000000
981.588195 0.040000 -0.040000 -0.030000 0.000000 -0.000000 0.000000 0.000000 0.000000 0.000000 0.000000 0.000000
981.647843 0.000000 0.010000 0.090000 0.000000 0.000000 0.000000 0.000000 0.000000 0.000000 0.000000 0.000000
981.708696 0.040000 0.010000 0.060000 0.000000 -0.000000 -0.000000 0.000000 0.000000 0.000000 0.000000 0.000000
981.768770 -0.010000 0.050000 -0.020000 -0.000000 -0.000000 -0.000000 0.000000 0.000000 0.000000 0.000000 0.000000
981.827554 -0.020000 0.010000 0.000000 0.000000 -0.000000 0.000000 0.000000 0.000000 0.000000 0.000000 0.000000
981.887790 -0.030000 -0.020000 -0.010000 0.000000 -0.000000 0.000000 0.000000 0.000000 0.000000 0.000000 0.000000
981.947462 0.060000 0.020000 -0.000000 0.000000 -0.000000 0.000000 0.000000 0.000000 0.000000 0.000000 0.000000
982.007908 0.030000 0.020000 -0.020000 0.000000 -0.000000 0.000000 0.000000 0.000000 0.000000 0.000000 0.000000
982.067628 -0.010000 0.010000 -0.010000 -0.000000 -0.000000 -0.000000 0.000000 0.000000 0.000000 0.000000 0.000000
982.128058 0.040000 0.020000 -0.050000 -0.000000 -0.000000 0.000000 0.000000 0.000000 0.000000 0.000000 0.000000
982.187968 0.020000 -0.050000 -0.050000 0.000000 -0.000000 -0.000000 0.000000 0.000000 0.000000 0.000000 0.000000
982.247631 -0.030000 -0.010000 0.020000 0.000000 -0.000000 -0.000000 0.000000 0.000000 0.000000 0.000000 0.000000
982.307461 -0.030000 -0.010000 0.030000 -0.000000 -0.000000 0.000000 0.000000 0.000000 0.000000 0.000000 0.000000
982.366704 0.040000 0.010000 0.060000 0.000000 -0.000000 -0.000000 0.000000 0.000000 0.000000 0.000000 0.000000
982.427362 -0.010000 -0.020000 -0.040000 0.000000 -0.000000 0.000000 0.000000 0.000000 0.000000 0.000000 0.000000
982.489930 -0.020000 -0.010000 -0.010000 -0.000000 0.000000 -0.000000 0.000000 0.000000 0.000000 0.000000 0.000000
982.546011 0.000000 0.030000 0.040000 0.000000 0.000000 0.000000 0.000000 0.000000 0.000000 0.000000 0.000000
982.606975 0.050000 0.010000 0.010000 -0.000000 0.000000 -0.000000 0.000000 0.000000 0.000000 0.000000 0.000000
982.667937 -0.040000 -0.020000 -0.070000 0.000000 0.000000 0.000000 0.000000 0.000000 0.000000 0.000000 0.000000
982.727043 -0.020000 -0.000000 -0.010000 0.000000 0.000000 -0.000000 0.000000 0.000000 0.000000 0.000000 0.000000
982.786765 0.040000 -0.000000 -0.060000 -0.000000 0.000000 0.000000 0.000000 0.000000 0.000000 0.000000 0.000000
982.845741 0.060000 0.010000 -0.070000 0.000000 0.000000 -0.000000 0.000000 0.000000 0.000000 0.000000 0.000000
982.906025 -0.020000 0.040000 -0.020000 0.000000 -0.000000 -0.000000 0.000000 0.000000 0.000000 0.000000 0.000000
982.965807 -0.020000 0.020000 0.010000 0.000000 -0.000000 -0.000000 0.000000 0.000000 0.000000 0.000000 0.000000
983.025778 0.000000 -0.060000 -0.000000 0.000000 0.000000 0.000000 0.000000 0.000000 0.000000 0.000000 0.000000
983.084971 0.020000 0.040000 -0.000000 -0.000000 0.000000 -0.000000 0.000000 0.000000 0.000000 0.000000 0.000000
983.145224 0.020000 0.050000 0.040000 -0.000000 -0.000000 0.000000 0.000000 0.000000 0.000000 0.000000 0.000000
983.205951 -0.010000 -0.030000 0.040000 0.000000 -0.000000 0.000000 0.000000 0.000000 0.000000 0.000000 0.000000
983.265220 -0.010000 -0.050000 0.070000 -0.000000 0.000000 -0.000000 0.000000 0.000000 0.000000 0.000000 0.000000
983.325354 -0.000000 -0.070000 -0.010000 -0.000000 0.000000 0.000000 0.000000 0.000000 0.000000 0.000000 0.000000
983.384420 -0.010000 0.070000 0.050000 -0.000000 -0.000000 0.000000 0.000000 0.000000 0.000000 0.000000 0.000000
983.445018 0.000000 -0.000000 -0.030000 0.000000 -0.000000 -0.000000 0.000000 0.000000 0.000000 0.000000 0.000000
983.504910 -0.020000 -0.020000 -0.000000 -0.000000 0.000000 0.000000 0.000000 0.000000 0.000000 0.000000 0.000000
983.564521 -0.010000 0.020000 0.040000 0.000000 0.000000 -0.000000 0.000000 0.000000 0.000000 0.000000 0.000000
983.624900 -0.030000 -0.000000 0.020000 -0.000000 -0.000000 0.000000 0.000000 0.000000 0.000000 0.000000 0.000000
983.684977 -0.020000 -0.000000 -0.050000 -0.000000 0.000000 -0.000000 0.000000 0.000000 0.000000 0.000000 0.000000
983.744003 -0.040000 0.060000 0.070000 -0.000000 0.000000 -0.000000 0.000000 0.000000 0.000000 0.000000 0.000000
983.804748 0.050000 0.020000 -0.020000 -0.000000 -0.000000 0.000000 0.000000 0.000000 0.000000 0.000000 0.000000
983.863787 -0.050000 0.020000 -0.020000 0.000000 -0.000000 -0.000000 0.000000 0.000000 0.000000 0.000000 0.000000
983.923415 0.060000 0.010000 -0.010000 0.000000 0.000000 -0.000000 0.000000 0.000000 0.000000 0.000000 0.000000
983.984208 -0.020000 -0.030000 -0.030000 -0.000000 -0.000000 -0.000000 0.000000 0.000000 0.000000 0.000000 0.000000
984.043237 0.070000 -0.050000 0.020000 -0.000000 0.000000 -0.000000 0.000000 0.000000 0.000000 0.000000 0.000000
984.103507 0.020000 -0.030000 -0.050000 -0.000000 -0.000000 0.000000 0.000000 0.000000 0.000000 0.000000 0.000000
984.163188 0.010000 0.040000 -0.010000 -0.000000 -0.000000 0.000000 0.000000 0.000000 0.000000 0.000000 0.000000
984.222570 0.020000 0.000000 0.010000 0.000000 0.000000 -0.000000 0.000000 0.000000 0.000000 0.000000 0.000000
984.282608 -0.040000 -0.050000 0.030000 0.000000 -0.000000 0.000000 0.000000 0.000000 0.000000 0.000000 0.000000
984.342864 -0.010000 -0.010000 -0.060000 0.000000 -0.000000 0.000000 0.000000 0.000000 0.000000 0.000000 0.000000
984.402668 0.030000 0.010000 -0.040000 -0.000000 -0.000000 -0.000000 0.000000 0.000000 0.000000 0.000000 0.000000
984.462370 -0.010000 0.010000 -0.080000 0.000000 0.000000 -0.000000 0.000000 0.000000 0.000000 0.000000 0.000000
984.522638 -0.010000 -0.040000 -0.050000 0.000000 -0.000000 -0.000000 0.000000 0.000000 0.000000 0.000000 0.000000
984.582108 -0.000000 0.030000 0.050000 0.000000 -0.000000 0.000000 0.000000 0.000000 0.000000 0.000000 0.000000
984.642214 -0.010000 0.020000 0.080000 -0.000000 -0.000000 -0.000000 0.000000 0.000000 0.000000 0.000000 0.000000
984.701572 -0.000000 0.010000 0.030000 0.000000 -0.000000 0.000000 0.000000 0.000000 0.000000 0.000000 0.000000
984.761916 -0.020000 0.010000 -0.010000 0.000000 -0.000000 0.000000 0.000000 0.000000 0.000000 0.000000 0.000000
984.823060 0.020000 0.020000 -0.060000 -0.000000 -0.000000 -0.000000 0.000000 0.000000 0.000000 0.000000 0.000000
984.881737 0.030000 0.020000 -0.070000 0.000000 -0.000000 0.000000 0.000000 0.000000 0.000000 0.000000 0.000000
984.942415 -0.010000 -0.040000 0.050000 0.000000 -0.000000 -0.000000 0.000000 0.000000 0.000000 0.000000 0.000000
985.001469 -0.060000 0.040000 0.030000 0.000000 0.000000 -0.000000 0.000000 0.000000 0.000000 0.000000 0.000000
985.061601 -0.040000 -0.010000 0.030000 -0.000000 0.000000 -0.000000 0.000000 0.000000 0.000000 0.000000 0.000000
985.120936 -0.010000 -0.030000 -0.010000 0.000000 0.000000 0.000000 0.000000 0.000000 0.000000 0.000000 0.000000
985.180143 0.020000 0.020000 0.040000 0.000000 -0.000000 0.000000 0.000000 0.000000 0.000000 0.000000 0.000000
985.240685 0.020000 0.010000 -0.030000 -0.000000 -0.000000 0.000000 0.000000 0.000000 0.000000 0.000000 0.000000
985.300614 -0.030000 0.050000 0.030000 -0.000000 -0.000000 0.000000 0.000000 0.000000 0.000000 0.000000 0.000000
985.360141 0.050000 0.040000 -0.030000 0.000000 0.000000 -0.000000 0.000000 0.000000 0.000000 0.000000 0.000000
985.420521 0.000000 0.040000 -0.010000 0.000000 -0.000000 0.000000 0.000000 0.000000 0.000000 0.000000 0.000000
985.480855 -0.020000 -0.050000 -0.000000 -0.000000 -0.000000 -0.000000 0.000000 0.000000 0.000000 0.000000 0.000000
985.540849 -0.020000 -0.030000 0.050000 -0.000000 -0.000000 -0.000000 0.000000 0.000000 0.000000 0.000000 0.000000
985.606464 -0.010000 -0.020000 0.010000 -0.000000 -0.000000 0.000000 0.000000 0.000000 0.000000 0.000000 0.000000
985.660459 -0.030000 -0.030000 -0.000000 -0.000000 -0.000000 0.000000 0.000000 0.000000 0.000000 0.000000 0.000000
985.719043 0.010000 0.010000 -0.030000 0.000000 0.000000 0.000000 0.000000 0.000000 0.000000 0.000000 0.000000
985.780395 -0.010000 -0.050000 0.040000 0.000000 -0.000000 0.000000 0.000000 0.000000 0.000000 0.000000 0.000000
985.839444 0.010000 0.030000 -0.010000 0.000000 -0.000000 -0.000000 0.000000 0.000000 0.000000 0.000000 0.000000
985.898841 0.000000 0.010000 0.050000 0.000000 -0.000000 0.000000 0.000000 0.000000 0.000000 0.000000 0.000000
985.958546 0.030000 0.040000 0.020000 -0.000000 -0.000000 0.000000 0.000000 0.000000 0.000000 0.000000 0.000000
986.019012 0.040000 0.070000 0.110000 0.000000 0.000000 -0.000000 0.000000 0.000000 0.000000 0.000000 0.000000
986.080450 0.020000 -0.040000 0.020000 0.000000 0.000000 -0.000000 0.000000 0.000000 0.000000 0.000000 0.000000
986.139262 0.030000 -0.060000 -0.060000 -0.000000 -0.000000 -0.000000 0.000000 0.000000 0.000000 0.000000 0.000000
986.198563 0.030000 0.010000 0.010000 0.000000 -0.000000 -0.000000 0.000000 0.000000 0.000000 0.000000 0.000000
986.258369 -0.010000 -0.010000 -0.020000 -0.000000 0.000000 0.000000 0.000000 0.000000 0.000000 0.000000 0.000000
986.320647 -0.030000 0.020000 -0.070000 0.000000 -0.000000 0.000000 0.000000 0.000000 0.000000 0.000000 0.000000
986.379091 -0.040000 -0.030000 -0.040000 -0.000000 -0.000000 0.000000 0.000000 0.000000 0.000000 0.000000 0.000000
986.438237 -0.020000 -0.000000 0.020000 -0.000000 0.000000 -0.000000 0.000000 0.000000 0.000000 0.000000 0.000000
986.497507 0.030000 0.020000 -0.030000 0.000000 0.000000 -0.000000 0.000000 0.000000 0.000000 0.000000 0.000000
986.557435 -0.020000 0.020000 0.020000 -0.000000 -0.000000 0.000000 0.000000 0.000000 0.000000 0.000000 0.000000
986.617255 -0.020000 0.040000 0.020000 -0.000000 -0.000000 0.000000 0.000000 0.000000 0.000000 0.000000 0.000000
986.677419 0.010000 -0.020000 -0.020000 -0.000000 0.000000 -0.000000 0.000000 0.000000 0.000000 0.000000 0.000000
986.738260 -0.000000 -0.050000 0.020000 0.000000 -0.000000 -0.000000 0.000000 0.000000 0.000000 0.000000 0.000000
986.797668 -0.000000 -0.010000 -0.010000 -0.000000 -0.000000 0.000000 0.000000 0.000000 0.000000 0.000000 0.000000
986.857196 0.010000 -0.030000 -0.010000 -0.000000 -0.000000 0.000000 0.000000 0.000000 0.000000 0.000000 0.000000
986.918592 0.050000 -0.020000 0.020000 -0.000000 0.000000 0.000000 0.000000 0.000000 0.000000 0.000000 0.000000
986.976755 0.010000 0.010000 0.000000 -0.000000 -0.000000 -0.000000 0.000000 0.000000 0.000000 0.000000 0.000000
987.036231 0.010000 0.020000 -0.050000 -0.000000 0.000000 0.000000 0.000000 0.000000 0.000000 0.000000 0.000000
987.097003 0.010000 0.020000 -0.030000 0.000000 0.000000 0.000000 0.000000 0.000000 0.000000 0.000000 0.000000
987.156258 -0.030000 0.030000 0.040000 0.000000 0.000000 -0.000000 0.000000 0.000000 0.000000 0.000000 0.000000
987.217565 -0.010000 0.050000 -0.080000 -0.000000 0.000000 -0.000000 0.000000 0.000000 0.000000 0.000000 0.000000
987.276402 -0.010000 0.030000 0.030000 -0.000000 -0.000000 -0.000000 0.000000 0.000000 0.000000 0.000000 0.000000
987.336042 0.020000 -0.010000 -0.060000 0.000000 0.000000 -0.000000 0.000000 0.000000 0.000000 0.000000 0.000000
987.396219 -0.010000 -0.010000 0.060000 0.000000 0.000000 -0.000000 0.000000 0.000000 0.000000 0.000000 0.000000
987.456338 0.010000 -0.050000 0.070000 -0.000000 0.000000 0.000000 0.000000 0.000000 0.000000 0.000000 0.000000
987.516246 -0.040000 -0.010000 -0.040000 0.000000 -0.000000 0.000000 0.000000 0.000000 0.000000 0.000000 0.000000
987.575620 -0.030000 -0.030000 -0.030000 0.000000 -0.000000 0.000000 0.000000 0.000000 0.000000 0.000000 0.000000
987.637477 -0.010000 -0.040000 0.000000 0.000000 -0.000000 -0.000000 0.000000 0.000000 0.000000 0.000000 0.000000
987.696653 -0.020000 -0.020000 0.030000 -0.000000 -0.000000 0.000000 0.000000 0.000000 0.000000 0.000000 0.000000
987.757085 -0.040000 -0.020000 0.030000 0.000000 -0.000000 0.000000 0.000000 0.000000 0.000000 0.000000 0.000000
987.814655 0.020000 0.020000 0.020000 -0.000000 -0.000000 0.000000 0.000000 0.000000 0.000000 0.000000 0.000000
987.875582 0.030000 -0.000000 -0.010000 0.000000 -0.000000 -0.000000 0.000000 0.000000 0.000000 0.000000 0.000000
987.934983 0.040000 -0.010000 0.080000 0.000000 -0.000000 -0.000000 0.000000 0.000000 0.000000 0.000000 0.000000
987.996680 0.050000 0.030000 -0.070000 0.000000 -0.000000 0.000000 0.000000 0.000000 0.000000 0.000000 0.000000
988.053580 0.010000 0.020000 0.020000 0.000000 0.000000 0.000000 0.000000 0.000000 0.000000 0.000000 0.000000
988.114460 0.010000 0.010000 -0.020000 -0.000000 0.000000 0.000000 0.000000 0.000000 0.000000 0.000000 0.000000
988.174190 -0.020000 0.050000 -0.020000 0.000000 -0.000000 -0.000000 0.000000 0.000000 0.000000 0.000000 0.000000
988.236064 -0.010000 -0.030000 0.050000 -0.000000 -0.000000 -0.000000 0.000000 0.000000 0.000000 0.000000 0.000000
988.294097 -0.010000 0.000000 -0.030000 0.000000 0.000000 -0.000000 0.000000 0.000000 0.000000 0.000000 0.000000
988.354081 -0.010000 0.010000 -0.020000 -0.000000 0.000000 -0.000000 0.000000 0.000000 0.000000 0.000000 0.000000
988.414430 -0.050000 -0.040000 -0.030000 -0.000000 0.000000 0.000000 0.000000 0.000000 0.000000 0.000000 0.000000
988.475522 -0.020000 -0.000000 -0.010000 -0.000000 0.000000 0.000000 0.000000 0.000000 0.000000 0.000000 0.000000
988.533038 0.010000 -0.020000 0.040000 0.000000 0.000000 0.000000 0.000000 0.000000 0.000000 0.000000 0.000000
988.593618 0.040000 -0.020000 -0.030000 -0.000000 0.000000 -0.000000 0.000000 0.000000 0.000000 0.000000 0.000000
988.653849 -0.010000 0.010000 -0.010000 0.000000 -0.000000 -0.000000 0.000000 0.000000 0.000000 0.000000 0.000000
988.712797 0.030000 -0.030000 0.020000 -0.000000 0.000000 -0.000000 0.000000 0.000000 0.000000 0.000000 0.000000
988.773568 -0.050000 -0.010000 -0.020000 0.000000 0.000000 -0.000000 0.000000 0.000000 0.000000 0.000000 0.000000
988.832781 0.030000 0.050000 0.030000 -0.000000 -0.000000 -0.000000 0.000000 0.000000 0.000000 0.000000 0.000000
988.892740 0.010000 0.010000 -0.030000 0.000000 -0.000000 0.000000 0.000000 0.000000 0.000000 0.000000 0.000000
988.952240 0.000000 0.040000 0.020000 -0.000000 -0.000000 -0.000000 0.000000 0.000000 0.000000 0.000000 0.000000
989.013524 0.010000 -0.010000 -0.080000 -0.000000 0.000000 -0.000000 0.000000 0.000000 0.000000 0.000000 0.000000
989.074710 -0.010000 -0.020000 -0.020000 -0.000000 0.000000 -0.000000 0.000000 0.000000 0.000000 0.000000 0.000000
989.133356 0.010000 0.030000 0.010000 0.000000 0.000000 -0.000000 0.000000 0.000000 0.000000 0.000000 0.000000
989.192208 -0.030000 0.000000 -0.020000 0.000000 0.000000 0.000000 0.000000 0.000000 0.000000 0.000000 0.000000
989.253803 0.000000 -0.000000 -0.020000 -0.000000 -0.000000 0.000000 0.000000 0.000000 0.000000 0.000000 0.000000
989.312222 -0.040000 0.000000 0.030000 -0.000000 -0.000000 0.000000 0.000000 0.000000 0.000000 0.000000 0.000000
989.371964 -0.040000 -0.010000 0.010000 0.000000 -0.000000 0.000000 0.000000 0.000000 0.000000 0.000000 0.000000
