774.056854 0.020000 -0.020000 -9.840000 0.000000 0.000000 -0.000000 0.000000 0.000000 0.000000 0.000000 0.000000
774.116364 0.240000 6.130000 -6.530000 0.250000 0.570000 0.290000 0.000000 0.000000 0.000000 0.000000 0.000000
774.177998 0.600000 -0.790000 -7.820000 -0.000000 -0.070000 0.080000 3.183481 0.029920 0.000000 10.000000 9.000000
774.238181 -0.130000 -0.070000 -6.430000 -0.070000 -0.040000 -0.040000 3.183481 0.029920 0.000000 10.000000 9.000000
774.299894 0.130000 -0.830000 -4.700000 -0.000000 0.040000 -0.110000 3.183481 0.029920 0.000000 10.000000 9.000000
774.358721 0.840000 -1.320000 -3.150000 0.010000 -0.030000 -0.110000 3.183481 0.029920 0.000000 10.000000 9.000000
774.418429 -0.140000 -1.950000 -2.910000 -0.060000 0.010000 0.070000 3.183481 0.029920 0.000000 10.000000 9.000000
774.479246 -0.200000 -0.380000 -2.350000 -0.020000 0.060000 0.010000 3.183481 0.029920 0.000000 10.000000 9.000000
774.539822 -0.440000 -0.750000 -0.810000 -0.060000 0.040000 -0.010000 3.183481 0.029920 0.000000 10.000000 9.000000
774.599649 -0.070000 -0.530000 0.740000 -0.140000 0.080000 -0.060000 3.183481 0.029920 0.000000 10.000000 9.000000
774.659656 0.100000 -0.430000 -0.800000 0.040000 0.030000 0.050000 3.183481 0.029920 0.000000 10.000000 9.000000
774.720110 0.360000 0.160000 -2.530000 0.080000 -0.010000 -0.010000 26.473154 0.119680 0.000000 81.000000 77.000000
774.781625 -0.390000 0.310000 -1.870000 -0.160000 -0.010000 -0.050000 26.473154 0.119680 0.000000 81.000000 77.000000
774.840386 -0.260000 0.230000 -1.010000 0.080000 0.010000 0.050000 26.473154 0.119680 0.000000 81.000000 77.000000
774.901537 -0.420000 -0.690000 0.200000 -0.040000 0.030000 0.040000 26.473154 0.119680 0.000000 81.000000 77.000000
774.961889 0.880000 0.480000 0.160000 0.000000 -0.070000 -0.030000 26.473154 0.119680 0.000000 81.000000 77.000000
775.022502 -0.460000 -0.110000 1.470000 0.080000 -0.080000 -0.010000 26.473154 0.119680 0.000000 81.000000 77.000000
775.083072 -0.370000 -0.810000 -0.550000 -0.010000 0.050000 0.050000 26.473154 0.119680 0.000000 81.000000 77.000000
775.143794 -0.110000 -0.030000 -0.450000 0.030000 -0.030000 -0.020000 26.473154 0.119680 0.000000 81.000000 77.000000
775.202907 1.350000 0.170000 0.170000 -0.020000 0.060000 0.020000 27.981119 0.149600 0.000000 86.000000 81.000000
775.264325 -0.350000 -1.060000 0.980000 -0.070000 -0.020000 0.100000 27.981119 0.149600 0.000000 86.000000 81.000000
775.324638 -0.060000 -0.500000 -0.870000 0.100000 -0.060000 -0.020000 27.981119 0.149600 0.000000 86.000000 81.000000
775.384069 0.140000 1.440000 -0.100000 -0.260000 0.010000 -0.040000 27.981119 0.149600 0.000000 86.000000 81.000000
775.445391 7.200000 -1.300000 67.670000 0.220000 -0.060000 0.030000 27.981119 0.149600 0.000000 86.000000 81.000000
775.505246 -0.290000 -0.530000 -6.210000 0.010000 -0.000000 0.050000 27.981119 0.149600 0.000000 86.000000 81.000000
775.565223 -0.140000 0.400000 -8.650000 0.030000 0.020000 -0.110000 27.981119 0.149600 0.000000 86.000000 81.000000
775.625988 -1.170000 -0.060000 -8.310000 0.130000 0.010000 0.110000 27.981119 0.149600 0.000000 86.000000 81.000000
775.686083 -0.680000 0.100000 -8.380000 -0.090000 0.080000 0.010000 28.148670 0.119680 0.000000 86.000000 82.000000
775.747492 -0.650000 -0.180000 -6.340000 -0.040000 -0.030000 -0.080000 28.148670 0.119680 0.000000 86.000000 82.000000
775.807979 -0.590000 0.590000 -6.160000 -0.220000 0.040000 0.030000 28.148670 0.119680 0.000000 86.000000 82.000000
775.867105 -1.800000 0.600000 -7.050000 0.030000 0.040000 0.120000 28.148670 0.119680 0.000000 86.000000 82.000000
775.927585 -0.790000 -0.250000 -9.360000 0.060000 -0.030000 -0.040000 28.148670 0.119680 0.000000 86.000000 82.000000
775.987959 -0.380000 0.980000 -8.900000 -0.090000 0.030000 -0.040000 28.148670 0.119680 0.000000 86.000000 82.000000
776.048325 -0.250000 -0.410000 0.390000 0.050000 -0.040000 0.110000 28.148670 0.119680 0.000000 86.000000 82.000000
776.108139 -0.520000 -0.280000 0.760000 0.020000 0.010000 0.030000 28.148670 0.119680 0.000000 86.000000 82.000000
776.169249 0.450000 1.190000 -0.250000 0.040000 -0.020000 -0.040000 28.148670 0.119680 0.000000 86.000000 82.000000
776.229894 -0.390000 0.040000 0.520000 0.090000 -0.050000 0.050000 28.483773 0.000000 0.000000 85.000000 85.000000
776.290853 -0.210000 -0.360000 0.310000 -0.050000 -0.040000 -0.020000 28.483773 0.000000 0.000000 85.000000 85.000000
776.349907 -0.930000 -0.410000 0.420000 0.000000 -0.070000 0.030000 28.483773 0.000000 0.000000 85.000000 85.000000
776.411188 0.320000 0.090000 1.230000 -0.050000 0.100000 0.060000 28.483773 0.000000 0.000000 85.000000 85.000000
776.470247 -1.120000 -0.410000 -0.810000 0.000000 -0.010000 0.080000 28.483773 0.000000 0.000000 85.000000 85.000000
776.531553 -0.290000 -0.360000 -1.640000 0.070000 -0.020000 -0.010000 28.483773 0.000000 0.000000 85.000000 85.000000
776.592155 0.570000 1.710000 0.650000 -0.250000 -0.040000 -0.020000 28.483773 0.000000 0.000000 85.000000 85.000000
776.651708 -0.290000 0.750000 -0.140000 0.160000 -0.090000 0.050000 28.483773 0.000000 0.000000 85.000000 85.000000
776.711312 -0.210000 -1.190000 1.080000 0.000000 0.100000 0.040000 28.148670 0.059840 0.000000 85.000000 83.000000
776.773577 0.640000 1.080000 -1.650000 0.060000 0.040000 -0.060000 28.148670 0.059840 0.000000 85.000000 83.000000
776.833265 0.520000 -0.290000 -1.200000 0.190000 -0.070000 -0.020000 28.148670 0.059840 0.000000 85.000000 83.000000
776.893969 -0.110000 -0.130000 -0.280000 -0.030000 -0.020000 0.060000 28.148670 0.059840 0.000000 85.000000 83.000000
776.956238 -0.030000 0.260000 1.330000 -0.010000 -0.010000 -0.030000 28.148670 0.059840 0.000000 85.000000 83.000000
777.012992 0.060000 0.170000 0.240000 -0.190000 0.100000 0.050000 28.148670 0.059840 0.000000 85.000000 83.000000
777.075422 1.200000 -2.450000 1.640000 -0.100000 0.190000 0.600000 28.148670 0.059840 0.000000 85.000000 83.000000
777.135920 0.020000 -0.780000 -1.110000 0.090000 0.160000 1.400000 28.148670 0.059840 0.000000 85.000000 83.000000
777.196195 -0.880000 0.500000 -2.350000 0.070000 0.190000 2.060000 21.949261 -0.568479 0.000000 56.000000 75.000000
777.254302 0.340000 1.400000 0.790000 -0.370000 0.280000 10.300000 21.949261 -0.568479 0.000000 56.000000 75.000000
777.315038 0.540000 0.700000 0.700000 -0.030000 0.070000 2.880000 21.949261 -0.568479 0.000000 56.000000 75.000000
777.376189 0.350000 0.380000 -0.110000 -0.040000 0.070000 3.030000 21.949261 -0.568479 0.000000 56.000000 75.000000
777.436042 -0.350000 0.060000 0.200000 -0.030000 0.090000 3.110000 21.949261 -0.568479 0.000000 56.000000 75.000000
777.497070 -0.290000 0.060000 0.200000 -0.070000 0.060000 3.270000 21.949261 -0.568479 0.000000 56.000000 75.000000
777.555217 -0.040000 0.980000 0.380000 -0.010000 0.110000 3.150000 21.949261 -0.568479 0.000000 56.000000 75.000000
777.615536 0.280000 0.600000 -0.270000 -0.050000 0.070000 3.120000 21.949261 -0.568479 0.000000 56.000000 75.000000
777.676369 5.780000 6.470000 -9.520000 3.890000 -0.020000 -1.330000 1.005310 -2.932153 0.000000 -46.000000 52.000000
777.737111 -0.530000 -0.940000 1.550000 -0.070000 0.060000 3.180000 1.005310 -2.932153 0.000000 -46.000000 52.000000
777.797909 -0.970000 -1.020000 1.250000 -0.030000 0.080000 3.170000 1.005310 -2.932153 0.000000 -46.000000 52.000000
777.858710 -0.680000 -1.010000 1.820000 -0.080000 0.080000 3.220000 1.005310 -2.932153 0.000000 -46.000000 52.000000
777.917194 -0.750000 -0.580000 0.500000 -0.060000 0.070000 3.300000 1.005310 -2.932153 0.000000 -46.000000 52.000000
777.977958 -0.620000 -0.790000 1.510000 -0.050000 0.060000 3.360000 1.005310 -2.932153 0.000000 -46.000000 52.000000
778.038247 -1.000000 -0.130000 -0.930000 -0.050000 0.070000 3.270000 1.005310 -2.932153 0.000000 -46.000000 52.000000
778.098473 -0.380000 -0.570000 1.350000 -0.070000 0.060000 3.140000 1.005310 -2.932153 0.000000 -46.000000 52.000000
778.159649 -0.710000 -0.620000 0.200000 -0.040000 0.080000 3.040000 1.005310 -2.932153 0.000000 -46.000000 52.000000
778.218856 -0.320000 -0.910000 1.850000 -0.050000 0.040000 3.130000 0.670206 -3.111673 0.000000 -50.000000 54.000000
778.280121 -0.120000 0.210000 -0.510000 -0.010000 0.070000 3.190000 0.670206 -3.111673 0.000000 -50.000000 54.000000
778.341920 0.210000 -0.230000 0.370000 -0.060000 0.050000 3.210000 0.670206 -3.111673 0.000000 -50.000000 54.000000
778.398629 0.020000 -0.010000 0.040000 0.000000 0.070000 3.150000 0.670206 -3.111673 0.000000 -50.000000 54.000000
778.459218 0.220000 -0.110000 0.730000 -0.100000 0.060000 3.150000 0.670206 -3.111673 0.000000 -50.000000 54.000000
778.522379 -0.060000 0.320000 0.380000 -0.020000 0.080000 3.180000 0.670206 -3.111673 0.000000 -50.000000 54.000000
778.580271 0.450000 -0.280000 0.890000 -0.050000 0.060000 3.170000 0.670206 -3.111673 0.000000 -50.000000 54.000000
778.641846 0.390000 -0.100000 -0.910000 -0.020000 0.090000 3.120000 0.670206 -3.111673 0.000000 -50.000000 54.000000
778.702574 0.380000 -0.430000 0.080000 -0.040000 0.060000 3.120000 0.335103 -3.111673 0.000000 -51.000000 53.000000
778.762044 -0.570000 -0.140000 0.080000 -0.050000 0.080000 3.250000 0.335103 -3.111673 0.000000 -51.000000 53.000000
778.823521 -0.160000 -0.010000 -0.180000 -0.020000 0.080000 3.310000 0.335103 -3.111673 0.000000 -51.000000 53.000000
778.884700 -0.060000 -0.010000 0.420000 -0.030000 0.090000 3.260000 0.335103 -3.111673 0.000000 -51.000000 53.000000
778.943969 -0.070000 0.190000 -0.690000 -0.030000 0.080000 3.270000 0.335103 -3.111673 0.000000 -51.000000 53.000000
779.002283 0.110000 -0.140000 0.090000 -0.100000 0.070000 3.220000 0.335103 -3.111673 0.000000 -51.000000 53.000000
779.063182 -0.440000 0.430000 0.240000 -0.040000 0.050000 3.290000 0.335103 -3.111673 0.000000 -51.000000 53.000000
779.126272 0.090000 -0.260000 -0.130000 -0.070000 0.060000 3.280000 0.335103 -3.111673 0.000000 -51.000000 53.000000
779.182991 0.520000 -0.250000 0.490000 -0.000000 0.100000 3.210000 0.167552 -3.141593 0.000000 -52.000000 53.000000
779.244045 0.130000 -0.310000 0.310000 -0.040000 0.040000 3.180000 0.167552 -3.141593 0.000000 -52.000000 53.000000
779.304697 0.300000 -0.220000 -0.400000 -0.040000 0.080000 3.220000 0.167552 -3.141593 0.000000 -52.000000 53.000000
779.364488 -0.260000 0.470000 -0.430000 -0.030000 0.070000 3.330000 0.167552 -3.141593 0.000000 -52.000000 53.000000
779.426578 0.180000 0.300000 0.230000 -0.050000 0.060000 3.300000 0.167552 -3.141593 0.000000 -52.000000 53.000000
779.486712 -0.110000 0.320000 0.280000 0.020000 0.100000 3.220000 0.167552 -3.141593 0.000000 -52.000000 53.000000
779.545115 0.050000 0.230000 -0.440000 -0.010000 0.080000 3.110000 0.167552 -3.141593 0.000000 -52.000000 53.000000
779.606119 0.320000 -0.300000 0.230000 -0.040000 0.060000 3.030000 0.167552 -3.141593 0.000000 -52.000000 53.000000
779.666303 -0.560000 -0.440000 -0.210000 -0.060000 0.060000 3.170000 0.167552 -3.141593 0.000000 -52.000000 53.000000
779.725956 0.090000 -0.400000 1.220000 -0.040000 0.080000 3.180000 0.502655 -3.141593 0.000000 -51.000000 54.000000
779.787360 0.340000 -0.330000 -0.080000 -0.070000 0.080000 3.160000 0.502655 -3.141593 0.000000 -51.000000 54.000000
779.846731 -0.290000 0.150000 0.200000 -0.030000 0.100000 3.150000 0.502655 -3.141593 0.000000 -51.000000 54.000000
779.907041 -0.210000 -0.120000 -0.530000 -0.060000 0.070000 3.270000 0.502655 -3.141593 0.000000 -51.000000 54.000000
779.967136 -0.060000 -0.090000 0.230000 -0.040000 0.070000 3.190000 0.502655 -3.141593 0.000000 -51.000000 54.000000
780.029198 -0.100000 -0.180000 -0.700000 -0.020000 -0.100000 -0.040000 0.502655 -3.141593 0.000000 -51.000000 54.000000
780.088156 0.190000 -0.410000 0.310000 -0.050000 0.090000 3.100000 0.502655 -3.141593 0.000000 -51.000000 54.000000
780.148854 0.100000 0.320000 -0.480000 -0.060000 0.040000 3.150000 0.502655 -3.141593 0.000000 -51.000000 54.000000
780.208589 -0.380000 -0.080000 0.190000 -0.050000 0.070000 3.320000 0.502655 -3.081753 0.000000 -50.000000 53.000000
780.268328 0.020000 0.290000 0.400000 -0.070000 0.040000 3.310000 0.502655 -3.081753 0.000000 -50.000000 53.000000
780.329998 -0.110000 0.100000 0.650000 -0.050000 0.060000 3.140000 0.502655 -3.081753 0.000000 -50.000000 53.000000
780.388832 0.040000 0.500000 -0.900000 -0.030000 0.090000 3.110000 0.502655 -3.081753 0.000000 -50.000000 53.000000
780.450892 -0.060000 0.290000 0.760000 -0.050000 0.080000 3.040000 0.502655 -3.081753 0.000000 -50.000000 53.000000
780.509921 -0.030000 -0.050000 -1.400000 -0.030000 0.050000 3.150000 0.502655 -3.081753 0.000000 -50.000000 53.000000
780.569846 -0.060000 -0.170000 0.330000 -0.060000 0.050000 3.160000 0.502655 -3.081753 0.000000 -50.000000 53.000000
780.630630 -0.330000 0.210000 -0.410000 -0.060000 0.080000 3.260000 0.502655 -3.081753 0.000000 -50.000000 53.000000
780.689851 0.390000 0.620000 0.090000 -0.030000 0.060000 3.130000 0.670206 -3.111673 0.000000 -50.000000 54.000000
780.750517 0.270000 0.140000 -1.010000 -0.000000 0.100000 3.130000 0.670206 -3.111673 0.000000 -50.000000 54.000000
780.812735 0.180000 0.040000 -0.070000 -0.040000 0.070000 3.080000 0.670206 -3.111673 0.000000 -50.000000 54.000000
780.871018 0.080000 -0.160000 0.310000 -0.000000 0.090000 3.100000 0.670206 -3.111673 0.000000 -50.000000 54.000000
780.931355 0.380000 -0.390000 0.670000 -0.060000 0.080000 3.160000 0.670206 -3.111673 0.000000 -50.000000 54.000000
780.993173 -0.060000 -0.000000 -0.230000 -0.010000 0.100000 3.230000 0.670206 -3.111673 0.000000 -50.000000 54.000000
781.052892 -0.100000 0.040000 0.090000 -0.050000 0.080000 3.230000 0.670206 -3.111673 0.000000 -50.000000 54.000000
781.112377 -0.400000 0.270000 0.400000 -0.050000 0.060000 3.190000 0.670206 -3.111673 0.000000 -50.000000 54.000000
781.173729 -0.020000 -0.040000 0.030000 -0.070000 0.060000 3.220000 0.335103 -3.111673 0.000000 -51.000000 53.000000
781.233342 0.140000 0.260000 -0.060000 -0.030000 0.090000 3.180000 0.335103 -3.111673 0.000000 -51.000000 53.000000
781.293925 0.150000 -0.330000 -0.110000 -0.060000 0.060000 3.290000 0.335103 -3.111673 0.000000 -51.000000 53.000000
781.354235 -0.150000 -0.690000 -0.310000 -0.060000 0.070000 3.210000 0.335103 -3.111673 0.000000 -51.000000 53.000000
781.415040 -0.250000 -0.610000 -0.230000 -0.080000 0.060000 3.180000 0.335103 -3.111673 0.000000 -51.000000 53.000000
781.474894 0.150000 0.030000 0.500000 -0.030000 0.090000 3.140000 0.335103 -3.111673 0.000000 -51.000000 53.000000
781.536280 -0.070000 0.830000 -0.440000 -0.040000 0.080000 3.090000 0.335103 -3.111673 0.000000 -51.000000 53.000000
781.595079 0.090000 0.360000 0.490000 -0.020000 0.090000 3.030000 0.335103 -3.111673 0.000000 -51.000000 53.000000
781.657549 0.080000 -0.150000 -0.070000 -0.060000 0.070000 2.980000 0.335103 -3.111673 0.000000 -51.000000 53.000000
781.715418 0.200000 -0.010000 0.080000 -0.010000 0.090000 3.050000 0.670206 -3.111673 0.000000 -50.000000 54.000000
781.776469 -0.170000 -0.350000 0.710000 -0.060000 0.070000 3.170000 0.670206 -3.111673 0.000000 -50.000000 54.000000
781.837214 0.060000 -0.270000 -0.260000 -0.040000 0.060000 3.140000 0.670206 -3.111673 0.000000 -50.000000 54.000000
781.896541 -0.370000 -0.070000 0.330000 -0.050000 0.070000 3.180000 0.670206 -3.111673 0.000000 -50.000000 54.000000
781.956507 -0.160000 -0.080000 0.260000 -0.080000 0.050000 3.180000 0.670206 -3.111673 0.000000 -50.000000 54.000000
782.017518 -0.350000 0.290000 0.980000 -0.020000 0.080000 3.090000 0.670206 -3.111673 0.000000 -50.000000 54.000000
782.077345 0.560000 0.070000 -0.650000 -0.030000 0.080000 3.050000 0.670206 -3.111673 0.000000 -50.000000 54.000000
782.137846 -0.350000 -0.200000 0.100000 -0.030000 0.090000 3.040000 0.670206 -3.111673 0.000000 -50.000000 54.000000
782.198398 -0.160000 -0.400000 -0.480000 -0.100000 0.070000 3.210000 0.837758 -3.081753 0.000000 -49.000000 54.000000
782.260369 -0.420000 0.320000 0.410000 -0.030000 0.080000 3.300000 0.837758 -3.081753 0.000000 -49.000000 54.000000
782.318155 -0.230000 0.480000 -1.680000 -0.100000 0.060000 3.290000 0.837758 -3.081753 0.000000 -49.000000 54.000000
782.378836 -0.360000 0.090000 1.540000 -0.050000 0.030000 3.150000 0.837758 -3.081753 0.000000 -49.000000 54.000000
782.439599 0.260000 0.470000 -1.180000 -0.090000 0.080000 3.090000 0.837758 -3.081753 0.000000 -49.000000 54.000000
782.536735 0.250000 0.480000 0.310000 -0.040000 0.060000 3.110000 0.837758 -3.081753 0.000000 -49.000000 54.000000
782.571822 0.070000 -0.440000 -0.580000 -0.050000 0.060000 3.180000 0.837758 -3.081753 0.000000 -49.000000 54.000000
782.620196 -0.090000 -0.610000 0.210000 -0.030000 0.100000 3.230000 0.837758 -3.081753 0.000000 -49.000000 54.000000
782.679861 0.210000 0.050000 -0.670000 -0.040000 0.060000 3.200000 0.335103 -3.111673 0.000000 -51.000000 53.000000
782.739974 0.210000 0.340000 0.210000 -0.070000 0.060000 3.180000 0.335103 -3.111673 0.000000 -51.000000 53.000000
782.801496 -0.190000 0.000000 -0.190000 -0.080000 0.050000 3.180000 0.335103 -3.111673 0.000000 -51.000000 53.000000
782.860127 0.240000 0.340000 -0.040000 0.000000 0.100000 3.190000 0.335103 -3.111673 0.000000 -51.000000 53.000000
782.919907 0.360000 -0.370000 -0.270000 -0.050000 0.070000 3.180000 0.335103 -3.111673 0.000000 -51.000000 53.000000
782.979565 49.900000 52.500000 -8.620000 5.330000 -0.020000 -1.330000 0.335103 -3.111673 0.000000 -51.000000 53.000000
783.041556 -5.760000 -6.040000 0.710000 -0.080000 0.050000 3.180000 0.335103 -3.111673 0.000000 -51.000000 53.000000
783.100327 -5.510000 -5.400000 1.260000 -0.010000 0.120000 3.260000 0.335103 -3.111673 0.000000 -51.000000 53.000000
783.160336 -5.220000 -5.860000 0.430000 -0.020000 0.080000 3.170000 0.335103 -3.111673 0.000000 -51.000000 53.000000
783.220926 -5.380000 -6.040000 1.320000 -0.040000 0.050000 3.130000 0.502655 -3.141593 0.000000 -51.000000 54.000000
783.283213 -5.760000 -5.880000 0.740000 -0.050000 0.080000 3.160000 0.502655 -3.141593 0.000000 -51.000000 54.000000
783.340885 -5.370000 -5.960000 1.810000 -0.070000 0.070000 3.260000 0.502655 -3.141593 0.000000 -51.000000 54.000000
783.401226 -5.460000 -5.980000 0.830000 -0.010000 0.120000 3.270000 0.502655 -3.141593 0.000000 -51.000000 54.000000
783.462331 -5.380000 -5.990000 0.960000 -0.070000 0.050000 3.130000 0.502655 -3.141593 0.000000 -51.000000 54.000000
783.521931 -5.820000 -5.900000 0.500000 -0.010000 0.090000 3.130000 0.502655 -3.141593 0.000000 -51.000000 54.000000
783.582615 0.210000 0.410000 0.160000 -0.090000 0.060000 3.130000 0.502655 -3.141593 0.000000 -51.000000 54.000000
783.642742 -0.570000 0.210000 -0.120000 -0.030000 0.100000 3.120000 0.502655 -3.141593 0.000000 -51.000000 54.000000
783.702684 0.160000 0.100000 -0.040000 -0.040000 0.100000 3.110000 0.502655 -3.081753 0.000000 -50.000000 53.000000
783.761595 0.290000 -0.310000 -0.070000 -0.050000 0.050000 3.010000 0.502655 -3.081753 0.000000 -50.000000 53.000000
783.821643 -0.350000 -0.350000 0.300000 -0.030000 0.060000 3.120000 0.502655 -3.081753 0.000000 -50.000000 53.000000
783.882374 -0.010000 -0.360000 0.310000 -0.080000 0.050000 3.290000 0.502655 -3.081753 0.000000 -50.000000 53.000000
783.941977 -0.240000 0.250000 0.480000 -0.010000 0.100000 3.310000 0.502655 -3.081753 0.000000 -50.000000 53.000000
784.002870 -0.190000 -0.030000 -0.010000 -0.040000 0.030000 3.190000 0.502655 -3.081753 0.000000 -50.000000 53.000000
784.063716 -0.070000 0.460000 -0.070000 -0.010000 0.070000 3.120000 0.502655 -3.081753 0.000000 -50.000000 53.000000
784.123396 -0.070000 -0.040000 -0.150000 -0.040000 0.050000 3.060000 0.502655 -3.081753 0.000000 -50.000000 53.000000
784.183399 -0.220000 0.040000 0.100000 -0.030000 0.090000 3.170000 0.670206 -3.051833 0.000000 -49.000000 53.000000
784.243750 -0.140000 -0.040000 0.430000 -0.070000 0.040000 3.190000 0.670206 -3.051833 0.000000 -49.000000 53.000000
784.304213 0.080000 -0.040000 -0.860000 -0.010000 0.090000 3.140000 0.670206 -3.051833 0.000000 -49.000000 53.000000
784.364219 0.280000 0.010000 1.330000 -0.060000 0.050000 3.200000 0.670206 -3.051833 0.000000 -49.000000 53.000000
784.424690 -0.450000 -0.030000 -0.800000 -0.040000 0.080000 3.170000 0.670206 -3.051833 0.000000 -49.000000 53.000000
784.484505 0.270000 0.200000 0.740000 -0.080000 0.060000 3.100000 0.670206 -3.051833 0.000000 -49.000000 53.000000
784.545926 -0.010000 0.390000 -0.500000 -0.060000 0.060000 3.130000 0.670206 -3.051833 0.000000 -49.000000 53.000000
784.605723 0.580000 0.180000 0.290000 -0.020000 0.070000 3.120000 0.670206 -3.051833 0.000000 -49.000000 53.000000
784.666150 -0.030000 -0.240000 -0.650000 -0.040000 0.050000 3.130000 0.670206 -3.051833 0.000000 -49.000000 53.000000
784.726447 0.220000 -0.780000 0.500000 -0.090000 0.070000 3.210000 0.335103 -3.051833 0.000000 -50.000000 52.000000
784.786332 -0.370000 -0.260000 0.070000 -0.090000 0.080000 3.260000 0.335103 -3.051833 0.000000 -50.000000 52.000000
784.846014 0.550000 0.550000 0.140000 -0.050000 0.080000 3.250000 0.335103 -3.051833 0.000000 -50.000000 52.000000
784.906713 -0.310000 0.380000 -0.490000 -0.010000 0.080000 3.290000 0.335103 -3.051833 0.000000 -50.000000 52.000000
784.967249 0.030000 0.240000 -0.150000 -0.050000 0.070000 3.180000 0.335103 -3.051833 0.000000 -50.000000 52.000000
785.026713 0.050000 0.130000 0.110000 -0.040000 0.060000 3.140000 0.335103 -3.051833 0.000000 -50.000000 52.000000
785.088060 0.170000 -0.780000 -0.220000 -0.070000 0.080000 3.220000 0.335103 -3.051833 0.000000 -50.000000 52.000000
785.147347 -0.070000 -0.170000 0.630000 -0.030000 0.070000 3.280000 0.335103 -3.051833 0.000000 -50.000000 52.000000
785.207680 0.250000 -0.050000 -0.340000 -0.030000 0.060000 3.280000 0.837758 -3.201433 0.000000 -51.000000 56.000000
785.267823 0.160000 0.150000 0.390000 -0.060000 0.080000 3.340000 0.837758 -3.201433 0.000000 -51.000000 56.000000
785.328016 -0.540000 0.360000 -0.700000 -0.050000 0.060000 3.250000 0.837758 -3.201433 0.000000 -51.000000 56.000000
785.387707 0.190000 -0.350000 0.770000 -0.080000 0.050000 3.130000 0.837758 -3.201433 0.000000 -51.000000 56.000000
785.448522 -0.010000 0.410000 -0.480000 0.020000 0.070000 3.030000 0.837758 -3.201433 0.000000 -51.000000 56.000000
785.509450 0.270000 -0.080000 0.530000 -0.030000 0.070000 2.940000 0.837758 -3.201433 0.000000 -51.000000 56.000000
785.570247 -0.270000 -0.560000 -1.210000 -0.070000 0.070000 2.990000 0.837758 -3.201433 0.000000 -51.000000 56.000000
785.629982 -0.320000 0.050000 0.630000 -0.000000 0.100000 3.090000 0.837758 -3.201433 0.000000 -51.000000 56.000000
785.689492 -0.130000 0.200000 -0.610000 -0.110000 0.050000 3.140000 0.335103 -3.051833 0.000000 -50.000000 52.000000
785.750345 -0.240000 0.600000 -0.150000 -0.010000 0.100000 3.030000 0.335103 -3.051833 0.000000 -50.000000 52.000000
785.810194 0.280000 0.550000 -0.390000 -0.050000 0.100000 3.080000 0.335103 -3.051833 0.000000 -50.000000 52.000000
785.871354 0.130000 -0.350000 0.180000 -0.060000 0.070000 3.200000 0.335103 -3.051833 0.000000 -50.000000 52.000000
785.931016 0.090000 -0.630000 0.780000 -0.040000 0.090000 3.220000 0.335103 -3.051833 0.000000 -50.000000 52.000000
785.990869 0.040000 -0.880000 -0.110000 0.010000 0.050000 1.970000 0.335103 -3.051833 0.000000 -50.000000 52.000000
786.051551 0.040000 2.840000 0.770000 -0.080000 -0.130000 1.370000 0.335103 -3.051833 0.000000 -50.000000 52.000000
786.111648 0.690000 -0.910000 -0.070000 0.020000 0.000000 0.790000 0.335103 -3.051833 0.000000 -50.000000 52.000000
786.172638 -0.160000 -0.250000 -0.330000 0.000000 0.010000 -0.010000 0.502655 -2.184155 0.000000 -35.000000 38.000000
786.232564 -0.450000 -0.550000 -0.010000 0.010000 -0.000000 -0.010000 0.502655 -2.184155 0.000000 -35.000000 38.000000
786.291755 -0.200000 -0.270000 0.000000 -0.000000 0.000000 0.000000 0.502655 -2.184155 0.000000 -35.000000 38.000000
786.352532 -0.300000 -0.410000 -0.090000 0.000000 -0.000000 0.000000 0.502655 -2.184155 0.000000 -35.000000 38.000000
786.413210 -0.210000 -0.170000 -0.020000 0.000000 -0.000000 -0.000000 0.502655 -2.184155 0.000000 -35.000000 38.000000
786.472034 -0.250000 -0.280000 0.010000 -0.000000 0.000000 0.000000 0.502655 -2.184155 0.000000 -35.000000 38.000000
786.533128 -0.200000 -0.180000 0.060000 0.000000 -0.000000 -0.000000 0.502655 -2.184155 0.000000 -35.000000 38.000000
786.592605 -0.130000 -0.380000 -0.070000 -0.000000 0.000000 -0.000000 0.502655 -2.184155 0.000000 -35.000000 38.000000
786.652342 -0.090000 0.140000 0.020000 -0.000000 0.000000 0.000000 0.502655 -2.184155 0.000000 -35.000000 38.000000
786.712346 -0.110000 -0.130000 -0.030000 0.000000 -0.000000 0.000000 0.000000 0.000000 0.000000 0.000000 0.000000
786.770853 -0.000000 0.070000 0.030000 0.000000 0.000000 0.000000 0.000000 0.000000 0.000000 0.000000 0.000000
786.830704 -0.080000 -0.080000 0.030000 0.000000 0.000000 0.000000 0.000000 0.000000 0.000000 0.000000 0.000000
786.891206 -0.060000 0.090000 0.010000 0.000000 -0.000000 -0.000000 0.000000 0.000000 0.000000 0.000000 0.000000
786.950197 -0.040000 0.010000 -0.060000 0.000000 0.000000 0.000000 0.000000 0.000000 0.000000 0.000000 0.000000
787.010685 -0.050000 0.120000 0.000000 -0.000000 -0.000000 -0.000000 0.000000 0.000000 0.000000 0.000000 0.000000
787.071206 0.030000 -0.080000 0.040000 -0.000000 -0.000000 -0.000000 0.000000 0.000000 0.000000 0.000000 0.000000
787.130372 -0.050000 0.090000 0.040000 0.000000 -0.000000 -0.000000 0.000000 0.000000 0.000000 0.000000 0.000000
787.190722 -0.070000 -0.020000 0.010000 -0.000000 0.000000 -0.000000 0.000000 0.000000 0.000000 0.000000 0.000000
787.249844 0.030000 0.040000 0.050000 -0.000000 -0.000000 -0.000000 0.000000 0.000000 0.000000 0.000000 0.000000
787.309957 -0.050000 -0.030000 -0.020000 0.000000 0.000000 0.000000 0.000000 0.000000 0.000000 0.000000 0.000000
787.369823 0.020000 0.010000 -0.030000 -0.000000 0.000000 0.000000 0.000000 0.000000 0.000000 0.000000 0.000000
787.429541 0.100000 -0.100000 -0.020000 0.000000 0.000000 -0.000000 0.000000 0.000000 0.000000 0.000000 0.000000
787.488998 -0.030000 0.020000 -0.040000 0.000000 0.000000 0.000000 0.000000 0.000000 0.000000 0.000000 0.000000
787.549690 -0.020000 -0.040000 -0.030000 -0.000000 -0.000000 -0.000000 0.000000 0.000000 0.000000 0.000000 0.000000
787.609554 -0.030000 0.090000 -0.010000 0.000000 -0.000000 0.000000 0.000000 0.000000 0.000000 0.000000 0.000000
787.669575 0.050000 -0.060000 -0.050000 0.000000 0.000000 -0.000000 0.000000 0.000000 0.000000 0.000000 0.000000
787.729483 -0.010000 -0.000000 -0.060000 0.000000 -0.000000 0.000000 0.000000 0.000000 0.000000 0.000000 0.000000
787.789842 -0.030000 -0.070000 -0.060000 -0.000000 0.000000 -0.000000 0.000000 0.000000 0.000000 0.000000 0.000000
787.848521 0.040000 0.100000 0.010000 0.000000 -0.000000 -0.000000 0.000000 0.000000 0.000000 0.000000 0.000000
787.909009 0.000000 -0.030000 -0.000000 -0.000000 0.000000 -0.000000 0.000000 0.000000 0.000000 0.000000 0.000000
787.968594 0.030000 0.050000 0.050000 -0.000000 0.000000 -0.000000 0.000000 0.000000 0.000000 0.000000 0.000000
788.028601 -0.020000 -0.030000 0.060000 -0.000000 0.000000 -0.000000 0.000000 0.000000 0.000000 0.000000 0.000000
788.088033 -0.030000 0.010000 0.060000 0.000000 0.000000 -0.000000 0.000000 0.000000 0.000000 0.000000 0.000000
788.147348 0.020000 0.010000 0.030000 -0.000000 0.000000 -0.000000 0.000000 0.000000 0.000000 0.000000 0.000000
788.207714 0.010000 0.020000 -0.050000 0.000000 -0.000000 0.000000 0.000000 0.000000 0.000000 0.000000 0.000000
788.267863 0.040000 -0.100000 0.030000 0.000000 -0.000000 0.000000 0.000000 0.000000 0.000000 0.000000 0.000000
788.327212 0.020000 0.020000 -0.030000 0.000000 0.000000 0.000000 0.000000 0.000000 0.000000 0.000000 0.000000
788.386711 0.010000 0.000000 0.100000 0.000000 0.000000 -0.000000 0.000000 0.000000 0.000000 0.000000 0.000000
788.462093 0.030000 0.000000 -0.020000 0.000000 0.000000 0.000000 0.000000 0.000000 0.000000 0.000000 0.000000
788.526732 -0.020000 0.010000 0.030000 -0.000000 -0.000000 0.000000 0.000000 0.000000 0.000000 0.000000 0.000000
788.582637 -0.010000 0.040000 -0.040000 0.000000 -0.000000 0.000000 0.000000 0.000000 0.000000 0.000000 0.000000
788.627632 -0.070000 -0.050000 -0.020000 0.000000 0.000000 -0.000000 0.000000 0.000000 0.000000 0.000000 0.000000
788.687984 -0.060000 0.060000 0.020000 0.000000 -0.000000 -0.000000 0.000000 0.000000 0.000000 0.000000 0.000000
788.747542 0.010000 -0.020000 0.030000 -0.000000 -0.000000 0.000000 0.000000 0.000000 0.000000 0.000000 0.000000
788.806376 -0.040000 0.050000 0.020000 -0.000000 0.000000 0.000000 0.000000 0.000000 0.000000 0.000000 0.000000
788.867231 -0.040000 -0.090000 0.000000 -0.000000 0.000000 -0.000000 0.000000 0.000000 0.000000 0.000000 0.000000
788.926148 0.030000 0.050000 -0.050000 0.000000 0.000000 -0.000000 0.000000 0.000000 0.000000 0.000000 0.000000
788.986947 0.000000 -0.100000 0.010000 -0.000000 -0.000000 -0.000000 0.000000 0.000000 0.000000 0.000000 0.000000
789.045989 0.010000 0.050000 -0.010000 0.000000 -0.000000 -0.000000 0.000000 0.000000 0.000000 0.000000 0.000000
789.105927 0.020000 -0.030000 0.030000 -0.000000 0.000000 -0.000000 0.000000 0.000000 0.000000 0.000000 0.000000
789.165877 -0.010000 0.020000 -0.070000 -0.000000 -0.000000 -0.000000 0.000000 0.000000 0.000000 0.000000 0.000000
789.225887 -0.020000 -0.020000 -0.040000 0.000000 -0.000000 -0.000000 0.000000 0.000000 0.000000 0.000000 0.000000
789.286031 -0.070000 0.050000 0.020000 -0.000000 0.000000 0.000000 0.000000 0.000000 0.000000 0.000000 0.000000
789.345316 0.020000 -0.040000 0.010000 -0.000000 -0.000000 -0.000000 0.000000 0.000000 0.000000 0.000000 0.000000
789.405086 0.030000 0.000000 0.010000 0.000000 -0.000000 -0.000000 0.000000 0.000000 0.000000 0.000000 0.000000
789.465114 -0.030000 -0.050000 0.020000 -0.000000 -0.000000 0.000000 0.000000 0.000000 0.000000 0.000000 0.000000
789.525103 -0.050000 0.020000 -0.020000 0.000000 0.000000 0.000000 0.000000 0.000000 0.000000 0.000000 0.000000
789.584616 0.020000 -0.000000 0.010000 -0.000000 -0.000000 -0.000000 0.000000 0.000000 0.000000 0.000000 0.000000
789.644543 0.020000 0.030000 0.050000 -0.000000 -0.000000 -0.000000 0.000000 0.000000 0.000000 0.000000 0.000000
789.704581 0.010000 0.000000 0.000000 0.000000 0.000000 0.000000 0.000000 0.000000 0.000000 0.000000 0.000000
789.763730 0.010000 0.000000 0.100000 0.000000 0.000000 -0.000000 0.000000 0.000000 0.000000 0.000000 0.000000
789.824393 0.030000 0.000000 0.000000 -0.000000 -0.000000 0.000000 0.000000 0.000000 0.000000 0.000000 0.000000
789.884254 0.010000 0.010000 -0.010000 -0.000000 -0.000000 -0.000000 0.000000 0.000000 0.000000 0.000000 0.000000
789.944314 -0.010000 -0.010000 -0.030000 -0.000000 0.000000 -0.000000 0.000000 0.000000 0.000000 0.000000 0.000000
790.002951 0.020000 0.030000 -0.030000 0.000000 0.000000 -0.000000 0.000000 0.000000 0.000000 0.000000 0.000000
790.063964 -0.010000 -0.020000 -0.010000 -0.000000 0.000000 -0.000000 0.000000 0.000000 0.000000 0.000000 0.000000
790.122634 -0.020000 0.010000 0.020000 0.000000 -0.000000 0.000000 0.000000 0.000000 0.000000 0.000000 0.000000
790.182696 0.010000 0.070000 -0.000000 0.000000 0.000000 -0.000000 0.000000 0.000000 0.000000 0.000000 0.000000
790.243128 -0.010000 -0.020000 -0.010000 0.000000 0.000000 -0.000000 0.000000 0.000000 0.000000 0.000000 0.000000
790.302866 -0.030000 0.020000 -0.060000 -0.000000 0.000000 0.000000 0.000000 0.000000 0.000000 0.000000 0.000000
790.362648 -0.020000 -0.000000 -0.020000 -0.000000 0.000000 0.000000 0.000000 0.000000 0.000000 0.000000 0.000000
790.422088 0.040000 0.020000 0.000000 -0.000000 -0.000000 0.000000 0.000000 0.000000 0.000000 0.000000 0.000000
790.482544 -0.010000 -0.010000 -0.000000 0.000000 0.000000 0.000000 0.000000 0.000000 0.000000 0.000000 0.000000
790.542686 0.050000 0.020000 -0.010000 0.000000 -0.000000 -0.000000 0.000000 0.000000 0.000000 0.000000 0.000000
790.601313 0.020000 0.040000 0.030000 0.000000 -0.000000 0.000000 0.000000 0.000000 0.000000 0.000000 0.000000
790.661939 0.020000 -0.040000 0.020000 0.000000 -0.000000 -0.000000 0.000000 0.000000 0.000000 0.000000 0.000000
790.722294 0.020000 -0.030000 -0.020000 -0.000000 0.000000 -0.000000 0.000000 0.000000 0.000000 0.000000 0.000000
790.781402 0.030000 -0.050000 0.000000 -0.000000 -0.000000 0.000000 0.000000 0.000000 0.000000 0.000000 0.000000
790.842199 -0.010000 -0.000000 0.010000 -0.000000 0.000000 -0.000000 0.000000 0.000000 0.000000 0.000000 0.000000
790.901327 0.050000 0.010000 -0.020000 0.000000 0.000000 -0.000000 0.000000 0.000000 0.000000 0.000000 0.000000
790.961406 -0.040000 -0.050000 -0.070000 -0.000000 -0.000000 0.000000 0.000000 0.000000 0.000000 0.000000 0.000000
791.021422 -0.050000 -0.030000 0.060000 -0.000000 0.000000 -0.000000 0.000000 0.000000 0.000000 0.000000 0.000000
791.080841 0.030000 0.040000 -0.000000 0.000000 0.000000 0.000000 0.000000 0.000000 0.000000 0.000000 0.000000
791.140751 -0.030000 0.010000 0.060000 -0.000000 0.000000 -0.000000 0.000000 0.000000 0.000000 0.000000 0.000000
791.200559 -0.030000 -0.020000 -0.010000 0.000000 0.000000 0.000000 0.000000 0.000000 0.000000 0.000000 0.000000
791.259896 0.010000 0.030000 0.020000 -0.000000 0.000000 0.000000 0.000000 0.000000 0.000000 0.000000 0.000000
791.319922 0.010000 0.020000 0.030000 0.000000 -0.000000 -0.000000 0.000000 0.000000 0.000000 0.000000 0.000000
791.380706 -0.000000 -0.010000 -0.000000 0.000000 0.000000 0.000000 0.000000 0.000000 0.000000 0.000000 0.000000
791.439742 -0.020000 0.040000 -0.000000 0.000000 0.000000 -0.000000 0.000000 0.000000 0.000000 0.000000 0.000000
791.500512 -0.020000 -0.020000 0.060000 -0.000000 -0.000000 -0.000000 0.000000 0.000000 0.000000 0.000000 0.000000
791.560384 0.020000 0.010000 -0.060000 0.000000 -0.000000 0.000000 0.000000 0.000000 0.000000 0.000000 0.000000
791.619665 -0.010000 0.030000 -0.030000 0.000000 0.000000 0.000000 0.000000 0.000000 0.000000 0.000000 0.000000
791.679175 -0.030000 0.010000 0.000000 -0.000000 0.000000 -0.000000 0.000000 0.000000 0.000000 0.000000 0.000000
791.739432 -0.010000 -0.010000 -0.030000 -0.000000 0.000000 0.000000 0.000000 0.000000 0.000000 0.000000 0.000000
791.800090 0.030000 0.000000 -0.030000 0.000000 -0.000000 -0.000000 0.000000 0.000000 0.000000 0.000000 0.000000
791.858757 -0.020000 -0.080000 0.040000 0.000000 -0.000000 0.000000 0.000000 0.000000 0.000000 0.000000 0.000000
791.918738 -0.020000 0.030000 -0.000000 -0.000000 -0.000000 0.000000 0.000000 0.000000 0.000000 0.000000 0.000000
791.978490 0.010000 -0.010000 -0.090000 -0.000000 0.000000 -0.000000 0.000000 0.000000 0.000000 0.000000 0.000000
792.037927 0.030000 -0.000000 0.000000 0.000000 0.000000 -0.000000 0.000000 0.000000 0.000000 0.000000 0.000000
792.098233 0.000000 0.010000 0.050000 -0.000000 0.000000 -0.000000 0.000000 0.000000 0.000000 0.000000 0.000000
792.159711 0.020000 -0.030000 0.060000 0.000000 -0.000000 -0.000000 0.000000 0.000000 0.000000 0.000000 0.000000
792.218232 -0.000000 -0.010000 0.050000 -0.000000 0.000000 0.000000 0.000000 0.000000 0.000000 0.000000 0.000000
792.278546 -0.020000 -0.010000 -0.030000 0.000000 -0.000000 -0.000000 0.000000 0.000000 0.000000 0.000000 0.000000
792.336953 0.010000 0.050000 0.020000 -0.000000 0.000000 0.000000 0.000000 0.000000 0.000000 0.000000 0.000000
792.398412 -0.030000 -0.010000 -0.030000 0.000000 -0.000000 0.000000 0.000000 0.000000 0.000000 0.000000 0.000000
792.456956 -0.010000 0.020000 0.010000 0.000000 0.000000 0.000000 0.000000 0.000000 0.000000 0.000000 0.000000
792.517185 -0.020000 0.040000 -0.050000 0.000000 0.000000 0.000000 0.000000 0.000000 0.000000 0.000000 0.000000
792.577189 -0.000000 0.030000 -0.040000 0.000000 0.000000 0.000000 0.000000 0.000000 0.000000 0.000000 0.000000
792.636881 0.000000 -0.010000 0.060000 0.000000 -0.000000 -0.000000 0.000000 0.000000 0.000000 0.000000 0.000000
792.697045 0.010000 0.010000 -0.030000 -0.000000 0.000000 -0.000000 0.000000 0.000000 0.000000 0.000000 0.000000
792.756665 0.030000 -0.010000 -0.040000 0.000000 0.000000 -0.000000 0.000000 0.000000 0.000000 0.000000 0.000000
792.817615 0.050000 -0.010000 -0.010000 -0.000000 -0.000000 -0.000000 0.000000 0.000000 0.000000 0.000000 0.000000
792.876628 -0.010000 -0.050000 -0.020000 -0.000000 -0.000000 0.000000 0.000000 0.000000 0.000000 0.000000 0.000000
792.937427 -0.030000 -0.020000 0.010000 0.000000 -0.000000 -0.000000 0.000000 0.000000 0.000000 0.000000 0.000000
792.995688 -0.030000 0.010000 0.070000 0.000000 -0.000000 0.000000 0.000000 0.000000 0.000000 0.000000 0.000000
793.055337 0.020000 0.010000 -0.010000 0.000000 0.000000 0.000000 0.000000 0.000000 0.000000 0.000000 0.000000
793.115768 0.030000 -0.030000 0.000000 0.000000 0.000000 -0.000000 0.000000 0.000000 0.000000 0.000000 0.000000
793.175251 0.040000 0.010000 0.040000 -0.000000 0.000000 -0.000000 0.000000 0.000000 0.000000 0.000000 0.000000
793.236152 -0.010000 -0.020000 -0.020000 -0.000000 -0.000000 0.000000 0.000000 0.000000 0.000000 0.000000 0.000000
793.295883 0.000000 -0.020000 0.010000 0.000000 -0.000000 -0.000000 0.000000 0.000000 0.000000 0.000000 0.000000
793.355303 -0.010000 0.030000 0.010000 0.000000 0.000000 0.000000 0.000000 0.000000 0.000000 0.000000 0.000000
793.416072 -0.030000 0.020000 -0.040000 -0.000000 -0.000000 -0.000000 0.000000 0.000000 0.000000 0.000000 0.000000
793.474583 0.020000 -0.010000 -0.010000 0.000000 0.000000 0.000000 0.000000 0.000000 0.000000 0.000000 0.000000
793.535439 -0.000000 0.030000 0.090000 -0.000000 0.000000 0.000000 0.000000 0.000000 0.000000 0.000000 0.000000
793.595094 -0.010000 0.030000 0.020000 -0.000000 -0.000000 0.000000 0.000000 0.000000 0.000000 0.000000 0.000000
793.655047 0.020000 0.020000 -0.020000 -0.000000 -0.000000 0.000000 0.000000 0.000000 0.000000 0.000000 0.000000
793.714910 -0.010000 -0.000000 -0.020000 -0.000000 -0.000000 -0.000000 0.000000 0.000000 0.000000 0.000000 0.000000
793.774917 0.020000 0.030000 -0.050000 -0.000000 0.000000 -0.000000 0.000000 0.000000 0.000000 0.000000 0.000000
793.835492 -0.040000 -0.020000 -0.000000 0.000000 -0.000000 0.000000 0.000000 0.000000 0.000000 0.000000 0.000000
793.894676 -0.070000 0.010000 -0.020000 -0.000000 -0.000000 0.000000 0.000000 0.000000 0.000000 0.000000 0.000000
793.955021 -0.010000 -0.100000 -0.030000 -0.000000 -0.000000 0.000000 0.000000 0.000000 0.000000 0.000000 0.000000
794.014188 0.030000 -0.040000 -0.040000 -0.000000 0.000000 -0.000000 0.000000 0.000000 0.000000 0.000000 0.000000
794.072938 0.050000 0.010000 -0.090000 0.000000 0.000000 0.000000 0.000000 0.000000 0.000000 0.000000 0.000000
794.133888 0.020000 -0.010000 0.020000 0.000000 -0.000000 -0.000000 0.000000 0.000000 0.000000 0.000000 0.000000
794.193157 -0.020000 -0.030000 0.080000 0.000000 0.000000 -0.000000 0.000000 0.000000 0.000000 0.000000 0.000000
794.253689 -0.010000 -0.000000 0.010000 0.000000 -0.000000 -0.000000 0.000000 0.000000 0.000000 0.000000 0.000000
794.313243 -0.030000 -0.010000 0.060000 -0.000000 -0.000000 0.000000 0.000000 0.000000 0.000000 0.000000 0.000000
794.373650 0.020000 0.060000 0.010000 -0.000000 -0.000000 0.000000 0.000000 0.000000 0.000000 0.000000 0.000000
794.432020 -0.000000 0.050000 0.040000 0.000000 0.000000 0.000000 0.000000 0.000000 0.000000 0.000000 0.000000
794.493341 0.020000 -0.000000 0.010000 -0.000000 -0.000000 0.000000 0.000000 0.000000 0.000000 0.000000 0.000000
794.552953 -0.020000 -0.010000 0.040000 -0.000000 -0.000000 -0.000000 0.000000 0.000000 0.000000 0.000000 0.000000
794.612484 -0.010000 -0.050000 -0.010000 -0.000000 0.000000 -0.000000 0.000000 0.000000 0.000000 0.000000 0.000000
794.671545 0.040000 0.060000 0.070000 0.000000 -0.000000 0.000000 0.000000 0.000000 0.000000 0.000000 0.000000
794.734968 -0.010000 0.020000 -0.030000 -0.000000 0.000000 0.000000 0.000000 0.000000 0.000000 0.000000 0.000000
794.791176 -0.060000 0.020000 0.030000 0.000000 0.000000 0.000000 0.000000 0.000000 0.000000 0.000000 0.000000
794.852629 0.050000 0.010000 0.010000 -0.000000 0.000000 -0.000000 0.000000 0.000000 0.000000 0.000000 0.000000
794.912169 0.040000 0.010000 -0.010000 0.000000 0.000000 -0.000000 0.000000 0.000000 0.000000 0.000000 0.000000
794.971750 -0.050000 -0.040000 -0.020000 0.000000 0.000000 0.000000 0.000000 0.000000 0.000000 0.000000 0.000000
795.034145 -0.000000 0.020000 0.040000 0.000000 0.000000 -0.000000 0.000000 0.000000 0.000000 0.000000 0.000000
795.091209 0.040000 -0.040000 -0.060000 0.000000 0.000000 -0.000000 0.000000 0.000000 0.000000 0.000000 0.000000
795.150723 0.000000 0.000000 -0.010000 0.000000 -0.000000 -0.000000 0.000000 0.000000 0.000000 0.000000 0.000000
795.211651 -0.040000 -0.020000 0.060000 -0.000000 -0.000000 -0.000000 0.000000 0.000000 0.000000 0.000000 0.000000
795.270349 -0.010000 0.020000 -0.020000 0.000000 0.000000 0.000000 0.000000 0.000000 0.000000 0.000000 0.000000
795.331139 -0.040000 -0.050000 -0.060000 -0.000000 0.000000 0.000000 0.000000 0.000000 0.000000 0.000000 0.000000
795.391971 -0.010000 0.000000 -0.040000 0.000000 0.000000 -0.000000 0.000000 0.000000 0.000000 0.000000 0.000000
795.450075 0.040000 0.010000 0.010000 -0.000000 0.000000 -0.000000 0.000000 0.000000 0.000000 0.000000 0.000000
795.511206 -0.010000 0.080000 0.020000 0.000000 -0.000000 -0.000000 0.000000 0.000000 0.000000 0.000000 0.000000
795.570253 -0.040000 -0.000000 -0.050000 0.000000 -0.000000 0.000000 0.000000 0.000000 0.000000 0.000000 0.000000
795.630260 0.010000 0.020000 0.030000 -0.000000 -0.000000 -0.000000 0.000000 0.000000 0.000000 0.000000 0.000000
795.689545 0.030000 0.040000 0.050000 0.000000 -0.000000 -0.000000 0.000000 0.000000 0.000000 0.000000 0.000000
795.749624 -0.010000 0.020000 0.010000 -0.000000 0.000000 -0.000000 0.000000 0.000000 0.000000 0.000000 0.000000
795.811185 0.010000 0.020000 -0.010000 0.000000 -0.000000 -0.000000 0.000000 0.000000 0.000000 0.000000 0.000000
795.869337 0.060000 -0.020000 0.000000 0.000000 0.000000 -0.000000 0.000000 0.000000 0.000000 0.000000 0.000000
795.928884 -0.030000 -0.020000 0.020000 -0.000000 0.000000 0.000000 0.000000 0.000000 0.000000 0.000000 0.000000
795.989045 0.010000 0.020000 -0.060000 0.000000 -0.000000 0.000000 0.000000 0.000000 0.000000 0.000000 0.000000
796.049465 0.000000 0.000000 -0.100000 0.000000 0.000000 -0.000000 0.000000 0.000000 0.000000 0.000000 0.000000
796.110357 -0.050000 -0.010000 0.040000 -0.000000 0.000000 -0.000000 0.000000 0.000000 0.000000 0.000000 0.000000
796.168440 -0.030000 0.030000 0.010000 -0.000000 0.000000 -0.000000 0.000000 0.000000 0.000000 0.000000 0.000000
796.228672 -0.030000 -0.020000 -0.060000 0.000000 -0.000000 0.000000 0.000000 0.000000 0.000000 0.000000 0.000000
796.287671 0.010000 -0.040000 0.030000 0.000000 0.000000 0.000000 0.000000 0.000000 0.000000 0.000000 0.000000
796.347519 -0.020000 0.030000 -0.040000 0.000000 0.000000 -0.000000 0.000000 0.000000 0.000000 0.000000 0.000000
796.407511 -0.010000 -0.020000 -0.050000 0.000000 -0.000000 0.000000 0.000000 0.000000 0.000000 0.000000 0.000000
796.467295 -0.010000 -0.020000 0.050000 -0.000000 0.000000 0.000000 0.000000 0.000000 0.000000 0.000000 0.000000
796.526903 0.020000 -0.050000 0.070000 0.000000 -0.000000 0.000000 0.000000 0.000000 0.000000 0.000000 0.000000
796.587281 -0.010000 -0.050000 0.030000 0.000000 -0.000000 0.000000 0.000000 0.000000 0.000000 0.000000 0.000000
796.648632 0.070000 0.010000 0.070000 0.000000 -0.000000 -0.000000 0.000000 0.000000 0.000000 0.000000 0.000000
796.706930 0.010000 -0.020000 -0.020000 0.000000 0.000000 0.000000 0.000000 0.000000 0.000000 0.000000 0.000000
796.766503 0.040000 -0.010000 -0.020000 -0.000000 0.000000 0.000000 0.000000 0.000000 0.000000 0.000000 0.000000
796.826415 -0.040000 -0.040000 0.000000 0.000000 -0.000000 0.000000 0.000000 0.000000 0.000000 0.000000 0.000000
796.886941 0.000000 -0.030000 -0.020000 -0.000000 0.000000 0.000000 0.000000 0.000000 0.000000 0.000000 0.000000
796.945742 -0.010000 0.020000 0.070000 0.000000 0.000000 0.000000 0.000000 0.000000 0.000000 0.000000 0.000000
797.008172 0.010000 -0.000000 -0.050000 -0.000000 0.000000 0.000000 0.000000 0.000000 0.000000 0.000000 0.000000
797.067427 -0.000000 -0.010000 -0.040000 0.000000 0.000000 0.000000 0.000000 0.000000 0.000000 0.000000 0.000000
797.126103 -0.000000 -0.010000 0.030000 0.000000 0.000000 -0.000000 0.000000 0.000000 0.000000 0.000000 0.000000
797.186243 0.040000 -0.010000 0.000000 0.000000 0.000000 0.000000 0.000000 0.000000 0.000000 0.000000 0.000000
797.244366 0.020000 0.040000 0.010000 0.000000 0.000000 0.000000 0.000000 0.000000 0.000000 0.000000 0.000000
797.305328 0.030000 0.010000 0.050000 0.000000 -0.000000 0.000000 0.000000 0.000000 0.000000 0.000000 0.000000
797.365962 -0.010000 -0.030000 0.030000 -0.000000 0.000000 0.000000 0.000000 0.000000 0.000000 0.000000 0.000000
797.426209 0.000000 0.020000 -0.080000 0.000000 0.000000 -0.000000 0.000000 0.000000 0.000000 0.000000 0.000000
797.485652 0.000000 0.020000 0.000000 0.000000 -0.000000 -0.000000 0.000000 0.000000 0.000000 0.000000 0.000000
797.544723 0.030000 -0.030000 -0.040000 0.000000 0.000000 -0.000000 0.000000 0.000000 0.000000 0.000000 0.000000
797.607102 -0.020000 -0.010000 0.020000 -0.000000 -0.000000 -0.000000 0.000000 0.000000 0.000000 0.000000 0.000000
797.664195 0.020000 0.000000 0.030000 -0.000000 0.000000 0.000000 0.000000 0.000000 0.000000 0.000000 0.000000
797.726151 0.010000 0.010000 -0.100000 -0.000000 0.000000 0.000000 0.000000 0.000000 0.000000 0.000000 0.000000
797.784792 -0.020000 -0.000000 0.010000 -0.000000 0.000000 -0.000000 0.000000 0.000000 0.000000 0.000000 0.000000
797.847521 0.010000 0.070000 -0.020000 -0.000000 -0.000000 -0.000000 0.000000 0.000000 0.000000 0.000000 0.000000
797.904326 0.020000 0.010000 0.000000 -0.000000 0.000000 -0.000000 0.000000 0.000000 0.000000 0.000000 0.000000
797.964852 -0.040000 -0.030000 0.040000 -0.000000 0.000000 -0.000000 0.000000 0.000000 0.000000 0.000000 0.000000
798.025411 0.020000 0.010000 -0.000000 -0.000000 -0.000000 0.000000 0.000000 0.000000 0.000000 0.000000 0.000000
