1366.784137 0.020000 0.070000 -9.870000 -0.000000 -0.000000 -0.000000 0.000000 0.000000 0.000000 0.000000 0.000000
1366.844546 -0.550000 2.020000 -5.440000 -0.060000 -0.020000 -0.020000 0.000000 0.000000 0.000000 0.000000 0.000000
1366.904441 -0.560000 1.290000 -8.920000 -0.120000 0.030000 -0.000000 0.000000 0.000000 0.000000 0.000000 0.000000
1366.964411 0.640000 0.500000 -7.490000 0.080000 -0.060000 -0.020000 0.000000 0.000000 0.000000 0.000000 0.000000
1367.024192 -0.170000 0.730000 -5.640000 -0.060000 0.080000 0.060000 0.000000 0.000000 0.000000 0.000000 0.000000
1367.084955 -0.520000 -0.610000 -4.720000 -0.060000 -0.050000 0.080000 0.000000 0.000000 0.000000 0.000000 0.000000
1367.146669 -0.110000 -1.510000 -3.970000 0.040000 0.070000 0.030000 15.582300 -0.029920 0.000000 46.000000 47.000000
1367.206721 0.280000 -0.260000 -3.400000 0.060000 -0.060000 -0.020000 15.582300 -0.029920 0.000000 46.000000 47.000000
1367.265892 0.150000 -1.800000 -2.050000 -0.050000 0.070000 0.090000 15.582300 -0.029920 0.000000 46.000000 47.000000
1367.326720 -0.260000 0.050000 0.740000 -0.210000 -0.070000 0.090000 15.582300 -0.029920 0.000000 46.000000 47.000000
1367.386657 -0.320000 0.350000 -0.060000 0.170000 -0.040000 -0.020000 15.582300 -0.029920 0.000000 46.000000 47.000000
1367.446778 0.250000 -0.480000 1.070000 0.030000 0.100000 0.070000 15.582300 -0.029920 0.000000 46.000000 47.000000
1367.507138 0.590000 -0.280000 -2.020000 0.070000 0.080000 -0.040000 15.582300 -0.029920 0.000000 46.000000 47.000000
1367.567165 -0.060000 0.080000 -0.350000 0.180000 -0.060000 0.010000 15.582300 -0.029920 0.000000 46.000000 47.000000
1367.627530 0.250000 -0.030000 0.080000 -0.040000 0.060000 0.020000 15.582300 -0.029920 0.000000 46.000000 47.000000
1367.688031 0.170000 0.050000 0.300000 0.030000 -0.030000 0.000000 28.986428 -0.029920 0.000000 86.000000 87.000000
1367.748095 0.300000 -0.050000 1.580000 -0.150000 0.000000 0.010000 28.986428 -0.029920 0.000000 86.000000 87.000000
1367.808475 -0.130000 0.350000 0.840000 0.040000 -0.030000 0.040000 28.986428 -0.029920 0.000000 86.000000 87.000000
1367.869724 -0.160000 -0.450000 -1.170000 0.020000 -0.100000 -0.020000 28.986428 -0.029920 0.000000 86.000000 87.000000
1367.929327 -0.160000 0.850000 -1.050000 -0.090000 0.020000 0.030000 28.986428 -0.029920 0.000000 86.000000 87.000000
1367.989551 0.070000 -1.010000 -0.490000 0.110000 -0.040000 0.110000 28.986428 -0.029920 0.000000 86.000000 87.000000
1368.049633 0.020000 -0.370000 1.480000 0.040000 -0.020000 0.030000 28.986428 -0.029920 0.000000 86.000000 87.000000
1368.109970 0.290000 -0.790000 0.650000 0.010000 -0.010000 0.010000 28.986428 -0.029920 0.000000 86.000000 87.000000
1368.170505 0.160000 1.050000 0.560000 0.120000 0.000000 0.060000 28.818877 0.000000 0.000000 86.000000 86.000000
1368.231993 -0.280000 -0.850000 1.000000 -0.020000 -0.030000 0.030000 28.818877 0.000000 0.000000 86.000000 86.000000
1368.291578 0.110000 -1.270000 -2.780000 0.060000 0.070000 0.030000 28.818877 0.000000 0.000000 86.000000 86.000000
1368.352554 0.170000 1.220000 0.230000 -0.190000 0.020000 0.060000 28.818877 0.000000 0.000000 86.000000 86.000000
1368.411548 -0.690000 0.330000 2.820000 0.060000 0.070000 0.030000 28.818877 0.000000 0.000000 86.000000 86.000000
1368.472794 0.060000 -0.510000 -0.400000 0.090000 -0.100000 0.040000 28.818877 0.000000 0.000000 86.000000 86.000000
1368.532503 0.200000 1.370000 -1.170000 0.030000 0.010000 0.020000 28.818877 0.000000 0.000000 86.000000 86.000000
1368.593218 0.380000 1.030000 -1.000000 0.120000 0.090000 -0.040000 28.818877 0.000000 0.000000 86.000000 86.000000
1368.654363 -0.300000 -0.680000 0.000000 -0.020000 -0.070000 0.030000 28.651325 -0.029920 0.000000 85.000000 86.000000
1368.713582 0.360000 -0.680000 1.330000 0.040000 0.010000 -0.000000 28.651325 -0.029920 0.000000 85.000000 86.000000
1368.773748 -0.370000 0.510000 1.280000 -0.070000 0.010000 0.110000 28.651325 -0.029920 0.000000 85.000000 86.000000
1368.834331 0.360000 0.480000 0.460000 0.020000 -0.030000 0.000000 28.651325 -0.029920 0.000000 85.000000 86.000000
1368.895176 -0.020000 -0.720000 0.220000 0.040000 0.050000 -0.030000 28.651325 -0.029920 0.000000 85.000000 86.000000
1368.955230 -0.760000 1.020000 -1.400000 -0.120000 -0.040000 0.080000 28.651325 -0.029920 0.000000 85.000000 86.000000
1369.015436 0.150000 0.770000 -0.030000 0.040000 -0.060000 0.050000 28.651325 -0.029920 0.000000 85.000000 86.000000
1369.076328 0.200000 -1.380000 -0.500000 -0.070000 0.050000 -0.030000 28.651325 -0.029920 0.000000 85.000000 86.000000
1369.136775 -0.290000 0.140000 0.250000 0.060000 -0.010000 0.090000 28.651325 -0.029920 0.000000 85.000000 86.000000
1369.196679 -0.110000 -0.270000 0.320000 0.110000 0.010000 -0.020000 28.818877 0.000000 0.000000 86.000000 86.000000
1369.257138 0.920000 -1.020000 -1.440000 -0.010000 -0.010000 -0.020000 28.818877 0.000000 0.000000 86.000000 86.000000
1369.317356 -0.180000 0.350000 1.370000 -0.000000 -0.080000 0.130000 28.818877 0.000000 0.000000 86.000000 86.000000
1369.377518 -0.870000 0.020000 0.030000 0.040000 -0.020000 0.060000 28.818877 0.000000 0.000000 86.000000 86.000000
1369.438572 -0.100000 -0.170000 -0.650000 0.060000 -0.060000 -0.070000 28.818877 0.000000 0.000000 86.000000 86.000000
1369.497764 0.850000 -0.420000 0.450000 0.010000 0.090000 0.060000 28.818877 0.000000 0.000000 86.000000 86.000000
1369.558013 -0.370000 0.890000 0.530000 -0.200000 -0.060000 0.120000 28.818877 0.000000 0.000000 86.000000 86.000000
1369.618538 -0.150000 -0.000000 1.030000 0.130000 -0.110000 -0.020000 28.818877 0.000000 0.000000 86.000000 86.000000
1369.678511 0.470000 -0.870000 0.420000 -0.010000 0.060000 0.050000 28.651325 -0.029920 0.000000 85.000000 86.000000
1369.739117 0.650000 -2.570000 0.590000 -0.080000 0.080000 0.390000 28.651325 -0.029920 0.000000 85.000000 86.000000
1369.800237 -0.240000 -0.710000 -0.470000 0.030000 0.010000 1.160000 28.651325 -0.029920 0.000000 85.000000 86.000000
1369.859381 0.030000 1.190000 0.800000 0.030000 0.080000 1.990000 28.651325 -0.029920 0.000000 85.000000 86.000000
1369.920315 -0.470000 0.950000 -0.030000 -0.020000 0.040000 2.370000 28.651325 -0.029920 0.000000 85.000000 86.000000
1369.979922 -0.460000 0.550000 -0.830000 0.060000 0.090000 2.560000 28.651325 -0.029920 0.000000 85.000000 86.000000
1370.040436 0.010000 0.150000 -1.110000 0.040000 0.160000 2.720000 28.651325 -0.029920 0.000000 85.000000 86.000000
1370.101319 -0.120000 0.650000 -0.740000 -0.060000 0.040000 2.960000 28.651325 -0.029920 0.000000 85.000000 86.000000
1370.164364 0.070000 0.980000 0.020000 -0.070000 0.080000 3.100000 7.204719 -2.243995 0.000000 -16.000000 59.000000
1370.221369 0.020000 1.190000 -0.600000 -0.010000 0.090000 3.250000 7.204719 -2.243995 0.000000 -16.000000 59.000000
1370.281651 0.310000 0.260000 0.540000 -0.060000 0.060000 3.250000 7.204719 -2.243995 0.000000 -16.000000 59.000000
1370.342659 0.020000 -0.490000 0.110000 0.000000 0.100000 3.210000 7.204719 -2.243995 0.000000 -16.000000 59.000000
1370.402753 0.350000 -0.440000 -0.050000 -0.040000 0.050000 3.160000 7.204719 -2.243995 0.000000 -16.000000 59.000000
1370.463015 0.270000 0.030000 -0.310000 -0.020000 0.100000 3.180000 7.204719 -2.243995 0.000000 -16.000000 59.000000
1370.522897 0.040000 -0.130000 0.780000 -0.040000 0.070000 3.240000 7.204719 -2.243995 0.000000 -16.000000 59.000000
1370.583583 0.090000 0.140000 -0.550000 -0.020000 0.120000 3.250000 7.204719 -2.243995 0.000000 -16.000000 59.000000
1370.643363 0.070000 0.320000 0.080000 -0.040000 0.050000 3.170000 1.507964 -3.261272 0.000000 -50.000000 59.000000
1370.704011 0.190000 0.320000 -0.540000 -0.040000 0.040000 3.200000 1.507964 -3.261272 0.000000 -50.000000 59.000000
1370.764337 -0.280000 0.130000 -0.130000 -0.030000 0.080000 3.230000 1.507964 -3.261272 0.000000 -50.000000 59.000000
1370.823782 0.260000 0.100000 0.010000 -0.050000 0.070000 3.140000 1.507964 -3.261272 0.000000 -50.000000 59.000000
1370.884738 0.050000 -0.120000 -0.500000 -0.060000 0.060000 3.140000 1.507964 -3.261272 0.000000 -50.000000 59.000000
1370.945090 0.070000 -0.330000 1.000000 -0.010000 0.030000 3.140000 1.507964 -3.261272 0.000000 -50.000000 59.000000
1371.006077 0.100000 -0.330000 -0.980000 -0.050000 0.060000 3.190000 1.507964 -3.261272 0.000000 -50.000000 59.000000
1371.065847 -0.330000 -0.250000 0.460000 -0.050000 0.090000 3.190000 1.507964 -3.261272 0.000000 -50.000000 59.000000
1371.125177 0.370000 -0.320000 0.930000 -0.020000 0.080000 3.150000 1.507964 -3.261272 0.000000 -50.000000 59.000000
1371.186120 -0.190000 0.400000 -0.650000 -0.010000 0.090000 3.150000 1.507964 -3.201433 0.000000 -49.000000 58.000000
1371.246067 0.230000 0.340000 0.580000 -0.050000 0.030000 3.100000 1.507964 -3.201433 0.000000 -49.000000 58.000000
1371.306453 0.260000 -0.040000 -1.090000 -0.000000 0.070000 3.080000 1.507964 -3.201433 0.000000 -49.000000 58.000000
1371.366429 -0.010000 0.090000 0.580000 -0.040000 0.090000 3.090000 1.507964 -3.201433 0.000000 -49.000000 58.000000
1371.426920 0.280000 0.240000 -0.120000 -0.020000 0.070000 3.100000 1.507964 -3.201433 0.000000 -49.000000 58.000000
1371.488033 -0.100000 0.000000 0.350000 -0.020000 0.050000 3.150000 1.507964 -3.201433 0.000000 -49.000000 58.000000
1371.547368 0.080000 -0.070000 -0.480000 -0.040000 0.060000 3.170000 1.507964 -3.201433 0.000000 -49.000000 58.000000
1371.607915 -0.230000 0.100000 -0.150000 -0.020000 0.100000 3.130000 1.507964 -3.201433 0.000000 -49.000000 58.000000
1371.667726 0.200000 0.100000 0.290000 -0.080000 0.070000 3.150000 1.172861 -3.141593 0.000000 -49.000000 56.000000
1371.728065 0.030000 0.440000 0.110000 -0.000000 0.090000 3.150000 1.172861 -3.141593 0.000000 -49.000000 56.000000
1371.789361 0.470000 0.210000 -0.320000 -0.050000 0.050000 3.090000 1.172861 -3.141593 0.000000 -49.000000 56.000000
1371.849149 0.020000 -0.610000 -0.480000 -0.030000 0.090000 3.070000 1.172861 -3.141593 0.000000 -49.000000 56.000000
1371.910434 0.020000 -0.660000 0.810000 -0.050000 0.050000 3.100000 1.172861 -3.141593 0.000000 -49.000000 56.000000
1371.969585 -0.160000 -0.210000 -0.590000 -0.030000 0.080000 3.140000 1.172861 -3.141593 0.000000 -49.000000 56.000000
1372.029938 -0.630000 0.220000 -1.010000 -0.040000 0.080000 3.040000 1.172861 -3.141593 0.000000 -49.000000 56.000000
1372.089315 0.430000 0.140000 0.390000 -0.090000 0.040000 3.090000 1.172861 -3.141593 0.000000 -49.000000 56.000000
1372.150345 0.180000 0.140000 -0.470000 -0.030000 0.060000 3.190000 1.340413 -3.111673 0.000000 -48.000000 56.000000
1372.210625 -0.160000 -0.010000 0.540000 -0.030000 0.030000 3.260000 1.340413 -3.111673 0.000000 -48.000000 56.000000
1372.270843 0.080000 -0.350000 -0.190000 -0.030000 0.080000 3.220000 1.340413 -3.111673 0.000000 -48.000000 56.000000
1372.331124 0.090000 -0.210000 0.530000 -0.010000 0.080000 3.170000 1.340413 -3.111673 0.000000 -48.000000 56.000000
1372.392073 -0.010000 -0.250000 -0.720000 -0.030000 0.050000 3.170000 1.340413 -3.111673 0.000000 -48.000000 56.000000
1372.451617 -0.530000 -0.190000 0.720000 -0.010000 0.060000 3.180000 1.340413 -3.111673 0.000000 -48.000000 56.000000
1372.512764 0.570000 -0.160000 -0.180000 -0.030000 0.050000 3.160000 1.340413 -3.111673 0.000000 -48.000000 56.000000
1372.572092 -0.270000 0.430000 -0.180000 -0.030000 0.070000 3.140000 1.340413 -3.111673 0.000000 -48.000000 56.000000
1372.632244 -0.120000 0.580000 0.430000 -0.050000 0.060000 3.140000 1.675516 -3.231352 0.000000 -49.000000 59.000000
1372.692571 -0.010000 0.170000 0.000000 -0.050000 0.090000 3.180000 1.675516 -3.231352 0.000000 -49.000000 59.000000
1372.752779 -0.190000 0.140000 0.150000 -0.040000 0.080000 3.110000 1.675516 -3.231352 0.000000 -49.000000 59.000000
1372.814363 -0.090000 -0.280000 0.050000 -0.070000 0.050000 3.240000 1.675516 -3.231352 0.000000 -49.000000 59.000000
1372.875444 -0.030000 -0.170000 0.260000 -0.020000 0.110000 3.240000 1.675516 -3.231352 0.000000 -49.000000 59.000000
1372.933925 0.190000 -0.610000 -0.240000 -0.070000 0.060000 3.270000 1.675516 -3.231352 0.000000 -49.000000 59.000000
1372.994935 -0.310000 -0.220000 -0.040000 -0.040000 0.090000 3.250000 1.675516 -3.231352 0.000000 -49.000000 59.000000
1373.054935 0.210000 -0.050000 0.730000 -0.060000 0.060000 3.210000 1.675516 -3.231352 0.000000 -49.000000 59.000000
1373.115136 -0.240000 0.450000 -0.620000 -0.030000 0.050000 3.250000 1.675516 -3.231352 0.000000 -49.000000 59.000000
1373.175945 -0.160000 0.110000 1.070000 -0.110000 0.000000 3.180000 1.507964 -3.201433 0.000000 -49.000000 58.000000
1373.235706 -0.060000 0.440000 -0.060000 -0.040000 0.070000 3.100000 1.507964 -3.201433 0.000000 -49.000000 58.000000
1373.298972 -0.210000 0.020000 0.220000 -0.050000 0.070000 3.040000 1.507964 -3.201433 0.000000 -49.000000 58.000000
1373.357128 0.170000 -0.090000 -0.200000 -0.040000 0.030000 3.090000 1.507964 -3.201433 0.000000 -49.000000 58.000000
1373.416912 0.170000 0.030000 -0.250000 0.020000 0.090000 3.160000 1.507964 -3.201433 0.000000 -49.000000 58.000000
1373.476193 0.020000 -0.010000 -0.710000 -0.030000 0.050000 3.120000 1.507964 -3.201433 0.000000 -49.000000 58.000000
1373.538432 -0.270000 0.370000 -0.870000 0.010000 0.060000 3.100000 1.507964 -3.201433 0.000000 -49.000000 58.000000
1373.597610 0.080000 0.210000 -0.250000 -0.060000 0.070000 3.100000 1.507964 -3.201433 0.000000 -49.000000 58.000000
1373.657357 -0.260000 -0.030000 -0.250000 -0.010000 0.070000 3.160000 1.340413 -3.171513 0.000000 -49.000000 57.000000
1373.717029 0.500000 0.410000 -0.340000 -0.000000 0.090000 3.000000 1.340413 -3.171513 0.000000 -49.000000 57.000000
1373.778060 0.430000 -0.140000 -0.800000 -0.030000 0.050000 3.000000 1.340413 -3.171513 0.000000 -49.000000 57.000000
1373.837857 -0.230000 -0.170000 0.130000 -0.030000 0.070000 3.080000 1.340413 -3.171513 0.000000 -49.000000 57.000000
1373.897639 0.210000 -0.210000 0.840000 -0.070000 0.070000 3.170000 1.340413 -3.171513 0.000000 -49.000000 57.000000
1373.958357 0.010000 0.020000 -0.330000 -0.040000 0.090000 3.180000 1.340413 -3.171513 0.000000 -49.000000 57.000000
1374.019126 0.250000 -0.040000 1.230000 -0.060000 0.010000 3.050000 1.340413 -3.171513 0.000000 -49.000000 57.000000
1374.078691 0.220000 0.150000 0.260000 -0.080000 0.080000 3.170000 1.340413 -3.171513 0.000000 -49.000000 57.000000
1374.140683 -0.080000 -0.160000 0.240000 -0.040000 0.080000 3.170000 1.340413 -3.111673 0.000000 -48.000000 56.000000
1374.200700 0.450000 -0.490000 0.360000 -0.070000 0.050000 3.160000 1.340413 -3.111673 0.000000 -48.000000 56.000000
1374.259348 0.020000 -0.230000 -0.470000 -0.060000 0.080000 3.220000 1.340413 -3.111673 0.000000 -48.000000 56.000000
1374.322967 -0.360000 -0.100000 0.310000 -0.060000 0.000000 3.220000 1.340413 -3.111673 0.000000 -48.000000 56.000000
1374.379911 -0.090000 0.280000 -0.800000 -0.030000 0.080000 3.200000 1.340413 -3.111673 0.000000 -48.000000 56.000000
1374.441939 -0.160000 0.320000 0.270000 -0.060000 0.050000 3.120000 1.340413 -3.111673 0.000000 -48.000000 56.000000
1374.500497 -0.090000 -0.000000 0.060000 -0.080000 0.080000 3.070000 1.340413 -3.111673 0.000000 -48.000000 56.000000
1374.560687 -0.550000 -0.250000 0.450000 -0.020000 0.050000 3.100000 1.340413 -3.111673 0.000000 -48.000000 56.000000
1374.621934 0.190000 -0.160000 0.520000 -0.040000 0.060000 3.080000 1.340413 -3.111673 0.000000 -48.000000 56.000000
1374.681172 0.330000 -0.130000 0.230000 -0.010000 0.060000 3.010000 1.675516 -3.171513 0.000000 -48.000000 58.000000
1374.741421 0.020000 -0.100000 -0.380000 0.000000 0.100000 3.040000 1.675516 -3.171513 0.000000 -48.000000 58.000000
1374.803251 -0.360000 -0.470000 0.460000 -0.050000 0.040000 3.200000 1.675516 -3.171513 0.000000 -48.000000 58.000000
1374.865498 -0.190000 -0.240000 -0.820000 -0.050000 0.070000 3.230000 1.675516 -3.171513 0.000000 -48.000000 58.000000
1374.922545 -0.040000 0.220000 -0.330000 -0.020000 0.080000 3.210000 1.675516 -3.171513 0.000000 -48.000000 58.000000
1374.983666 0.190000 0.850000 -0.240000 -0.060000 0.090000 3.220000 1.675516 -3.171513 0.000000 -48.000000 58.000000
1375.042906 -0.280000 0.860000 0.320000 -0.040000 0.090000 3.260000 1.675516 -3.171513 0.000000 -48.000000 58.000000
1375.103624 0.380000 0.300000 -0.330000 -0.060000 0.080000 3.150000 1.675516 -3.171513 0.000000 -48.000000 58.000000
1375.166113 0.320000 -0.100000 -0.110000 -0.010000 0.090000 3.030000 1.507964 -3.201433 0.000000 -49.000000 58.000000
1375.224001 0.350000 0.120000 -0.130000 -0.020000 0.040000 3.060000 1.507964 -3.201433 0.000000 -49.000000 58.000000
1375.285556 -0.360000 -0.320000 -0.620000 -0.060000 0.070000 3.110000 1.507964 -3.201433 0.000000 -49.000000 58.000000
1375.345125 0.070000 -0.260000 0.790000 -0.050000 0.060000 3.100000 1.507964 -3.201433 0.000000 -49.000000 58.000000
1375.406510 0.480000 0.030000 -0.840000 -0.060000 0.070000 3.100000 1.507964 -3.201433 0.000000 -49.000000 58.000000
1375.467338 0.270000 0.630000 1.010000 -0.020000 0.050000 3.130000 1.507964 -3.201433 0.000000 -49.000000 58.000000
1375.525373 0.440000 0.120000 -0.330000 -0.050000 0.070000 3.110000 1.507964 -3.201433 0.000000 -49.000000 58.000000
1375.585646 -0.130000 -0.180000 0.530000 -0.020000 0.080000 3.070000 1.507964 -3.201433 0.000000 -49.000000 58.000000
1375.646643 -0.020000 -0.800000 0.120000 -0.030000 0.070000 3.050000 1.172861 -3.141593 0.000000 -49.000000 56.000000
1375.707323 -0.130000 0.170000 -0.300000 -0.010000 0.110000 3.110000 1.172861 -3.141593 0.000000 -49.000000 56.000000
1375.766636 0.040000 -0.050000 -0.010000 0.010000 0.090000 3.190000 1.172861 -3.141593 0.000000 -49.000000 56.000000
1375.827518 -0.350000 -0.480000 -0.120000 -0.060000 0.070000 3.120000 1.172861 -3.141593 0.000000 -49.000000 56.000000
1375.887203 -0.340000 0.250000 0.580000 -0.020000 0.040000 3.070000 1.172861 -3.141593 0.000000 -49.000000 56.000000
1375.947537 -0.080000 0.110000 -0.500000 -0.050000 0.090000 3.050000 1.172861 -3.141593 0.000000 -49.000000 56.000000
1376.008205 -0.100000 -0.350000 -0.210000 0.020000 0.060000 3.040000 1.172861 -3.141593 0.000000 -49.000000 56.000000
1376.069615 0.070000 -0.290000 0.040000 -0.070000 0.030000 3.050000 1.172861 -3.141593 0.000000 -49.000000 56.000000
1376.128884 -0.050000 -0.430000 -0.050000 -0.090000 0.060000 3.150000 1.340413 -3.111673 0.000000 -48.000000 56.000000
1376.188567 -0.210000 0.030000 0.790000 -0.010000 0.110000 3.210000 1.340413 -3.111673 0.000000 -48.000000 56.000000
1376.248915 -0.200000 0.320000 -0.350000 -0.100000 0.050000 3.280000 1.340413 -3.111673 0.000000 -48.000000 56.000000
1376.308632 0.380000 0.650000 0.290000 -0.020000 0.080000 3.170000 1.340413 -3.111673 0.000000 -48.000000 56.000000
1376.369468 0.040000 0.360000 -0.610000 -0.090000 0.030000 3.130000 1.340413 -3.111673 0.000000 -48.000000 56.000000
1376.431352 -0.150000 0.090000 0.010000 -0.030000 0.070000 3.070000 1.340413 -3.111673 0.000000 -48.000000 56.000000
1376.489863 -0.260000 -0.620000 0.530000 -0.070000 0.080000 3.100000 1.340413 -3.111673 0.000000 -48.000000 56.000000
1376.550985 -0.070000 -0.280000 -0.320000 -0.040000 0.080000 3.060000 1.340413 -3.111673 0.000000 -48.000000 56.000000
1376.611345 -0.150000 -0.150000 0.300000 -0.050000 0.070000 3.090000 1.340413 -3.111673 0.000000 -48.000000 56.000000
1376.672756 0.350000 0.060000 -0.030000 -0.040000 0.060000 3.180000 1.340413 -3.171513 0.000000 -49.000000 57.000000
1376.730538 -0.190000 0.240000 -0.080000 -0.040000 0.010000 3.090000 1.340413 -3.171513 0.000000 -49.000000 57.000000
1376.793530 -0.460000 0.100000 0.600000 -0.020000 0.070000 3.070000 1.340413 -3.171513 0.000000 -49.000000 57.000000
1376.851158 0.250000 0.360000 -0.100000 -0.070000 0.090000 3.100000 1.340413 -3.171513 0.000000 -49.000000 57.000000
1376.911901 0.190000 -0.330000 -0.120000 0.000000 0.090000 3.060000 1.340413 -3.171513 0.000000 -49.000000 57.000000
1376.971915 0.350000 0.170000 -0.510000 -0.010000 0.070000 3.030000 1.340413 -3.171513 0.000000 -49.000000 57.000000
1377.032241 -0.200000 -0.120000 -0.290000 -0.070000 0.060000 3.130000 1.340413 -3.171513 0.000000 -49.000000 57.000000
1377.092498 -0.490000 -0.110000 0.180000 -0.050000 0.050000 3.220000 1.340413 -3.171513 0.000000 -49.000000 57.000000
1377.153135 -0.410000 0.110000 0.130000 -0.070000 0.060000 3.190000 1.507964 -3.081753 0.000000 -47.000000 56.000000
1377.212767 0.320000 0.220000 0.700000 -0.070000 0.000000 3.110000 1.507964 -3.081753 0.000000 -47.000000 56.000000
1377.273018 0.220000 0.500000 0.380000 -0.020000 0.080000 3.020000 1.507964 -3.081753 0.000000 -47.000000 56.000000
1377.333078 0.280000 0.030000 -0.320000 -0.070000 0.030000 3.010000 1.507964 -3.081753 0.000000 -47.000000 56.000000
1377.393783 0.050000 -0.430000 -0.170000 -0.020000 0.090000 3.030000 1.507964 -3.081753 0.000000 -47.000000 56.000000
1377.455604 0.100000 -0.410000 0.660000 -0.060000 0.060000 3.030000 1.507964 -3.081753 0.000000 -47.000000 56.000000
1377.514138 0.240000 0.320000 -0.170000 -0.040000 0.070000 3.140000 1.507964 -3.081753 0.000000 -47.000000 56.000000
1377.574685 -0.010000 0.680000 -0.540000 -0.010000 0.080000 3.090000 1.507964 -3.081753 0.000000 -47.000000 56.000000
1377.636375 0.110000 -0.170000 -0.240000 -0.060000 0.080000 3.110000 1.172861 -3.141593 0.000000 -49.000000 56.000000
1377.695205 -0.160000 -0.070000 0.460000 -0.000000 0.070000 3.060000 1.172861 -3.141593 0.000000 -49.000000 56.000000
1377.757928 0.610000 0.140000 0.180000 -0.080000 0.070000 3.060000 1.172861 -3.141593 0.000000 -49.000000 56.000000
1377.815924 -0.050000 -0.110000 -0.870000 -0.040000 0.070000 3.200000 1.172861 -3.141593 0.000000 -49.000000 56.000000
1377.876655 -0.310000 -0.280000 0.790000 -0.070000 0.050000 3.280000 1.172861 -3.141593 0.000000 -49.000000 56.000000
1377.938128 -0.100000 -0.590000 -0.260000 -0.050000 0.070000 3.240000 1.172861 -3.141593 0.000000 -49.000000 56.000000
1377.997347 0.390000 0.390000 0.440000 -0.050000 0.040000 3.140000 1.172861 -3.141593 0.000000 -49.000000 56.000000
1378.056899 0.020000 0.220000 0.100000 -0.050000 0.070000 3.160000 1.172861 -3.141593 0.000000 -49.000000 56.000000
1378.116740 0.140000 0.210000 0.340000 -0.030000 0.070000 3.080000 1.172861 -3.141593 0.000000 -49.000000 56.000000
1378.177792 -0.200000 -0.350000 0.100000 -0.060000 0.080000 3.110000 1.172861 -3.141593 0.000000 -49.000000 56.000000
1378.237453 0.340000 -0.300000 -0.050000 0.000000 0.080000 3.110000 1.172861 -3.141593 0.000000 -49.000000 56.000000
1378.297853 -0.040000 -0.470000 -0.740000 -0.070000 0.060000 3.190000 1.172861 -3.141593 0.000000 -49.000000 56.000000
1378.358800 -0.450000 -0.370000 0.440000 -0.030000 0.060000 3.250000 1.172861 -3.141593 0.000000 -49.000000 56.000000
1378.418485 0.110000 0.010000 -0.380000 -0.010000 0.110000 3.080000 1.172861 -3.141593 0.000000 -49.000000 56.000000
1378.478615 0.200000 0.210000 0.080000 -0.050000 0.000000 3.070000 1.172861 -3.141593 0.000000 -49.000000 56.000000
1378.538552 -0.250000 0.150000 0.240000 -0.010000 0.080000 3.050000 1.172861 -3.141593 0.000000 -49.000000 56.000000
1378.598751 0.130000 -0.080000 0.190000 -0.030000 0.040000 2.990000 1.172861 -3.141593 0.000000 -49.000000 56.000000
1378.660330 0.100000 -0.210000 0.060000 -0.010000 0.110000 3.030000 1.507964 -3.141593 0.000000 -48.000000 57.000000
1378.719066 -0.560000 -0.600000 -0.120000 0.000000 0.040000 1.650000 1.507964 -3.141593 0.000000 -48.000000 57.000000
1378.779103 0.140000 1.850000 0.730000 -0.180000 -0.120000 1.190000 1.507964 -3.141593 0.000000 -48.000000 57.000000
1378.840226 -0.390000 -0.350000 -0.640000 -0.000000 0.100000 2.000000 1.507964 -3.141593 0.000000 -48.000000 57.000000
1378.899901 0.120000 -0.790000 -0.160000 -0.030000 0.030000 1.110000 1.507964 -3.141593 0.000000 -48.000000 57.000000
1378.959839 -0.520000 0.340000 0.550000 0.020000 -0.000000 -0.060000 1.507964 -3.141593 0.000000 -48.000000 57.000000
1379.019927 -0.090000 -0.050000 -0.330000 0.010000 0.000000 0.010000 1.507964 -3.141593 0.000000 -48.000000 57.000000
1379.080927 0.000000 -0.100000 -0.320000 0.000000 -0.000000 -0.010000 1.507964 -3.141593 0.000000 -48.000000 57.000000
1379.140263 -0.380000 -0.060000 -0.170000 -0.000000 0.010000 0.010000 0.502655 -1.047198 0.000000 -16.000000 19.000000
1379.200757 0.040000 -0.060000 -0.080000 -0.000000 -0.010000 -0.000000 0.502655 -1.047198 0.000000 -16.000000 19.000000
1379.260707 -0.090000 -0.040000 -0.080000 -0.000000 0.000000 0.000000 0.502655 -1.047198 0.000000 -16.000000 19.000000
1379.320379 -0.170000 -0.170000 -0.140000 0.000000 0.000000 -0.000000 0.502655 -1.047198 0.000000 -16.000000 19.000000
1379.381122 -0.010000 -0.020000 -0.210000 -0.000000 -0.010000 -0.000000 0.502655 -1.047198 0.000000 -16.000000 19.000000
1379.440228 -0.020000 -0.010000 0.010000 0.000000 0.010000 0.000000 0.502655 -1.047198 0.000000 -16.000000 19.000000
1379.500390 -0.020000 0.030000 -0.110000 0.010000 -0.000000 -0.000000 0.502655 -1.047198 0.000000 -16.000000 19.000000
1379.560469 0.040000 -0.060000 -0.040000 0.000000 -0.000000 0.000000 0.502655 -1.047198 0.000000 -16.000000 19.000000
1379.620443 -0.180000 0.020000 -0.030000 0.000000 0.000000 0.000000 0.502655 -1.047198 0.000000 -16.000000 19.000000
1379.680566 0.020000 -0.080000 0.070000 -0.000000 -0.000000 -0.000000 0.000000 0.000000 0.000000 0.000000 0.000000
1379.738853 -0.090000 0.050000 -0.050000 -0.000000 0.000000 0.000000 0.000000 0.000000 0.000000 0.000000 0.000000
1379.799390 -0.020000 -0.090000 0.050000 0.000000 -0.000000 -0.000000 0.000000 0.000000 0.000000 0.000000 0.000000
1379.859754 -0.060000 0.070000 -0.020000 -0.000000 -0.000000 -0.000000 0.000000 0.000000 0.000000 0.000000 0.000000
1379.920933 -0.020000 -0.090000 -0.020000 -0.000000 0.000000 0.000000 0.000000 0.000000 0.000000 0.000000 0.000000
1379.978175 -0.030000 0.000000 0.030000 0.000000 0.000000 -0.000000 0.000000 0.000000 0.000000 0.000000 0.000000
1380.038715 0.030000 -0.050000 -0.020000 -0.000000 -0.000000 0.000000 0.000000 0.000000 0.000000 0.000000 0.000000
1380.098882 -0.070000 -0.010000 -0.000000 0.000000 -0.000000 0.000000 0.000000 0.000000 0.000000 0.000000 0.000000
1380.159172 0.040000 0.010000 0.060000 -0.000000 0.000000 -0.000000 0.000000 0.000000 0.000000 0.000000 0.000000
1380.219463 -0.020000 0.060000 -0.020000 -0.000000 0.000000 -0.000000 0.000000 0.000000 0.000000 0.000000 0.000000
1380.278439 -0.050000 -0.080000 -0.010000 0.000000 0.000000 -0.000000 0.000000 0.000000 0.000000 0.000000 0.000000
1380.338062 -0.000000 0.070000 -0.000000 -0.000000 0.000000 0.000000 0.000000 0.000000 0.000000 0.000000 0.000000
1380.398704 -0.060000 -0.030000 0.000000 0.000000 0.000000 -0.000000 0.000000 0.000000 0.000000 0.000000 0.000000
1380.458086 0.000000 0.080000 0.020000 -0.000000 0.000000 -0.000000 0.000000 0.000000 0.000000 0.000000 0.000000
1380.517335 -0.090000 -0.080000 0.050000 -0.000000 -0.000000 0.000000 0.000000 0.000000 0.000000 0.000000 0.000000
1380.578370 -0.020000 0.080000 -0.010000 0.000000 -0.000000 -0.000000 0.000000 0.000000 0.000000 0.000000 0.000000
1380.638503 0.020000 -0.020000 -0.020000 -0.000000 0.000000 -0.000000 0.000000 0.000000 0.000000 0.000000 0.000000
1380.696563 0.030000 0.020000 0.070000 -0.000000 -0.000000 0.000000 0.000000 0.000000 0.000000 0.000000 0.000000
1380.757020 0.050000 -0.090000 0.000000 -0.000000 -0.000000 -0.000000 0.000000 0.000000 0.000000 0.000000 0.000000
1380.818506 -0.020000 0.040000 -0.000000 -0.000000 -0.000000 0.000000 0.000000 0.000000 0.000000 0.000000 0.000000
1380.877835 0.010000 -0.030000 -0.070000 -0.000000 0.000000 -0.000000 0.000000 0.000000 0.000000 0.000000 0.000000
1380.936340 0.030000 0.060000 -0.010000 -0.000000 0.000000 0.000000 0.000000 0.000000 0.000000 0.000000 0.000000
1380.997109 0.000000 -0.040000 -0.080000 0.000000 -0.000000 -0.000000 0.000000 0.000000 0.000000 0.000000 0.000000
1381.056800 0.050000 0.080000 -0.010000 -0.000000 0.000000 0.000000 0.000000 0.000000 0.000000 0.000000 0.000000
1381.115822 -0.010000 -0.080000 0.010000 0.000000 0.000000 0.000000 0.000000 0.000000 0.000000 0.000000 0.000000
1381.176558 0.010000 0.070000 0.010000 -0.000000 0.000000 -0.000000 0.000000 0.000000 0.000000 0.000000 0.000000
1381.238060 -0.050000 -0.070000 -0.060000 0.000000 0.000000 -0.000000 0.000000 0.000000 0.000000 0.000000 0.000000
1381.295528 0.010000 0.030000 0.020000 0.000000 0.000000 -0.000000 0.000000 0.000000 0.000000 0.000000 0.000000
1381.356043 0.030000 -0.050000 -0.040000 -0.000000 0.000000 -0.000000 0.000000 0.000000 0.000000 0.000000 0.000000
1381.414862 0.060000 0.020000 0.010000 0.000000 0.000000 0.000000 0.000000 0.000000 0.000000 0.000000 0.000000
1381.476219 -0.030000 -0.050000 0.020000 -0.000000 0.000000 0.000000 0.000000 0.000000 0.000000 0.000000 0.000000
1381.535637 0.020000 -0.040000 0.100000 0.000000 0.000000 -0.000000 0.000000 0.000000 0.000000 0.000000 0.000000
1381.595447 -0.040000 -0.070000 0.010000 -0.000000 0.000000 0.000000 0.000000 0.000000 0.000000 0.000000 0.000000
1381.656657 0.010000 0.020000 -0.030000 0.000000 -0.000000 -0.000000 0.000000 0.000000 0.000000 0.000000 0.000000
1381.715142 -0.030000 -0.010000 -0.010000 -0.000000 0.000000 0.000000 0.000000 0.000000 0.000000 0.000000 0.000000
1381.774748 -0.010000 0.010000 -0.010000 -0.000000 -0.000000 0.000000 0.000000 0.000000 0.000000 0.000000 0.000000
1381.836619 -0.040000 -0.010000 -0.010000 0.000000 -0.000000 0.000000 0.000000 0.000000 0.000000 0.000000 0.000000
1381.897590 -0.030000 0.020000 0.020000 0.000000 0.000000 0.000000 0.000000 0.000000 0.000000 0.000000 0.000000
1381.954207 0.040000 0.010000 0.030000 -0.000000 0.000000 0.000000 0.000000 0.000000 0.000000 0.000000 0.000000
1382.014602 -0.010000 0.080000 -0.040000 -0.000000 -0.000000 -0.000000 0.000000 0.000000 0.000000 0.000000 0.000000
1382.076517 -0.000000 0.020000 0.040000 0.000000 -0.000000 0.000000 0.000000 0.000000 0.000000 0.000000 0.000000
1382.134605 -0.040000 0.030000 -0.020000 -0.000000 -0.000000 0.000000 0.000000 0.000000 0.000000 0.000000 0.000000
1382.194159 -0.030000 -0.030000 0.060000 0.000000 -0.000000 0.000000 0.000000 0.000000 0.000000 0.000000 0.000000
1382.253907 0.000000 0.010000 -0.050000 -0.000000 0.000000 0.000000 0.000000 0.000000 0.000000 0.000000 0.000000
1382.314966 -0.050000 -0.040000 0.040000 0.000000 0.000000 0.000000 0.000000 0.000000 0.000000 0.000000 0.000000
1382.372972 -0.050000 0.030000 0.010000 -0.000000 0.000000 0.000000 0.000000 0.000000 0.000000 0.000000 0.000000
1382.433646 0.060000 0.000000 -0.030000 0.000000 -0.000000 -0.000000 0.000000 0.000000 0.000000 0.000000 0.000000
1382.492447 0.030000 0.030000 0.000000 0.000000 0.000000 0.000000 0.000000 0.000000 0.000000 0.000000 0.000000
1382.553353 0.010000 -0.030000 -0.060000 0.000000 -0.000000 0.000000 0.000000 0.000000 0.000000 0.000000 0.000000
1382.612565 -0.030000 -0.040000 0.050000 0.000000 0.000000 -0.000000 0.000000 0.000000 0.000000 0.000000 0.000000
1382.672639 0.050000 -0.010000 -0.020000 0.000000 0.000000 0.000000 0.000000 0.000000 0.000000 0.000000 0.000000
1382.732057 0.030000 0.000000 0.010000 0.000000 -0.000000 -0.000000 0.000000 0.000000 0.000000 0.000000 0.000000
1382.793141 0.050000 -0.030000 -0.030000 -0.000000 0.000000 -0.000000 0.000000 0.000000 0.000000 0.000000 0.000000
1382.852498 0.050000 0.060000 0.040000 -0.000000 -0.000000 -0.000000 0.000000 0.000000 0.000000 0.000000 0.000000
1382.913378 -0.030000 -0.050000 -0.000000 0.000000 0.000000 -0.000000 0.000000 0.000000 0.000000 0.000000 0.000000
1382.972941 0.030000 0.000000 -0.010000 0.000000 -0.000000 0.000000 0.000000 0.000000 0.000000 0.000000 0.000000
1383.032173 -0.010000 -0.020000 -0.050000 0.000000 -0.000000 0.000000 0.000000 0.000000 0.000000 0.000000 0.000000
1383.092142 -0.090000 0.030000 -0.020000 -0.000000 0.000000 0.000000 0.000000 0.000000 0.000000 0.000000 0.000000
1383.151140 0.030000 0.050000 0.010000 0.000000 -0.000000 -0.000000 0.000000 0.000000 0.000000 0.000000 0.000000
1383.212962 0.000000 0.050000 0.000000 -0.000000 0.000000 0.000000 0.000000 0.000000 0.000000 0.000000 0.000000
1383.271251 -0.040000 0.050000 0.000000 0.000000 -0.000000 0.000000 0.000000 0.000000 0.000000 0.000000 0.000000
1383.331243 0.010000 -0.010000 0.050000 -0.000000 -0.000000 -0.000000 0.000000 0.000000 0.000000 0.000000 0.000000
1383.392020 -0.000000 -0.020000 -0.010000 0.000000 -0.000000 -0.000000 0.000000 0.000000 0.000000 0.000000 0.000000
1383.451665 0.050000 -0.010000 -0.050000 -0.000000 0.000000 -0.000000 0.000000 0.000000 0.000000 0.000000 0.000000
1383.510895 -0.010000 -0.080000 0.120000 0.000000 0.000000 -0.000000 0.000000 0.000000 0.000000 0.000000 0.000000
1383.571993 0.020000 -0.070000 0.010000 0.000000 0.000000 0.000000 0.000000 0.000000 0.000000 0.000000 0.000000
1383.631658 0.000000 -0.020000 0.020000 -0.000000 0.000000 0.000000 0.000000 0.000000 0.000000 0.000000 0.000000
1383.691948 -0.010000 -0.050000 -0.040000 0.000000 0.000000 0.000000 0.000000 0.000000 0.000000 0.000000 0.000000
1383.750863 0.000000 0.010000 0.010000 0.000000 0.000000 0.000000 0.000000 0.000000 0.000000 0.000000 0.000000
1383.811527 -0.010000 0.000000 -0.050000 0.000000 0.000000 0.000000 0.000000 0.000000 0.000000 0.000000 0.000000
1383.871465 -0.020000 0.030000 -0.000000 0.000000 0.000000 -0.000000 0.000000 0.000000 0.000000 0.000000 0.000000
1383.929740 -0.010000 0.000000 0.030000 0.000000 0.000000 -0.000000 0.000000 0.000000 0.000000 0.000000 0.000000
1383.990875 0.060000 0.040000 0.030000 0.000000 -0.000000 -0.000000 0.000000 0.000000 0.000000 0.000000 0.000000
1384.049359 -0.040000 0.050000 -0.010000 -0.000000 0.000000 0.000000 0.000000 0.000000 0.000000 0.000000 0.000000
1384.111715 -0.040000 -0.030000 0.010000 0.000000 0.000000 -0.000000 0.000000 0.000000 0.000000 0.000000 0.000000
1384.169207 0.020000 0.030000 -0.020000 0.000000 -0.000000 -0.000000 0.000000 0.000000 0.000000 0.000000 0.000000
1384.229123 -0.020000 0.040000 -0.030000 -0.000000 0.000000 0.000000 0.000000 0.000000 0.000000 0.000000 0.000000
1384.288703 -0.010000 -0.010000 0.010000 -0.000000 0.000000 -0.000000 0.000000 0.000000 0.000000 0.000000 0.000000
1384.350177 -0.010000 -0.030000 0.020000 0.000000 0.000000 -0.000000 0.000000 0.000000 0.000000 0.000000 0.000000
1384.409194 0.040000 0.020000 -0.010000 -0.000000 -0.000000 -0.000000 0.000000 0.000000 0.000000 0.000000 0.000000
1384.468720 0.030000 0.000000 -0.010000 -0.000000 -0.000000 0.000000 0.000000 0.000000 0.000000 0.000000 0.000000
1384.527836 -0.020000 0.010000 -0.010000 -0.000000 0.000000 0.000000 0.000000 0.000000 0.000000 0.000000 0.000000
1384.588563 -0.020000 -0.020000 -0.040000 -0.000000 -0.000000 0.000000 0.000000 0.000000 0.000000 0.000000 0.000000
1384.649007 0.020000 -0.000000 0.060000 -0.000000 0.000000 0.000000 0.000000 0.000000 0.000000 0.000000 0.000000
1384.707192 0.000000 0.040000 0.030000 -0.000000 0.000000 0.000000 0.000000 0.000000 0.000000 0.000000 0.000000
1384.767017 0.030000 -0.040000 0.000000 -0.000000 0.000000 0.000000 0.000000 0.000000 0.000000 0.000000 0.000000
1384.828250 -0.030000 -0.070000 -0.080000 -0.000000 -0.000000 -0.000000 0.000000 0.000000 0.000000 0.000000 0.000000
1384.888226 -0.010000 0.000000 0.020000 0.000000 0.000000 -0.000000 0.000000 0.000000 0.000000 0.000000 0.000000
1384.948094 -0.010000 -0.000000 0.040000 0.000000 0.000000 -0.000000 0.000000 0.000000 0.000000 0.000000 0.000000
1385.008011 -0.020000 -0.010000 -0.030000 -0.000000 -0.000000 0.000000 0.000000 0.000000 0.000000 0.000000 0.000000
1385.070164 -0.030000 0.030000 -0.010000 -0.000000 -0.000000 0.000000 0.000000 0.000000 0.000000 0.000000 0.000000
1385.127249 -0.000000 0.000000 -0.050000 -0.000000 0.000000 0.000000 0.000000 0.000000 0.000000 0.000000 0.000000
1385.186842 -0.010000 -0.040000 -0.080000 -0.000000 0.000000 -0.000000 0.000000 0.000000 0.000000 0.000000 0.000000
1385.246087 -0.030000 0.010000 0.050000 -0.000000 0.000000 0.000000 0.000000 0.000000 0.000000 0.000000 0.000000
1385.307024 0.030000 0.010000 0.040000 -0.000000 0.000000 0.000000 0.000000 0.000000 0.000000 0.000000 0.000000
1385.368143 -0.010000 0.010000 -0.000000 -0.000000 -0.000000 -0.000000 0.000000 0.000000 0.000000 0.000000 0.000000
1385.427389 -0.020000 0.020000 0.000000 -0.000000 0.000000 0.000000 0.000000 0.000000 0.000000 0.000000 0.000000
1385.486893 0.060000 -0.010000 -0.020000 0.000000 -0.000000 -0.000000 0.000000 0.000000 0.000000 0.000000 0.000000
1385.546142 0.020000 0.010000 -0.040000 -0.000000 -0.000000 0.000000 0.000000 0.000000 0.000000 0.000000 0.000000
1385.605404 0.010000 0.020000 0.020000 -0.000000 0.000000 -0.000000 0.000000 0.000000 0.000000 0.000000 0.000000
1385.665769 0.030000 0.010000 0.060000 -0.000000 0.000000 0.000000 0.000000 0.000000 0.000000 0.000000 0.000000
1385.725635 -0.000000 -0.020000 0.010000 0.000000 0.000000 -0.000000 0.000000 0.000000 0.000000 0.000000 0.000000
1385.785085 0.010000 0.020000 -0.020000 0.000000 0.000000 -0.000000 0.000000 0.000000 0.000000 0.000000 0.000000
1385.845030 0.020000 0.020000 0.020000 -0.000000 -0.000000 0.000000 0.000000 0.000000 0.000000 0.000000 0.000000
1385.907034 0.020000 0.000000 0.030000 -0.000000 0.000000 -0.000000 0.000000 0.000000 0.000000 0.000000 0.000000
1385.967288 -0.040000 -0.020000 -0.010000 0.000000 0.000000 0.000000 0.000000 0.000000 0.000000 0.000000 0.000000
1386.026030 0.000000 0.000000 -0.030000 0.000000 -0.000000 -0.000000 0.000000 0.000000 0.000000 0.000000 0.000000
1386.084090 0.010000 -0.010000 -0.030000 0.000000 0.000000 0.000000 0.000000 0.000000 0.000000 0.000000 0.000000
1386.144898 -0.010000 0.020000 -0.000000 -0.000000 0.000000 -0.000000 0.000000 0.000000 0.000000 0.000000 0.000000
1386.204406 -0.050000 0.000000 0.030000 0.000000 0.000000 -0.000000 0.000000 0.000000 0.000000 0.000000 0.000000
1386.265154 0.030000 0.030000 0.060000 0.000000 -0.000000 0.000000 0.000000 0.000000 0.000000 0.000000 0.000000
1386.324602 0.040000 0.020000 -0.060000 0.000000 -0.000000 0.000000 0.000000 0.000000 0.000000 0.000000 0.000000
1386.383781 -0.010000 -0.020000 0.010000 -0.000000 0.000000 0.000000 0.000000 0.000000 0.000000 0.000000 0.000000
1386.443718 -0.020000 0.070000 0.040000 0.000000 0.000000 -0.000000 0.000000 0.000000 0.000000 0.000000 0.000000
1386.504624 -0.010000 -0.040000 0.060000 0.000000 0.000000 -0.000000 0.000000 0.000000 0.000000 0.000000 0.000000
1386.565251 -0.010000 -0.020000 -0.030000 0.000000 -0.000000 -0.000000 0.000000 0.000000 0.000000 0.000000 0.000000
1386.623081 0.030000 -0.050000 0.030000 0.000000 -0.000000 0.000000 0.000000 0.000000 0.000000 0.000000 0.000000
1386.683698 -0.020000 -0.010000 0.010000 0.000000 -0.000000 -0.000000 0.000000 0.000000 0.000000 0.000000 0.000000
1386.742279 0.030000 0.010000 0.020000 -0.000000 0.000000 -0.000000 0.000000 0.000000 0.000000 0.000000 0.000000
1386.805228 -0.030000 -0.000000 -0.060000 0.000000 0.000000 0.000000 0.000000 0.000000 0.000000 0.000000 0.000000
1386.863550 0.020000 -0.010000 -0.040000 -0.000000 0.000000 -0.000000 0.000000 0.000000 0.000000 0.000000 0.000000
1386.922737 -0.040000 -0.010000 -0.020000 0.000000 0.000000 0.000000 0.000000 0.000000 0.000000 0.000000 0.000000
1386.982845 -0.010000 0.010000 0.010000 0.000000 -0.000000 0.000000 0.000000 0.000000 0.000000 0.000000 0.000000
1387.042595 0.010000 0.030000 -0.010000 -0.000000 0.000000 -0.000000 0.000000 0.000000 0.000000 0.000000 0.000000
1387.103643 -0.020000 -0.010000 0.030000 0.000000 -0.000000 0.000000 0.000000 0.000000 0.000000 0.000000 0.000000
1387.162979 -0.030000 0.060000 0.000000 -0.000000 -0.000000 -0.000000 0.000000 0.000000 0.000000 0.000000 0.000000
1387.222069 0.020000 -0.020000 -0.010000 -0.000000 0.000000 -0.000000 0.000000 0.000000 0.000000 0.000000 0.000000
1387.281748 0.030000 -0.020000 0.040000 -0.000000 0.000000 -0.000000 0.000000 0.000000 0.000000 0.000000 0.000000
1387.341483 0.020000 0.010000 0.020000 -0.000000 0.000000 -0.000000 0.000000 0.000000 0.000000 0.000000 0.000000
1387.402445 -0.020000 0.050000 0.030000 0.000000 0.000000 -0.000000 0.000000 0.000000 0.000000 0.000000 0.000000
1387.461436 -0.020000 -0.070000 -0.010000 0.000000 0.000000 0.000000 0.000000 0.000000 0.000000 0.000000 0.000000
1387.553565 0.080000 0.030000 -0.020000 0.000000 0.000000 0.000000 0.000000 0.000000 0.000000 0.000000 0.000000
1387.583031 -0.030000 -0.040000 -0.000000 0.000000 0.000000 -0.000000 0.000000 0.000000 0.000000 0.000000 0.000000
1387.640152 0.030000 0.020000 -0.010000 0.000000 0.000000 -0.000000 0.000000 0.000000 0.000000 0.000000 0.000000
1387.700281 0.020000 -0.040000 0.030000 0.000000 -0.000000 0.000000 0.000000 0.000000 0.000000 0.000000 0.000000
1387.762704 -0.050000 0.030000 -0.020000 0.000000 0.000000 -0.000000 0.000000 0.000000 0.000000 0.000000 0.000000
1387.820188 0.030000 -0.060000 0.020000 -0.000000 0.000000 -0.000000 0.000000 0.000000 0.000000 0.000000 0.000000
1387.880557 0.040000 0.050000 -0.060000 0.000000 0.000000 -0.000000 0.000000 0.000000 0.000000 0.000000 0.000000
1387.939574 -0.010000 -0.000000 0.020000 0.000000 0.000000 0.000000 0.000000 0.000000 0.000000 0.000000 0.000000
1388.000648 -0.010000 0.050000 0.020000 -0.000000 -0.000000 -0.000000 0.000000 0.000000 0.000000 0.000000 0.000000
1388.058988 0.020000 0.070000 0.040000 0.000000 0.000000 0.000000 0.000000 0.000000 0.000000 0.000000 0.000000
1388.119557 -0.010000 0.020000 -0.050000 0.000000 0.000000 -0.000000 0.000000 0.000000 0.000000 0.000000 0.000000
1388.179534 -0.020000 -0.030000 -0.000000 -0.000000 0.000000 -0.000000 0.000000 0.000000 0.000000 0.000000 0.000000
1388.238795 0.020000 0.010000 -0.050000 -0.000000 0.000000 0.000000 0.000000 0.000000 0.000000 0.000000 0.000000
1388.301195 -0.040000 0.000000 -0.020000 0.000000 -0.000000 -0.000000 0.000000 0.000000 0.000000 0.000000 0.000000
1388.360905 -0.040000 0.020000 -0.030000 -0.000000 -0.000000 0.000000 0.000000 0.000000 0.000000 0.000000 0.000000
1388.419401 -0.050000 -0.050000 -0.010000 -0.000000 0.000000 -0.000000 0.000000 0.000000 0.000000 0.000000 0.000000
1388.501399 -0.000000 0.010000 0.010000 0.000000 -0.000000 0.000000 0.000000 0.000000 0.000000 0.000000 0.000000
1388.557013 0.020000 -0.070000 0.020000 0.000000 -0.000000 -0.000000 0.000000 0.000000 0.000000 0.000000 0.000000
1388.598598 -0.000000 -0.040000 0.010000 -0.000000 -0.000000 -0.000000 0.000000 0.000000 0.000000 0.000000 0.000000
1388.658204 -0.010000 -0.020000 0.050000 0.000000 0.000000 0.000000 0.000000 0.000000 0.000000 0.000000 0.000000
1388.718065 0.040000 0.040000 -0.020000 -0.000000 -0.000000 -0.000000 0.000000 0.000000 0.000000 0.000000 0.000000
1388.778125 0.040000 -0.020000 0.020000 -0.000000 -0.000000 -0.000000 0.000000 0.000000 0.000000 0.000000 0.000000
1388.837537 0.030000 0.030000 -0.040000 0.000000 -0.000000 0.000000 0.000000 0.000000 0.000000 0.000000 0.000000
1388.901593 -0.010000 -0.000000 -0.080000 -0.000000 -0.000000 0.000000 0.000000 0.000000 0.000000 0.000000 0.000000
1388.958091 0.020000 0.040000 0.030000 0.000000 0.000000 -0.000000 0.000000 0.000000 0.000000 0.000000 0.000000
1389.017875 -0.020000 -0.040000 0.000000 -0.000000 -0.000000 0.000000 0.000000 0.000000 0.000000 0.000000 0.000000
1389.079246 -0.020000 0.030000 0.010000 -0.000000 -0.000000 -0.000000 0.000000 0.000000 0.000000 0.000000 0.000000
1389.136949 -0.010000 0.000000 0.030000 0.000000 0.000000 0.000000 0.000000 0.000000 0.000000 0.000000 0.000000
1389.198112 0.020000 -0.040000 0.080000 0.000000 0.000000 -0.000000 0.000000 0.000000 0.000000 0.000000 0.000000
1389.256594 0.010000 0.000000 -0.050000 -0.000000 0.000000 0.000000 0.000000 0.000000 0.000000 0.000000 0.000000
1389.317139 -0.020000 -0.020000 -0.060000 0.000000 0.000000 -0.000000 0.000000 0.000000 0.000000 0.000000 0.000000
1389.377001 -0.060000 -0.030000 0.040000 0.000000 0.000000 0.000000 0.000000 0.000000 0.000000 0.000000 0.000000
1389.436157 -0.000000 0.000000 0.030000 0.000000 0.000000 -0.000000 0.000000 0.000000 0.000000 0.000000 0.000000
1389.495857 0.040000 0.000000 0.090000 -0.000000 0.000000 0.000000 0.000000 0.000000 0.000000 0.000000 0.000000
1389.557276 0.000000 0.010000 0.070000 0.000000 0.000000 -0.000000 0.000000 0.000000 0.000000 0.000000 0.000000
1389.616074 0.020000 -0.040000 -0.030000 -0.000000 0.000000 0.000000 0.000000 0.000000 0.000000 0.000000 0.000000
1389.675977 0.030000 0.030000 -0.020000 -0.000000 0.000000 -0.000000 0.000000 0.000000 0.000000 0.000000 0.000000
1389.735106 0.020000 0.060000 0.020000 -0.000000 0.000000 -0.000000 0.000000 0.000000 0.000000 0.000000 0.000000
1389.795112 -0.010000 0.020000 0.050000 -0.000000 0.000000 0.000000 0.000000 0.000000 0.000000 0.000000 0.000000
1389.855286 -0.040000 0.010000 0.030000 0.000000 -0.000000 0.000000 0.000000 0.000000 0.000000 0.000000 0.000000
1389.916268 -0.020000 0.050000 0.010000 0.000000 -0.000000 0.000000 0.000000 0.000000 0.000000 0.000000 0.000000
1389.975766 0.030000 -0.020000 -0.070000 0.000000 0.000000 0.000000 0.000000 0.000000 0.000000 0.000000 0.000000
1390.035297 -0.020000 -0.020000 0.030000 0.000000 -0.000000 0.000000 0.000000 0.000000 0.000000 0.000000 0.000000
1390.094845 -0.050000 -0.010000 -0.030000 0.000000 0.000000 -0.000000 0.000000 0.000000 0.000000 0.000000 0.000000
1390.154850 0.010000 0.020000 -0.020000 0.000000 0.000000 0.000000 0.000000 0.000000 0.000000 0.000000 0.000000
1390.214976 -0.020000 0.030000 0.030000 0.000000 0.000000 -0.000000 0.000000 0.000000 0.000000 0.000000 0.000000
1390.274602 0.040000 -0.040000 -0.080000 0.000000 -0.000000 0.000000 0.000000 0.000000 0.000000 0.000000 0.000000
1390.334652 -0.010000 -0.050000 0.000000 -0.000000 0.000000 -0.000000 0.000000 0.000000 0.000000 0.000000 0.000000
1390.395548 -0.010000 -0.000000 0.020000 0.000000 -0.000000 0.000000 0.000000 0.000000 0.000000 0.000000 0.000000
1390.454242 0.000000 0.050000 -0.050000 0.000000 0.000000 -0.000000 0.000000 0.000000 0.000000 0.000000 0.000000
1390.516284 -0.020000 0.050000 -0.040000 0.000000 -0.000000 -0.000000 0.000000 0.000000 0.000000 0.000000 0.000000
1390.574223 0.030000 -0.000000 -0.010000 0.000000 -0.000000 -0.000000 0.000000 0.000000 0.000000 0.000000 0.000000
1390.633403 -0.020000 -0.010000 -0.040000 0.000000 0.000000 0.000000 0.000000 0.000000 0.000000 0.000000 0.000000
1390.693544 0.010000 -0.010000 -0.000000 0.000000 0.000000 -0.000000 0.000000 0.000000 0.000000 0.000000 0.000000
1390.752994 0.010000 -0.030000 0.030000 0.000000 0.000000 0.000000 0.000000 0.000000 0.000000 0.000000 0.000000
