[ 4.191e+01  7.000e-02  3.000e-02 -9.430e+00  0.000e+00  2.000e-02
  0.000e+00  0.000e+00  0.000e+00  0.000e+00]
[ 4.194e+01  2.000e-02 -3.000e-02 -8.450e+00  0.000e+00  0.000e+00
  0.000e+00  0.000e+00  0.000e+00  0.000e+00]
[ 4.197e+01  4.000e-02 -0.000e+00 -7.400e+00  0.000e+00  0.000e+00
 -0.000e+00  0.000e+00  0.000e+00  0.000e+00]
[ 4.20000000e+01 -1.00000000e-01  3.00000000e-02 -6.24000000e+00
  0.00000000e+00  2.00000000e-02 -0.00000000e+00 -1.54240000e+01
 -2.75428571e+00  0.00000000e+00]
[ 4.20300000e+01  1.70000000e-01  1.60000000e-01 -5.31000000e+00
 -0.00000000e+00  2.00000000e-02  2.00000000e-02 -3.69280000e+01
 -6.59428571e+00  0.00000000e+00]
[ 42.06   -0.08    0.22   -3.94   -0.      0.     -0.    -53.984  -9.64
   0.   ]
[ 4.20900000e+01 -1.30000000e-01 -3.60000000e-01 -3.12000000e+00
  1.00000000e-02 -1.00000000e-02  1.00000000e-02 -8.48480000e+01
 -1.51514286e+01  0.00000000e+00]
[ 4.21200000e+01 -2.00000000e-02 -3.00000000e-01 -2.17000000e+00
 -0.00000000e+00  0.00000000e+00  0.00000000e+00 -9.60000000e+01
 -1.71428571e+01  0.00000000e+00]
[ 4.21500e+01 -1.10000e-01  4.00000e-02 -1.22000e+00 -1.00000e-02
 -1.00000e-02  1.00000e-02 -1.10768e+02 -1.97800e+01  0.00000e+00]
[ 4.21800e+01  3.00000e-02  8.00000e-02  4.10000e-01  0.00000e+00
  0.00000e+00  1.00000e-02 -1.15696e+02 -2.06600e+01  0.00000e+00]
[ 4.22100000e+01 -1.20000000e-01 -6.00000000e-02  1.50000000e-01
  0.00000000e+00  1.00000000e-02 -1.00000000e-02 -1.54256000e+02
 -2.75457143e+01  0.00000000e+00]
[ 4.22400000e+01  5.30000000e-01 -3.00000000e-02  3.00000000e-01
  2.00000000e-02  1.00000000e-02 -1.00000000e-02 -1.55072000e+02
 -2.76914286e+01  0.00000000e+00]
[ 4.22700000e+01 -1.25000000e+00 -1.00000000e-01 -6.00000000e-02
  0.00000000e+00 -1.00000000e-02 -0.00000000e+00 -1.54256000e+02
 -2.75457143e+01  0.00000000e+00]
[ 4.22900000e+01  2.80000000e-01  4.10000000e-01 -7.40000000e-01
 -0.00000000e+00 -2.00000000e-02 -1.00000000e-02 -1.85104000e+02
 -3.30542857e+01  0.00000000e+00]
[ 4.2320e+01  5.7000e-01  2.4000e-01 -7.2000e-01 -0.0000e+00  2.0000e-02
  0.0000e+00 -1.6968e+02 -3.0300e+01  0.0000e+00]
[ 4.23500000e+01 -1.10000000e-01  3.90000000e-01  4.30000000e-01
 -1.00000000e-02 -1.00000000e-02  1.00000000e-02 -1.77392000e+02
 -3.16771429e+01  0.00000000e+00]
[ 4.23800000e+01  1.70000000e-01  5.60000000e-01 -5.00000000e-01
  1.00000000e-02 -2.00000000e-02  0.00000000e+00 -1.85104000e+02
 -3.30542857e+01  0.00000000e+00]
[ 4.24100000e+01  7.90000000e-01  6.70000000e-01  3.80000000e-01
 -0.00000000e+00  3.00000000e-02 -1.00000000e-02 -1.92000000e+02
 -3.42857143e+01  0.00000000e+00]
[ 4.24400000e+01 -3.00000000e-01 -3.30000000e-01 -4.40000000e-01
 -1.00000000e-02 -0.00000000e+00  1.00000000e-02 -1.61968000e+02
 -2.89228571e+01  0.00000000e+00]
[ 4.24700000e+01 -4.00000000e-01 -3.50000000e-01 -1.40000000e-01
  1.00000000e-02  1.00000000e-02 -0.00000000e+00 -2.08240000e+02
 -3.71857143e+01  0.00000000e+00]
[ 4.25000e+01 -4.80000e-01 -1.40000e-01  3.10000e-01 -1.00000e-02
  2.00000e-02 -0.00000e+00 -2.28928e+02 -4.08800e+01  0.00000e+00]
[ 4.25300000e+01 -5.00000000e-02  1.00000000e-01  4.90000000e-01
 -1.00000000e-02  2.00000000e-02 -2.00000000e-02 -1.84608000e+02
 -3.29657143e+01  0.00000000e+00]
[ 4.25600e+01  1.07000e+00  3.10000e-01 -6.60000e-01 -2.00000e-02
  1.00000e-02  1.00000e-02 -2.31392e+02 -4.13200e+01  0.00000e+00]
[ 4.25900000e+01  4.40000000e-01 -6.30000000e-01 -5.40000000e-01
 -1.00000000e-02 -0.00000000e+00  1.00000000e-02 -1.92816000e+02
 -3.44314286e+01  0.00000000e+00]
[ 4.26200000e+01  3.40000000e-01 -2.20000000e-01  4.80000000e-01
  2.00000000e-02  4.00000000e-02 -2.00000000e-02 -2.06768000e+02
 -3.69228571e+01  0.00000000e+00]
[ 4.26500e+01  4.70000e-01 -3.90000e-01  7.70000e-01  1.00000e-02
 -1.00000e-02  0.00000e+00 -2.23664e+02 -3.99400e+01  0.00000e+00]
[ 4.26800000e+01 -2.40000000e-01 -6.00000000e-01 -1.10000000e-01
 -2.00000000e-02 -1.00000000e-02 -0.00000000e+00 -2.00528000e+02
 -3.58085714e+01  0.00000000e+00]
[ 4.27100000e+01  2.00000000e-01  1.20000000e-01  4.80000000e-01
  2.00000000e-02  6.00000000e-02 -0.00000000e+00 -2.08240000e+02
 -3.71857143e+01  0.00000000e+00]
[ 4.27300000e+01 -2.30000000e-01  3.00000000e-01  2.00000000e-02
 -1.00000000e-02  2.00000000e-02  1.00000000e-02 -1.92816000e+02
 -3.44314286e+01  0.00000000e+00]
[ 4.27600000e+01  8.10000000e-01  3.90000000e-01 -1.00000000e-01
 -0.00000000e+00  1.00000000e-02  2.00000000e-02 -2.15952000e+02
 -3.85628571e+01  0.00000000e+00]
[ 4.27900000e+01 -2.40000000e-01  5.50000000e-01  1.90000000e-01
 -0.00000000e+00 -3.00000000e-02  4.00000000e-02 -2.14160000e+02
 -3.82428571e+01  0.00000000e+00]
[ 4.28200000e+01  4.50000000e-01 -4.70000000e-01  1.60000000e-01
  2.00000000e-02  3.00000000e-02  0.00000000e+00 -2.00528000e+02
 -3.58085714e+01  0.00000000e+00]
[ 4.28500000e+01 -1.70000000e-01  2.30000000e-01  1.30000000e-01
 -2.00000000e-02 -1.00000000e-02  1.00000000e-02 -2.15952000e+02
 -3.85628571e+01  0.00000000e+00]
[ 4.28800000e+01 -8.00000000e-01  1.40000000e-01 -1.00000000e-02
 -1.00000000e-02 -0.00000000e+00 -0.00000000e+00 -1.99392000e+02
 -3.56057143e+01  0.00000000e+00]
[ 4.29100000e+01 -6.00000000e-02  2.80000000e-01  1.00000000e-01
  0.00000000e+00  3.00000000e-02 -0.00000000e+00 -2.14160000e+02
 -3.82428571e+01  0.00000000e+00]
[ 4.29400000e+01 -4.00000000e-02 -2.00000000e-02 -4.00000000e-02
  1.00000000e-02  2.00000000e-02 -1.00000000e-02 -2.08240000e+02
 -3.71857143e+01  0.00000000e+00]
[ 4.29700000e+01 -4.80000000e-01 -9.10000000e-01  1.00000000e-02
  1.00000000e-02 -2.00000000e-02  2.00000000e-02 -2.15952000e+02
 -3.85628571e+01  0.00000000e+00]
[ 4.30000000e+01  1.30000000e-01 -8.90000000e-01 -5.50000000e-01
  0.00000000e+00 -0.00000000e+00  1.00000000e-02 -2.06768000e+02
 -3.69228571e+01  0.00000000e+00]
[ 4.30300000e+01 -1.16000000e+00  1.30000000e-01  3.80000000e-01
 -2.00000000e-02  3.00000000e-02  2.00000000e-02 -2.39104000e+02
 -4.26971429e+01  0.00000000e+00]
[ 4.30600000e+01 -4.60000000e-01  1.30000000e-01 -6.30000000e-01
 -0.00000000e+00 -1.00000000e-02 -1.00000000e-02 -1.99392000e+02
 -3.56057143e+01  0.00000000e+00]
[ 4.30900000e+01  2.20000000e-01  8.10000000e-01  4.80000000e-01
  2.00000000e-02 -0.00000000e+00 -0.00000000e+00 -2.00528000e+02
 -3.58085714e+01  0.00000000e+00]
[ 4.31200000e+01 -2.30000000e-01 -7.60000000e-01 -7.20000000e-01
  0.00000000e+00 -1.00000000e-02 -0.00000000e+00 -2.54528000e+02
 -4.54514286e+01  0.00000000e+00]
[ 4.31500e+01 -6.20000e-01  1.90000e-01  4.00000e-01  0.00000e+00
  1.00000e-02  0.00000e+00 -2.31392e+02 -4.13200e+01  0.00000e+00]
[ 4.31700000e+01 -1.51000000e+00 -4.10000000e-01  1.50000000e-01
  1.00000000e-02 -2.00000000e-02  1.00000000e-02 -2.14160000e+02
 -3.82428571e+01  0.00000000e+00]
[ 4.32000000e+01 -3.30000000e-01  1.30000000e-01 -4.00000000e-02
 -2.00000000e-02 -2.00000000e-02  1.00000000e-02 -1.85104000e+02
 -3.30542857e+01  0.00000000e+00]
[ 4.32300000e+01 -2.00000000e-01  2.80000000e-01  4.90000000e-01
 -1.00000000e-02  1.00000000e-02  5.00000000e-02 -1.46544000e+02
 -2.61685714e+01  0.00000000e+00]
[ 4.32600000e+01 -1.80000000e-01 -4.20000000e-01  6.50000000e-01
  4.00000000e-02  2.00000000e-02 -3.00000000e-02 -1.32928000e+02
 -2.37371429e+01  0.00000000e+00]
[ 4.32900000e+01  8.80000000e-01 -5.00000000e-02  7.00000000e-02
  1.00000000e-02 -1.00000000e-02 -0.00000000e+00 -1.38832000e+02
 -2.47914286e+01  0.00000000e+00]
[ 4.33200000e+01 -8.00000000e-02 -5.00000000e-02 -2.10000000e-01
 -0.00000000e+00 -1.00000000e-02  1.00000000e-02 -1.23408000e+02
 -2.20371429e+01  0.00000000e+00]
[ 4.33500e+01 -4.00000e-02 -1.70000e-01 -2.00000e-01 -1.00000e-02
 -0.00000e+00 -1.00000e-02 -1.15696e+02 -2.06600e+01  0.00000e+00]
[ 4.33800e+01  3.90000e-01  2.50000e-01 -1.60000e-01 -1.00000e-02
 -1.00000e-02 -0.00000e+00 -1.10768e+02 -1.97800e+01  0.00000e+00]
[ 4.34100000e+01 -2.00000000e-02  1.30000000e-01 -2.90000000e-01
 -1.00000000e-02 -1.00000000e-02 -1.00000000e-02 -1.23408000e+02
 -2.20371429e+01  0.00000000e+00]
[ 4.34400e+01  9.00000e-02  3.00000e-01 -1.00000e-01 -1.00000e-02
  2.00000e-02 -1.00000e-02 -1.10768e+02 -1.97800e+01  0.00000e+00]
[ 4.34700000e+01 -5.00000000e-02  1.10000000e-01 -9.00000000e-02
  1.00000000e-02  1.00000000e-02 -0.00000000e+00 -1.23408000e+02
 -2.20371429e+01  0.00000000e+00]
[ 4.35000000e+01  4.90000000e-01  7.00000000e-02 -1.90000000e-01
  0.00000000e+00 -0.00000000e+00  1.00000000e-02 -1.23408000e+02
 -2.20371429e+01  0.00000000e+00]
[ 4.35300e+01 -8.00000e-02  3.50000e-01 -4.00000e-02 -0.00000e+00
  0.00000e+00  0.00000e+00 -1.10768e+02 -1.97800e+01  0.00000e+00]
[ 4.35600e+01  1.90000e-01  1.30000e-01 -2.40000e-01 -0.00000e+00
 -1.00000e-02  1.00000e-02 -1.10768e+02 -1.97800e+01  0.00000e+00]
[ 4.36200000e+01  9.00000000e-02  1.00000000e-01  1.40000000e-01
 -2.00000000e-02  1.00000000e-02  0.00000000e+00 -1.07984000e+02
 -1.92828571e+01  0.00000000e+00]
[ 4.36800000e+01 -1.40000000e-01 -2.50000000e-01  1.00000000e-01
  1.00000000e-02 -0.00000000e+00 -0.00000000e+00 -6.94080000e+01
 -1.23942857e+01  0.00000000e+00]
[ 4.37400000e+01  2.20000000e-01  2.00000000e-02 -1.40000000e-01
 -1.00000000e-02 -1.00000000e-02  2.00000000e-02  7.71200000e+00
  1.37714286e+00  0.00000000e+00]
[ 4.37900000e+01  5.80000000e-01 -6.00000000e-02  1.00000000e-01
 -3.00000000e-02 -2.00000000e-02 -3.00000000e-02  6.94080000e+01
  1.23942857e+01  0.00000000e+00]
[ 4.38500000e+01  2.30000000e-01  1.60000000e-01  5.80000000e-01
 -6.00000000e-02 -4.00000000e-02 -4.00000000e-02  1.07984000e+02
  1.92828571e+01  0.00000000e+00]
[ 4.39100000e+01 -3.70000000e-01  0.00000000e+00 -1.60000000e-01
 -2.00000000e-02 -1.00000000e-02 -1.00000000e-02  1.38832000e+02
  2.47914286e+01  0.00000000e+00]
[ 4.39700000e+01  7.60000000e-01 -1.90000000e-01 -2.00000000e-01
  0.00000000e+00  1.00000000e-02  1.10000000e-01  1.61968000e+02
  2.89228571e+01  0.00000000e+00]
[ 4.40300000e+01  5.90000000e-01  1.00000000e-01 -2.70000000e-01
 -3.00000000e-02 -2.00000000e-02  7.00000000e-02  1.69840000e+02
  3.03285714e+01  0.00000000e+00]
[ 4.40900000e+01 -6.50000000e-01 -3.10000000e-01  4.30000000e-01
  2.00000000e-02 -1.00000000e-02  1.00000000e-02  1.92816000e+02
  3.44314286e+01  0.00000000e+00]
[ 4.41500000e+01 -2.20000000e-01  3.60000000e-01  7.00000000e-02
 -0.00000000e+00  3.00000000e-02  2.00000000e-02  1.99392000e+02
  3.56057143e+01  0.00000000e+00]
[ 4.42100000e+01  3.90000000e-01  1.40000000e-01 -1.00000000e-02
 -0.00000000e+00  1.00000000e-02  1.00000000e-02  2.08240000e+02
  3.71857143e+01  0.00000000e+00]
[ 4.42700000e+01  3.00000000e-01 -4.50000000e-01 -3.00000000e-02
  3.00000000e-02  0.00000000e+00  0.00000000e+00  2.00528000e+02
  3.58085714e+01  0.00000000e+00]
[ 4.43300e+01 -9.00000e-02 -5.40000e-01 -3.70000e-01 -0.00000e+00
 -1.00000e-02  0.00000e+00  2.21536e+02  3.95600e+01  0.00000e+00]
[ 4.43900000e+01 -6.80000000e-01  3.00000000e-02 -7.50000000e-01
 -1.00000000e-02 -1.00000000e-02  0.00000000e+00  2.08240000e+02
  3.71857143e+01  0.00000000e+00]
[ 4.44500e+01 -2.10000e-01 -6.30000e-01 -2.80000e-01 -1.00000e-02
 -3.00000e-02  3.00000e-02  2.28928e+02  4.08800e+01  0.00000e+00]
[ 4.45100e+01 -9.20000e-01  3.00000e-01  1.50000e-01 -1.00000e-02
 -1.00000e-02 -1.00000e-02  2.23664e+02  3.99400e+01  0.00000e+00]
[ 4.45700000e+01 -3.50000000e-01  4.30000000e-01  6.00000000e-02
 -2.00000000e-02  3.00000000e-02 -1.00000000e-02  2.46816000e+02
  4.40742857e+01  0.00000000e+00]
[ 4.46300000e+01  3.40000000e-01  1.06000000e+00  4.60000000e-01
 -3.00000000e-02  1.00000000e-02  1.00000000e-02  2.00528000e+02
  3.58085714e+01  0.00000000e+00]
[ 4.46900000e+01  1.22000000e+00 -6.20000000e-01  3.20000000e-01
 -0.00000000e+00  0.00000000e+00  2.00000000e-02  2.15952000e+02
  3.85628571e+01  0.00000000e+00]
[ 4.47500000e+01 -1.02000000e+00  1.90000000e-01 -3.10000000e-01
 -0.00000000e+00 -1.00000000e-02  0.00000000e+00  2.08240000e+02
  3.71857143e+01  0.00000000e+00]
[ 4.48100000e+01  9.10000000e-01 -4.90000000e-01  5.50000000e-01
  0.00000000e+00  0.00000000e+00  2.00000000e-02  2.00528000e+02
  3.58085714e+01  0.00000000e+00]
[ 4.48700000e+01 -1.93000000e+00 -6.60000000e-01 -7.20000000e-01
  2.00000000e-02 -3.00000000e-02 -1.00000000e-02  2.15952000e+02
  3.85628571e+01  0.00000000e+00]
[ 4.49300e+01  6.80000e-01  4.30000e-01  1.05000e+00  1.00000e-02
  2.00000e-02 -1.00000e-02  2.21536e+02  3.95600e+01  0.00000e+00]
[ 4.49900e+01 -5.90000e-01  7.00000e-01 -6.60000e-01 -2.00000e-02
  0.00000e+00 -1.00000e-02  2.23664e+02  3.99400e+01  0.00000e+00]
[ 4.50500000e+01  1.49000000e+00 -1.00000000e-01 -8.00000000e-02
 -2.00000000e-02  0.00000000e+00  0.00000000e+00  2.36304000e+02
  4.21971429e+01  0.00000000e+00]
[ 4.51100000e+01  5.00000000e-01 -1.32000000e+00 -7.00000000e-01
 -1.00000000e-02 -3.00000000e-02  0.00000000e+00  2.08240000e+02
  3.71857143e+01  0.00000000e+00]
[ 4.51700e+01  4.40000e-01  7.30000e-01  3.50000e-01 -2.00000e-02
 -1.00000e-02 -1.00000e-02  2.23664e+02  3.99400e+01  0.00000e+00]
[ 4.52300000e+01 -4.10000000e-01  4.40000000e-01 -1.90000000e-01
 -2.00000000e-02 -1.00000000e-02  0.00000000e+00  2.36304000e+02
  4.21971429e+01  0.00000000e+00]
[ 4.52900e+01 -1.00000e-02  2.40000e-01  5.70000e-01 -0.00000e+00
  1.00000e-02  1.00000e-02  2.23664e+02  3.99400e+01  0.00000e+00]
[4.53500000e+01 1.12000000e+00 3.80000000e-01 4.00000000e-02
 0.00000000e+00 1.00000000e-02 2.00000000e-02 1.92000000e+02
 3.42857143e+01 0.00000000e+00]
[ 4.54100e+01  9.00000e-02 -5.40000e-01  6.00000e-02 -1.00000e-02
 -1.00000e-02  1.00000e-02  2.31392e+02  4.13200e+01  0.00000e+00]
[ 4.54700000e+01 -1.20000000e-01  4.30000000e-01 -1.13000000e+00
 -1.00000000e-02 -0.00000000e+00 -0.00000000e+00  2.08240000e+02
  3.71857143e+01  0.00000000e+00]
[ 4.55300000e+01  4.00000000e-01 -7.00000000e-02  3.00000000e-01
 -2.00000000e-02  1.00000000e-02 -0.00000000e+00  2.15952000e+02
  3.85628571e+01  0.00000000e+00]
[ 4.55900000e+01 -1.50000000e-01 -9.00000000e-02 -2.20000000e-01
  3.00000000e-02 -1.00000000e-02  2.00000000e-02  2.15952000e+02
  3.85628571e+01  0.00000000e+00]
[ 4.56400000e+01 -3.50000000e-01 -6.00000000e-02  1.00000000e-02
  1.00000000e-02 -0.00000000e+00 -1.00000000e-02  2.00528000e+02
  3.58085714e+01  0.00000000e+00]
[ 4.57000000e+01 -5.60000000e-01  0.00000000e+00 -1.50000000e-01
  1.00000000e-02  1.00000000e-02  1.00000000e-02  2.39104000e+02
  4.26971429e+01  0.00000000e+00]
[ 4.57600000e+01  2.60000000e-01 -1.90000000e-01  2.80000000e-01
 -2.00000000e-02 -1.00000000e-02 -0.00000000e+00  2.39104000e+02
  4.26971429e+01  0.00000000e+00]
[ 4.58200e+01  8.60000e-01 -7.60000e-01  1.35000e+00  1.00000e-02
  3.00000e-02 -0.00000e+00  2.28928e+02  4.08800e+01  0.00000e+00]
[ 4.58800000e+01  5.50000000e-01  5.20000000e-01  9.00000000e-02
 -2.00000000e-02  2.00000000e-02  2.00000000e-02  2.39104000e+02
  4.26971429e+01  0.00000000e+00]
[ 4.59400000e+01 -6.40000000e-01  1.50000000e-01  8.20000000e-01
  1.00000000e-02  4.00000000e-02  1.00000000e-02  2.06768000e+02
  3.69228571e+01  0.00000000e+00]
[ 4.60000000e+01 -1.06000000e+00  3.50000000e-01 -7.20000000e-01
 -3.00000000e-02 -1.00000000e-02 -0.00000000e+00  2.46816000e+02
  4.40742857e+01  0.00000000e+00]
[ 4.60600e+01 -1.06000e+00 -1.90000e-01 -4.30000e-01 -1.00000e-02
 -2.00000e-02  0.00000e+00  2.31392e+02  4.13200e+01  0.00000e+00]
[ 4.61200000e+01 -9.30000000e-01 -4.90000000e-01 -2.60000000e-01
 -0.00000000e+00 -2.00000000e-02  1.00000000e-02  2.14160000e+02
  3.82428571e+01  0.00000000e+00]
[ 4.61800e+01  4.60000e-01  2.40000e-01  7.20000e-01 -0.00000e+00
 -0.00000e+00  2.00000e-02  2.31392e+02  4.13200e+01  0.00000e+00]
[ 4.62400000e+01  5.60000000e-01 -2.90000000e-01  2.90000000e-01
 -0.00000000e+00  1.00000000e-02  0.00000000e+00  2.06768000e+02
  3.69228571e+01  0.00000000e+00]
[ 4.63000e+01 -1.00000e-02  3.60000e-01  1.00000e-01 -2.00000e-02
 -1.00000e-02  1.00000e-02  2.23664e+02  3.99400e+01  0.00000e+00]
[ 4.63600e+01 -5.90000e-01  1.00000e-01 -1.30000e-01 -2.00000e-02
  0.00000e+00  2.00000e-02  2.31392e+02  4.13200e+01  0.00000e+00]
[ 4.64200e+01  2.60000e-01  4.10000e-01  4.00000e-02 -3.00000e-02
 -2.00000e-02  1.00000e-02  2.31392e+02  4.13200e+01  0.00000e+00]
[ 4.64800e+01  1.60000e-01 -1.04000e+00 -7.20000e-01  0.00000e+00
 -0.00000e+00  2.00000e-02  2.23664e+02  3.99400e+01  0.00000e+00]
[ 4.65400000e+01 -8.40000000e-01  9.00000000e-02 -1.70000000e-01
  1.00000000e-02 -2.00000000e-02  1.00000000e-02  1.61968000e+02
  2.89228571e+01  0.00000000e+00]
[ 4.66000000e+01  1.07000000e+00  4.70000000e-01  3.70000000e-01
  3.00000000e-02  2.00000000e-02 -1.00000000e-02  2.15952000e+02
  3.85628571e+01  0.00000000e+00]
[ 4.66600000e+01  1.00000000e-01 -4.10000000e-01 -5.80000000e-01
 -2.00000000e-02 -2.00000000e-02 -1.00000000e-02  2.39104000e+02
  4.26971429e+01  0.00000000e+00]
[ 4.67200e+01  1.41000e+00 -2.10000e-01 -4.00000e-02 -0.00000e+00
  1.00000e-02  0.00000e+00  2.21536e+02  3.95600e+01  0.00000e+00]
[ 4.67800000e+01 -2.50000000e-01 -9.00000000e-02 -2.30000000e-01
 -1.00000000e-02 -3.00000000e-02  3.00000000e-02  2.08240000e+02
  3.71857143e+01  0.00000000e+00]
[ 4.68400000e+01  4.40000000e-01 -9.00000000e-02 -1.10000000e-01
 -3.00000000e-02  0.00000000e+00  2.00000000e-02  2.06768000e+02
  3.69228571e+01  0.00000000e+00]
[ 4.69000e+01  2.20000e-01 -7.00000e-01 -6.90000e-01 -1.00000e-02
 -1.00000e-02  2.00000e-02  2.21536e+02  3.95600e+01  0.00000e+00]
[ 4.69600000e+01 -7.20000000e-01  3.70000000e-01 -4.90000000e-01
 -3.00000000e-02 -3.00000000e-02  1.00000000e-02  2.39104000e+02
  4.26971429e+01  0.00000000e+00]
[ 4.70200000e+01  1.17000000e+00 -1.00000000e-01 -2.00000000e-02
 -2.00000000e-02 -3.00000000e-02 -0.00000000e+00  2.14160000e+02
  3.82428571e+01  0.00000000e+00]
[ 4.70800e+01 -1.26000e+00 -1.00000e-02  4.40000e-01 -1.00000e-02
 -8.00000e-02  2.00000e-02  2.31392e+02  4.13200e+01  0.00000e+00]
[ 4.71400000e+01 -1.08000000e+00 -1.50000000e-01 -1.00000000e-01
 -4.00000000e-02 -1.20000000e-01  1.40000000e-01  1.69840000e+02
  3.03285714e+01  0.00000000e+00]
[ 4.72000000e+01  1.14000000e+00 -3.10000000e-01  2.70000000e-01
  6.00000000e-02 -2.00000000e-02  4.70000000e-01  1.61968000e+02
  2.89228571e+01  0.00000000e+00]
[ 4.72600000e+01 -1.48000000e+00  3.00000000e-02  1.20000000e-01
 -2.00000000e-02 -5.00000000e-02  4.20000000e-01  1.54256000e+02
  2.75457143e+01  0.00000000e+00]
[ 4.73100000e+01  6.70000000e-01 -5.40000000e-01  8.20000000e-01
  5.00000000e-02  3.00000000e-02  8.10000000e-01  1.31120000e+02
  2.34142857e+01  0.00000000e+00]
[4.73800000e+01 3.90000000e-01 1.28000000e+00 1.20000000e-01
 1.40000000e-01 5.00000000e-02 6.30000000e-01 9.25600000e+01
 1.65285714e+01 0.00000000e+00]
[ 4.74100000e+01 -5.50000000e-01  2.16000000e+00 -1.30000000e-01
  2.10000000e-01  1.00000000e-02  5.10000000e-01  1.03392000e+02
  1.84628571e+01  0.00000000e+00]
[ 4.74400000e+01 -4.90000000e-01  1.75000000e+00  8.30000000e-01
 -3.00000000e-02  7.00000000e-02  4.70000000e-01  1.07984000e+02
  1.92828571e+01  0.00000000e+00]
[ 4.74700000e+01  7.10000000e-01 -4.60000000e-01 -2.60000000e-01
 -4.00000000e-02 -6.00000000e-02  6.60000000e-01  7.71360000e+01
  1.37742857e+01  0.00000000e+00]
[47.5    1.81  -1.71  -0.18   0.14   0.16   0.48  53.984  9.64   0.   ]
[ 4.75300000e+01  3.50000000e-01 -9.20000000e-01  1.30000000e-01
 -8.00000000e-02  1.50000000e-01 -1.00000000e-02  2.95360000e+01
  5.27428571e+00  0.00000000e+00]
[ 4.75600000e+01 -5.60000000e-01 -5.20000000e-01 -1.50000000e-01
 -1.70000000e-01  3.00000000e-02 -1.50000000e-01  3.08480000e+01
  5.50857143e+00  0.00000000e+00]
[ 4.75900000e+01  4.00000000e-02 -3.60000000e-01 -1.00000000e-02
 -1.30000000e-01 -0.00000000e+00 -7.00000000e-02  2.31360000e+01
  4.13142857e+00  0.00000000e+00]
[ 4.762e+01 -3.200e-01 -6.900e-01 -2.400e-01 -2.300e-01 -1.000e-02
 -5.000e-02  7.392e+00  1.320e+00  0.000e+00]
[47.65  0.65 -0.59  0.22 -0.3  -0.13  0.1   0.    0.    0.  ]
[ 4.768e+01  1.600e-01 -4.000e-02  5.000e-02 -2.900e-01  1.000e-01
  1.500e-01  0.000e+00  0.000e+00  0.000e+00]
[ 47.71         0.07         0.34         0.12        -0.15
   0.23         0.06       -30.848       -5.50857143   0.        ]
[ 47.75        -0.62         0.39         0.28        -0.11
   0.27        -0.15       -29.536       -5.27428571   0.        ]
[ 47.78        -0.4          0.3          0.55        -0.26
   0.29        -0.2        -51.696       -9.23142857   0.        ]
[ 4.78100000e+01  3.50000000e-01  4.00000000e-01  5.50000000e-01
 -3.00000000e-01  8.40000000e-01  3.00000000e-02 -6.16960000e+01
 -1.10171429e+01  0.00000000e+00]
[ 47.84         0.75         0.66         0.2         -0.07
   1.18        -0.24       -61.696      -11.01714286   0.        ]
[ 4.78700000e+01  1.64000000e+00  3.30000000e-01 -2.50000000e-01
 -9.00000000e-02  1.08000000e+00 -6.20000000e-01 -9.60000000e+01
 -1.71428571e+01  0.00000000e+00]
[ 47.9         -1.32        -0.92        -0.13        -0.38
   1.37        -0.41       -77.136      -13.77428571   0.        ]
[ 4.79300000e+01 -3.40000000e-01 -7.00000000e-02 -5.20000000e-01
 -4.20000000e-01  1.31000000e+00 -2.50000000e-01 -9.25600000e+01
 -1.65285714e+01  0.00000000e+00]
[ 4.79600000e+01 -9.30000000e-01  7.00000000e-02 -4.40000000e-01
 -2.60000000e-01  9.60000000e-01 -2.40000000e-01 -8.48480000e+01
 -1.51514286e+01  0.00000000e+00]
[ 47.99         0.15        -0.32        -0.76        -0.23
   0.43        -0.16       -88.608      -15.82285714   0.        ]
[ 4.80200000e+01 -1.40000000e+00 -4.70000000e-01 -4.70000000e-01
 -1.30000000e-01  9.00000000e-02  2.00000000e-02 -1.00272000e+02
 -1.79057143e+01  0.00000000e+00]
[ 4.80500000e+01 -9.30000000e-01 -3.10000000e-01 -6.10000000e-01
 -0.00000000e+00 -1.20000000e-01  9.00000000e-02 -9.25600000e+01
 -1.65285714e+01  0.00000000e+00]
[ 4.80800000e+01 -6.30000000e-01 -2.20000000e-01  1.80000000e-01
  3.00000000e-02 -2.30000000e-01  6.00000000e-02 -1.07984000e+02
 -1.92828571e+01  0.00000000e+00]
[ 4.81100000e+01 -1.00000000e-02  1.00000000e-01  1.40000000e-01
  1.00000000e-01 -2.50000000e-01  8.00000000e-02 -8.48480000e+01
 -1.51514286e+01  0.00000000e+00]
[ 4.81400000e+01 -5.20000000e-01  7.50000000e-01  1.23000000e+00
  6.00000000e-02 -1.50000000e-01  9.00000000e-02 -1.00272000e+02
 -1.79057143e+01  0.00000000e+00]
[ 4.81800000e+01  2.10000000e-01  3.10000000e-01 -2.00000000e-02
  1.00000000e-02 -1.10000000e-01  5.00000000e-02 -9.60000000e+01
 -1.71428571e+01  0.00000000e+00]
[ 4.82100000e+01  5.30000000e-01  5.90000000e-01  3.30000000e-01
 -2.00000000e-02 -3.00000000e-02 -0.00000000e+00 -1.00272000e+02
 -1.79057143e+01  0.00000000e+00]
[ 4.82400000e+01  4.70000000e-01  7.00000000e-02  4.50000000e-01
 -4.00000000e-02 -2.00000000e-02  5.00000000e-02 -1.07984000e+02
 -1.92828571e+01  0.00000000e+00]
[ 4.82700e+01  0.00000e+00  2.20000e-01  2.00000e-02 -0.00000e+00
  2.00000e-02  2.00000e-02 -1.15696e+02 -2.06600e+01  0.00000e+00]
[ 4.83000e+01  3.10000e-01  1.50000e-01 -1.60000e-01 -3.00000e-02
 -1.00000e-02  1.00000e-02 -1.10768e+02 -1.97800e+01  0.00000e+00]
[ 4.83300000e+01  4.30000000e-01 -3.00000000e-02 -7.00000000e-02
 -4.00000000e-02 -1.30000000e-01  3.00000000e-02 -1.00272000e+02
 -1.79057143e+01  0.00000000e+00]
[ 4.83600000e+01 -4.00000000e-01 -1.30000000e-01  0.00000000e+00
  1.00000000e-02 -2.00000000e-01  5.00000000e-02 -1.00272000e+02
 -1.79057143e+01  0.00000000e+00]
[ 4.83900000e+01 -2.80000000e-01  5.00000000e-02 -2.40000000e-01
  6.00000000e-02 -4.40000000e-01  1.30000000e-01 -1.03392000e+02
 -1.84628571e+01  0.00000000e+00]
[ 4.84200000e+01  2.50000000e-01 -2.60000000e-01 -4.00000000e-02
  1.10000000e-01 -7.10000000e-01  2.30000000e-01 -9.60000000e+01
 -1.71428571e+01  0.00000000e+00]
[ 4.84500000e+01 -4.00000000e-02  7.00000000e-02 -4.10000000e-01
  1.60000000e-01 -9.40000000e-01  2.50000000e-01 -1.07984000e+02
 -1.92828571e+01  0.00000000e+00]
[ 4.84800000e+01  1.50000000e-01  1.30000000e-01  6.00000000e-02
  2.00000000e-01 -1.09000000e+00  2.70000000e-01 -1.07984000e+02
 -1.92828571e+01  0.00000000e+00]
[  48.51    -0.15    -0.26    -0.17     0.25    -1.09     0.25  -110.768
  -19.78     0.   ]
[  48.54     7.59    -1.48    69.01     0.27    -0.92     0.19  -110.768
  -19.78     0.   ]
[ 4.85700e+01 -1.80000e-01  3.40000e-01 -7.64000e+00  1.80000e-01
 -6.50000e-01 -4.00000e-02 -1.15696e+02 -2.06600e+01  0.00000e+00]
[ 4.86100000e+01 -5.50000000e-01  3.00000000e-01 -7.07000000e+00
  3.00000000e-02 -0.00000000e+00 -2.00000000e-02 -9.25600000e+01
 -1.65285714e+01  0.00000000e+00]
[ 4.86300000e+01 -5.60000000e-01  3.20000000e-01 -7.37000000e+00
 -1.20000000e-01  4.40000000e-01 -4.00000000e-02 -1.25536000e+02
 -2.24171429e+01  0.00000000e+00]
[ 4.86700000e+01 -7.80000000e-01  3.10000000e-01 -7.51000000e+00
 -1.30000000e-01  5.90000000e-01 -5.00000000e-02 -1.07984000e+02
 -1.92828571e+01  0.00000000e+00]
[ 4.87000000e+01 -7.90000000e-01  2.00000000e-01 -7.87000000e+00
 -5.00000000e-02  5.00000000e-01 -1.10000000e-01 -1.00272000e+02
 -1.79057143e+01  0.00000000e+00]
[ 4.87300e+01 -1.28000e+00 -8.30000e-01 -7.92000e+00 -6.00000e-02
  2.90000e-01 -5.00000e-02 -1.15696e+02 -2.06600e+01  0.00000e+00]
[ 4.87600e+01 -1.44000e+00 -4.00000e-02 -7.88000e+00 -4.00000e-02
  8.00000e-02  2.00000e-02 -1.10768e+02 -1.97800e+01  0.00000e+00]
[ 4.87900000e+01 -9.40000000e-01  1.00000000e-01 -7.94000000e+00
  2.00000000e-02 -9.00000000e-02  4.00000000e-02 -8.48480000e+01
 -1.51514286e+01  0.00000000e+00]
[ 4.88200e+01 -1.39000e+00 -2.90000e-01 -7.85000e+00  6.00000e-02
 -2.30000e-01  4.00000e-02 -1.15696e+02 -2.06600e+01  0.00000e+00]
[ 4.88500e+01 -1.50000e-01  8.00000e-02 -1.20000e-01  7.00000e-02
 -3.20000e-01  7.00000e-02 -1.15696e+02 -2.06600e+01  0.00000e+00]
[ 4.88800000e+01  2.10000000e-01  4.20000000e-01 -1.70000000e-01
  4.00000000e-02 -3.60000000e-01  9.00000000e-02 -1.38832000e+02
 -2.47914286e+01  0.00000000e+00]
[ 4.89100000e+01  8.40000000e-01  3.00000000e-02  2.00000000e-01
  1.10000000e-01 -2.50000000e-01  0.00000000e+00 -1.23408000e+02
 -2.20371429e+01  0.00000000e+00]
[ 4.89400e+01  4.80000e-01  1.40000e-01  8.00000e-02  4.00000e-02
 -9.00000e-02  1.00000e-02 -1.10768e+02 -1.97800e+01  0.00000e+00]
[ 4.89700000e+01  3.00000000e-01  5.40000000e-01  2.80000000e-01
 -2.00000000e-02  7.00000000e-02  1.00000000e-02 -1.07984000e+02
 -1.92828571e+01  0.00000000e+00]
[ 4.90100e+01  4.20000e-01 -6.00000e-02  1.30000e-01  0.00000e+00
  1.70000e-01 -3.00000e-02 -1.15696e+02 -2.06600e+01  0.00000e+00]
[ 4.90400000e+01  1.50000000e-01  1.90000000e-01 -1.60000000e-01
 -4.00000000e-02  1.20000000e-01 -2.00000000e-02 -1.38832000e+02
 -2.47914286e+01  0.00000000e+00]
[ 4.90700e+01 -4.10000e-01 -0.00000e+00 -8.00000e-02 -1.00000e-02
  1.00000e-02  2.00000e-02 -1.10768e+02 -1.97800e+01  0.00000e+00]
[ 4.91000e+01 -1.60000e-01  1.60000e-01 -8.00000e-02  4.00000e-02
 -7.00000e-02  2.00000e-02 -1.15696e+02 -2.06600e+01  0.00000e+00]
[ 4.91300000e+01 -3.00000000e-02 -2.10000000e-01 -7.00000000e-02
  3.00000000e-02 -1.20000000e-01  2.00000000e-02 -1.07984000e+02
 -1.92828571e+01  0.00000000e+00]
[ 4.9160e+01 -4.8000e-01 -1.7000e-01 -5.1000e-01 -1.0000e-02 -1.0000e-01
  1.0000e-02 -1.1816e+02 -2.1100e+01  0.0000e+00]
[ 4.9190e+01 -5.1000e-01 -1.1000e-01 -8.0000e-02 -2.0000e-02 -0.0000e+00
 -1.0000e-02 -1.1816e+02 -2.1100e+01  0.0000e+00]
[ 4.92200000e+01  4.00000000e-01  3.10000000e-01  2.30000000e-01
 -2.00000000e-02  6.00000000e-02 -3.00000000e-02 -1.07984000e+02
 -1.92828571e+01  0.00000000e+00]
[ 4.92500000e+01 -2.00000000e-02  1.30000000e-01 -4.00000000e-02
 -3.00000000e-02  7.00000000e-02 -2.00000000e-02 -1.31120000e+02
 -2.34142857e+01  0.00000000e+00]
[ 4.92800e+01  5.00000e-02 -1.40000e-01  5.10000e-01 -3.00000e-02
  8.00000e-02 -1.00000e-02 -1.10768e+02 -1.97800e+01  0.00000e+00]
[ 4.93100000e+01  3.00000000e-02  9.00000000e-02  3.00000000e-02
 -1.00000000e-02  6.00000000e-02 -2.00000000e-02 -9.60000000e+01
 -1.71428571e+01  0.00000000e+00]
[ 4.93400e+01  6.00000e-02 -1.00000e-01  1.00000e-02 -1.00000e-02
  1.00000e-02 -0.00000e+00 -1.15696e+02 -2.06600e+01  0.00000e+00]
[ 4.93700000e+01 -5.00000000e-02 -2.00000000e-01  7.00000000e-02
  1.00000000e-02 -3.00000000e-02  1.00000000e-02 -1.23408000e+02
 -2.20371429e+01  0.00000000e+00]
[ 4.94000e+01 -1.40000e-01 -1.30000e-01  1.10000e-01  2.00000e-02
 -4.00000e-02  0.00000e+00 -1.10768e+02 -1.97800e+01  0.00000e+00]
[ 4.94400000e+01  3.10000000e-01 -1.30000000e-01  3.20000000e-01
  1.00000000e-02 -3.00000000e-02  1.00000000e-02 -1.38832000e+02
 -2.47914286e+01  0.00000000e+00]
[ 4.94700000e+01 -6.00000000e-02 -3.80000000e-01  4.00000000e-02
  1.00000000e-02 -2.00000000e-02  2.00000000e-02 -1.07984000e+02
 -1.92828571e+01  0.00000000e+00]
[ 4.95000000e+01 -6.00000000e-02  3.30000000e-01  3.60000000e-01
 -1.00000000e-02 -0.00000000e+00  0.00000000e+00 -1.00272000e+02
 -1.79057143e+01  0.00000000e+00]
[ 4.9530e+01 -6.0000e-02 -2.0000e-02 -2.0000e-01 -3.0000e-02  2.0000e-02
  2.0000e-02 -1.1816e+02 -2.1100e+01  0.0000e+00]
[ 4.95600000e+01 -6.00000000e-02 -3.00000000e-02 -7.90000000e-01
 -3.00000000e-02  4.00000000e-02  0.00000000e+00 -1.23408000e+02
 -2.20371429e+01  0.00000000e+00]
[ 4.95900000e+01 -3.10000000e-01  1.70000000e-01  8.00000000e-02
  1.00000000e-02  2.00000000e-02 -0.00000000e+00 -9.25600000e+01
 -1.65285714e+01  0.00000000e+00]
[ 4.96200000e+01 -3.60000000e-01  3.10000000e-01  1.20000000e-01
 -1.00000000e-02 -2.00000000e-02  3.00000000e-02 -1.23408000e+02
 -2.20371429e+01  0.00000000e+00]
[ 4.9650e+01 -1.2000e-01  9.0000e-02  1.4000e-01 -0.0000e+00 -4.0000e-02
  2.0000e-02 -1.1816e+02 -2.1100e+01  0.0000e+00]
[ 4.96800000e+01  2.90000000e-01 -0.00000000e+00  1.20000000e-01
  1.00000000e-02 -0.00000000e+00  0.00000000e+00 -1.31120000e+02
 -2.34142857e+01  0.00000000e+00]
[ 4.97100e+01 -1.20000e-01 -9.00000e-02  1.80000e-01  0.00000e+00
  2.00000e-02 -0.00000e+00 -1.10768e+02 -1.97800e+01  0.00000e+00]
[ 4.97400e+01  2.00000e-01  5.00000e-02 -9.00000e-02  1.00000e-02
  1.00000e-02  1.00000e-02 -1.15696e+02 -2.06600e+01  0.00000e+00]
[ 4.97700e+01 -1.00000e-01  2.70000e-01  1.30000e-01 -1.00000e-02
 -0.00000e+00  0.00000e+00 -1.15696e+02 -2.06600e+01  0.00000e+00]
[ 4.98000e+01 -0.00000e+00  2.40000e-01 -2.00000e-02  0.00000e+00
 -1.00000e-02 -0.00000e+00 -1.15696e+02 -2.06600e+01  0.00000e+00]
[ 4.98400000e+01 -9.00000000e-02 -2.90000000e-01  3.00000000e-02
  1.00000000e-02 -4.00000000e-02  2.00000000e-02 -1.25536000e+02
 -2.24171429e+01  0.00000000e+00]
[ 4.98700000e+01  2.40000000e-01 -1.80000000e-01 -2.60000000e-01
  1.00000000e-02 -3.00000000e-02  2.00000000e-02 -1.00272000e+02
 -1.79057143e+01  0.00000000e+00]
[ 4.99000000e+01 -1.70000000e-01 -5.00000000e-02 -4.00000000e-02
 -0.00000000e+00  0.00000000e+00  0.00000000e+00 -1.00272000e+02
 -1.79057143e+01  0.00000000e+00]
[ 4.99300e+01  4.30000e-01 -1.00000e-02  1.00000e-02 -1.00000e-02
  4.00000e-02 -0.00000e+00 -1.10768e+02 -1.97800e+01  0.00000e+00]
[ 4.99600000e+01  5.50000000e-01  1.00000000e-02  1.30000000e-01
 -1.00000000e-02  3.00000000e-02  0.00000000e+00 -1.03392000e+02
 -1.84628571e+01  0.00000000e+00]
[ 4.99900e+01  4.80000e-01  4.00000e-02 -1.60000e-01 -3.00000e-02
  1.00000e-02  2.00000e-02 -1.15696e+02 -2.06600e+01  0.00000e+00]
[ 5.00200000e+01 -6.00000000e-02 -3.80000000e-01 -6.80000000e-01
 -1.00000000e-02 -3.00000000e-02  2.00000000e-02 -1.38832000e+02
 -2.47914286e+01  0.00000000e+00]
[ 5.0050e+01 -9.0000e-02  2.1000e-01 -1.6000e-01 -2.0000e-02 -1.0000e-02
 -1.0000e-02 -1.1816e+02 -2.1100e+01  0.0000e+00]
[ 5.0080e+01  2.8000e-01 -1.4000e-01  3.9000e-01 -1.0000e-02 -1.0000e-02
  1.0000e-02 -1.1816e+02 -2.1100e+01  0.0000e+00]
[ 5.01100000e+01  3.30000000e-01 -7.00000000e-02  1.30000000e-01
 -0.00000000e+00  2.00000000e-02  1.00000000e-02 -1.23408000e+02
 -2.20371429e+01  0.00000000e+00]
[ 5.01400000e+01 -1.70000000e-01  6.00000000e-02  2.50000000e-01
  0.00000000e+00  1.00000000e-02  0.00000000e+00 -1.23408000e+02
 -2.20371429e+01  0.00000000e+00]
[ 5.01700000e+01  5.00000000e-02  6.00000000e-02 -1.00000000e-02
 -3.00000000e-02  1.00000000e-02  0.00000000e+00 -9.60000000e+01
 -1.71428571e+01  0.00000000e+00]
[ 5.02000000e+01 -5.40000000e-01 -2.00000000e-01  1.30000000e-01
 -1.00000000e-02  4.00000000e-02  0.00000000e+00 -1.23408000e+02
 -2.20371429e+01  0.00000000e+00]
[ 5.02300000e+01  8.00000000e-02  3.70000000e-01 -7.00000000e-02
  1.00000000e-02  2.00000000e-02  1.00000000e-02 -1.31120000e+02
 -2.34142857e+01  0.00000000e+00]
[ 5.02700000e+01 -4.00000000e-01 -8.00000000e-02 -1.90000000e-01
 -1.00000000e-02 -2.00000000e-02  2.00000000e-02 -1.07984000e+02
 -1.92828571e+01  0.00000000e+00]
[ 5.02900000e+01  2.00000000e-02 -1.00000000e-02 -2.50000000e-01
  1.00000000e-02 -0.00000000e+00 -1.00000000e-02 -1.25536000e+02
 -2.24171429e+01  0.00000000e+00]
[ 5.03300e+01  4.00000e-02 -7.00000e-02 -1.30000e-01  0.00000e+00
 -0.00000e+00 -0.00000e+00 -1.15696e+02 -2.06600e+01  0.00000e+00]
[ 5.03600e+01 -1.70000e-01 -1.20000e-01  5.00000e-02 -2.00000e-02
 -2.00000e-02  2.00000e-02 -1.15696e+02 -2.06600e+01  0.00000e+00]
[ 5.03900000e+01  1.10000000e-01  2.00000000e-02 -1.10000000e-01
 -1.00000000e-02  1.00000000e-02 -1.00000000e-02 -1.07984000e+02
 -1.92828571e+01  0.00000000e+00]
[ 5.04200000e+01  5.00000000e-02  1.20000000e-01  8.00000000e-02
 -1.00000000e-02  2.00000000e-02 -2.00000000e-02 -9.60000000e+01
 -1.71428571e+01  0.00000000e+00]
[ 5.04500000e+01 -1.40000000e-01 -8.00000000e-02 -1.10000000e-01
 -2.00000000e-02  0.00000000e+00 -1.00000000e-02 -1.23408000e+02
 -2.20371429e+01  0.00000000e+00]
[ 5.04800000e+01  1.60000000e-01  4.00000000e-02 -2.20000000e-01
 -0.00000000e+00 -0.00000000e+00  0.00000000e+00 -1.25536000e+02
 -2.24171429e+01  0.00000000e+00]
[ 5.05100e+01 -6.00000e-02  3.70000e-01  3.50000e-01  1.00000e-02
 -1.00000e-02  1.00000e-02 -1.15696e+02 -2.06600e+01  0.00000e+00]
[ 5.05400e+01 -4.00000e-02  3.00000e-02  0.00000e+00  1.00000e-02
 -2.00000e-02  0.00000e+00 -1.15696e+02 -2.06600e+01  0.00000e+00]
[ 5.05700e+01 -1.70000e-01 -2.20000e-01 -5.00000e-02  2.00000e-02
 -2.00000e-02 -0.00000e+00 -1.15696e+02 -2.06600e+01  0.00000e+00]
[ 5.06000000e+01 -7.00000000e-02  4.40000000e-01  4.20000000e-01
 -0.00000000e+00 -3.00000000e-02  1.00000000e-02 -1.03392000e+02
 -1.84628571e+01  0.00000000e+00]
[ 5.06300000e+01  1.20000000e-01 -4.70000000e-01  1.20000000e-01
 -0.00000000e+00  1.00000000e-02 -1.00000000e-02 -1.23408000e+02
 -2.20371429e+01  0.00000000e+00]
[ 5.06600000e+01 -1.00000000e-02 -2.40000000e-01  1.20000000e-01
 -1.00000000e-02  2.00000000e-02  1.00000000e-02 -1.31120000e+02
 -2.34142857e+01  0.00000000e+00]
[ 5.07000e+01 -1.00000e-02  3.90000e-01  4.00000e-02 -0.00000e+00
 -1.00000e-02  0.00000e+00 -1.10768e+02 -1.97800e+01  0.00000e+00]
[ 5.0720e+01  1.1000e-01 -1.0000e-02 -2.5000e-01 -1.0000e-02 -1.0000e-02
  0.0000e+00 -1.1816e+02 -2.1100e+01  0.0000e+00]
[ 5.07600000e+01  2.00000000e-02 -1.40000000e-01 -9.00000000e-02
 -1.00000000e-02 -0.00000000e+00 -1.00000000e-02 -1.31120000e+02
 -2.34142857e+01  0.00000000e+00]
[ 5.07900e+01 -2.50000e-01 -1.00000e-02  5.00000e-02  2.00000e-02
 -0.00000e+00  0.00000e+00 -1.15696e+02 -2.06600e+01  0.00000e+00]
[ 5.0820e+01  3.1000e-01  2.6000e-01  5.0000e-02 -0.0000e+00  0.0000e+00
  1.0000e-02 -1.1816e+02 -2.1100e+01  0.0000e+00]
[ 5.08500000e+01  5.00000000e-01 -4.00000000e-02  1.50000000e-01
  1.00000000e-02  2.00000000e-02 -1.00000000e-02 -1.25536000e+02
 -2.24171429e+01  0.00000000e+00]
[ 5.08800000e+01 -3.30000000e-01  2.90000000e-01  4.00000000e-02
 -1.00000000e-02  1.00000000e-02 -1.00000000e-02 -1.23408000e+02
 -2.20371429e+01  0.00000000e+00]
[ 5.09100e+01  1.50000e-01  1.20000e-01 -2.60000e-01 -1.00000e-02
  0.00000e+00  0.00000e+00 -1.15696e+02 -2.06600e+01  0.00000e+00]
[ 5.09400000e+01 -3.40000000e-01 -2.20000000e-01 -1.70000000e-01
  1.00000000e-02  1.00000000e-02 -0.00000000e+00 -8.86080000e+01
 -1.58228571e+01  0.00000000e+00]
[ 5.09700000e+01 -2.70000000e-01 -1.30000000e-01 -7.00000000e-02
  1.00000000e-02 -1.00000000e-02  1.00000000e-02 -1.31120000e+02
 -2.34142857e+01  0.00000000e+00]
[ 5.10000000e+01 -3.00000000e-01 -2.10000000e-01 -1.00000000e-02
 -0.00000000e+00  0.00000000e+00  0.00000000e+00 -1.23408000e+02
 -2.20371429e+01  0.00000000e+00]
[ 5.10300e+01  2.20000e-01 -2.80000e-01 -3.10000e-01 -1.00000e-02
  1.00000e-02 -0.00000e+00 -1.15696e+02 -2.06600e+01  0.00000e+00]
[ 5.10600e+01  7.00000e-02  6.00000e-02  3.40000e-01 -1.00000e-02
  3.00000e-02 -0.00000e+00 -1.10768e+02 -1.97800e+01  0.00000e+00]
[ 5.10900e+01  1.20000e-01  3.30000e-01 -1.00000e-01 -1.00000e-02
  0.00000e+00  2.00000e-02 -1.15696e+02 -2.06600e+01  0.00000e+00]
[ 5.11300000e+01  5.38000000e+00  6.67000000e+00 -9.29000000e+00
 -3.87000000e+00  2.00000000e-02  3.00000000e-02 -1.23408000e+02
 -2.20371429e+01  0.00000000e+00]
[ 5.11500000e+01 -7.40000000e-01 -9.30000000e-01  1.06000000e+00
  1.00000000e-02 -1.00000000e-02  0.00000000e+00 -1.23408000e+02
 -2.20371429e+01  0.00000000e+00]
[ 5.11800e+01 -4.00000e-01 -7.80000e-01  1.14000e+00  1.00000e-02
 -3.00000e-02 -0.00000e+00 -1.15696e+02 -2.06600e+01  0.00000e+00]
[ 5.12200000e+01 -1.60000000e-01 -6.90000000e-01  1.11000000e+00
 -1.00000000e-02 -2.00000000e-02  0.00000000e+00 -1.23408000e+02
 -2.20371429e+01  0.00000000e+00]
[ 5.1250e+01 -9.7000e-01 -4.6000e-01  1.1800e+00 -0.0000e+00  1.0000e-02
 -0.0000e+00 -1.1816e+02 -2.1100e+01  0.0000e+00]
[ 5.12800000e+01 -1.19000000e+00 -6.70000000e-01  1.39000000e+00
  3.00000000e-02  3.00000000e-02 -1.00000000e-02 -1.00272000e+02
 -1.79057143e+01  0.00000000e+00]
[ 5.13100e+01 -1.08000e+00 -6.60000e-01  1.42000e+00  1.00000e-02
  1.00000e-02  0.00000e+00 -1.15696e+02 -2.06600e+01  0.00000e+00]
[0. 0. 0. 0. 0. 0. 0. 0. 0. 0.]
