1794.601281 0.020000 -0.020000 -0.030000 -0.000000 -0.000000 0.000000 0.000000 0.000000 0.000000 0.000000 0.000000
1794.635731 -0.010000 0.020000 -0.010000 0.000000 0.000000 -0.000000 0.000000 0.000000 0.000000 0.000000 0.000000
1794.668919 -0.000000 0.010000 -0.000000 -0.000000 -0.000000 0.000000 0.000000 0.000000 0.000000 0.000000 0.000000
1794.701278 0.040000 0.010000 0.080000 -0.000000 0.000000 0.000000 0.000000 0.000000 0.000000 0.000000 0.000000
1794.736098 0.010000 -0.020000 0.000000 0.000000 0.000000 -0.000000 0.000000 0.000000 0.000000 0.000000 0.000000
1794.770489 0.010000 0.000000 -0.030000 0.000000 0.000000 0.000000 0.000000 0.000000 0.000000 0.000000 0.000000
1794.797735 0.080000 0.010000 0.100000 -0.000000 0.000000 0.000000 0.000000 0.000000 0.000000 0.000000 0.000000
1794.832784 0.060000 0.030000 -0.060000 0.000000 0.000000 0.000000 0.000000 0.000000 0.000000 0.000000 0.000000
1794.859857 -0.020000 0.040000 -0.000000 -0.000000 0.000000 0.000000 0.000000 0.000000 0.000000 0.000000 0.000000
1794.887691 0.030000 -0.030000 -0.050000 -0.000000 0.000000 -0.000000 0.000000 0.000000 0.000000 0.000000 0.000000
1794.920746 0.030000 -0.020000 -0.010000 0.000000 -0.000000 0.000000 0.000000 0.000000 0.000000 0.000000 0.000000
1794.956381 -0.050000 0.010000 0.090000 0.000000 -0.000000 0.000000 0.000000 0.000000 0.000000 0.000000 0.000000
1794.987438 -0.060000 -0.020000 0.050000 0.000000 0.000000 -0.000000 0.000000 0.000000 0.000000 0.000000 0.000000
1795.021737 -0.050000 -0.010000 -0.020000 0.000000 -0.000000 0.000000 0.000000 0.000000 0.000000 0.000000 0.000000
1795.055602 0.020000 0.010000 0.040000 -0.000000 0.000000 0.000000 0.000000 0.000000 0.000000 0.000000 0.000000
1795.086519 -0.030000 -0.020000 0.060000 0.000000 -0.000000 -0.000000 0.000000 0.000000 0.000000 0.000000 0.000000
1795.119304 0.080000 -0.120000 0.530000 0.010000 0.000000 0.000000 0.000000 0.000000 0.000000 0.000000 0.000000
1795.150266 0.030000 0.190000 -0.240000 0.010000 -0.000000 -0.010000 0.000000 0.000000 0.000000 0.000000 0.000000
1795.178385 -0.020000 -0.030000 -0.120000 -0.000000 -0.000000 0.000000 0.000000 0.000000 0.000000 0.000000 0.000000
1795.214614 0.070000 -0.040000 -0.190000 -0.010000 -0.000000 -0.000000 0.000000 0.000000 0.000000 0.000000 0.000000
1795.247673 0.030000 0.030000 0.260000 0.010000 0.010000 -0.000000 0.000000 0.000000 0.000000 0.000000 0.000000
1795.279829 -0.090000 0.110000 -0.240000 -0.010000 -0.000000 -0.000000 0.000000 0.000000 0.000000 0.000000 0.000000
1795.314158 0.040000 -0.150000 -0.030000 0.000000 -0.000000 0.000000 0.000000 0.000000 0.000000 0.000000 0.000000
1795.348123 0.060000 -0.060000 0.050000 0.000000 0.000000 -0.000000 0.000000 0.000000 0.000000 0.000000 0.000000
1795.382356 -0.090000 0.150000 -0.070000 -0.000000 0.000000 -0.000000 0.000000 0.000000 0.000000 0.000000 0.000000
1795.409647 -0.090000 -0.120000 -0.190000 -0.010000 0.000000 0.000000 0.000000 0.000000 0.000000 0.000000 0.000000
1795.438851 0.050000 -0.180000 0.140000 -0.000000 -0.000000 0.000000 0.000000 0.000000 0.000000 0.000000 0.000000
1795.469797 -0.010000 0.170000 -0.030000 0.010000 0.000000 -0.000000 0.000000 0.000000 0.000000 0.000000 0.000000
1795.496328 0.010000 0.080000 -0.070000 -0.000000 -0.000000 -0.000000 0.000000 0.000000 0.000000 0.000000 0.000000
1795.532599 0.020000 -0.120000 -0.110000 -0.000000 -0.000000 -0.000000 0.000000 0.000000 0.000000 0.000000 0.000000
1795.560163 -0.020000 0.000000 0.100000 0.000000 0.000000 -0.000000 0.000000 0.000000 0.000000 0.000000 0.000000
1795.588062 -0.010000 0.250000 -0.070000 -0.000000 -0.000000 0.000000 0.000000 0.000000 0.000000 0.000000 0.000000
1795.623795 0.060000 -0.030000 -0.100000 -0.000000 -0.000000 0.000000 0.000000 0.000000 0.000000 0.000000 0.000000
1795.657247 0.170000 -0.080000 0.100000 0.000000 0.000000 0.000000 0.000000 0.000000 0.000000 0.000000 0.000000
1795.689166 -0.050000 0.120000 0.400000 -0.010000 -0.000000 -0.000000 0.000000 0.000000 0.000000 0.000000 0.000000
1795.717209 0.150000 0.240000 -0.130000 0.010000 0.010000 -0.010000 0.000000 0.000000 0.000000 0.000000 0.000000
1795.750803 0.190000 -0.250000 0.180000 -0.010000 -0.010000 0.000000 0.000000 0.000000 0.000000 0.000000 0.000000
1795.777062 -0.060000 -0.290000 0.040000 0.000000 -0.000000 0.010000 0.000000 0.000000 0.000000 0.000000 0.000000
1823.985594 0.110000 0.040000 -9.980000 0.000000 -0.000000 -0.000000 0.000000 0.000000 0.000000 0.000000 0.000000
1824.024498 0.060000 0.050000 -8.880000 -0.000000 -0.000000 0.000000 0.000000 0.000000 0.000000 0.000000 0.000000
1824.061736 -0.570000 0.590000 -7.410000 0.010000 0.070000 -0.100000 2.422796 0.144214 0.000000 9.640000 4.820000
1824.090804 -0.610000 1.110000 -7.010000 0.000000 0.040000 -0.220000 5.413592 0.137931 0.000000 18.460000 13.850000
1824.126208 0.990000 1.410000 -5.760000 0.010000 0.030000 -0.200000 8.075988 0.576856 0.000000 33.740000 14.460000
1824.157860 -0.580000 0.830000 -5.590000 0.070000 -0.050000 0.140000 12.921580 0.288428 0.000000 43.380000 33.740000
1824.195178 0.190000 0.960000 -4.120000 0.220000 -0.080000 -0.010000 14.692601 0.137931 0.000000 46.150000 41.540000
1824.229492 0.910000 0.710000 -1.300000 -0.000000 0.020000 -0.030000 21.654370 0.000000 0.000000 64.620000 64.620000
1824.256635 0.560000 -0.310000 0.200000 -0.160000 0.020000 -0.010000 25.038912 -0.144214 0.000000 72.310000 77.130000
1824.288542 0.150000 -0.700000 -0.220000 0.040000 -0.040000 0.020000 25.846511 0.000000 0.000000 77.130000 77.130000
1824.322890 0.680000 -0.640000 -1.050000 0.190000 0.020000 0.020000 30.933378 0.000000 0.000000 92.310000 92.310000
1824.360911 -1.020000 -0.260000 1.660000 -0.080000 0.010000 -0.080000 33.922499 0.000000 0.000000 101.230000 101.230000
1824.388664 -0.610000 -1.760000 0.050000 -0.030000 -0.010000 0.020000 37.152894 0.000000 0.000000 110.870000 110.870000
1824.424131 -0.090000 -0.530000 0.440000 0.040000 0.030000 0.100000 37.960492 -0.144214 0.000000 110.870000 115.690000
1824.459513 0.620000 0.050000 1.410000 0.110000 -0.110000 -0.050000 40.383289 0.000000 0.000000 120.510000 120.510000
1824.489021 0.730000 -0.670000 0.330000 0.010000 0.060000 -0.030000 43.613684 0.000000 0.000000 130.150000 130.150000
1824.526271 0.780000 -0.270000 -2.150000 0.030000 -0.030000 -0.090000 41.760563 0.000000 0.000000 124.620000 124.620000
1824.560671 0.250000 -0.560000 -0.560000 -0.000000 0.040000 -0.030000 44.421282 -0.144214 0.000000 130.150000 134.970000
1824.591219 -0.440000 -0.300000 -1.880000 -0.130000 0.130000 -0.120000 46.844079 0.000000 0.000000 139.790000 139.790000
1824.620273 -0.220000 -0.440000 -0.170000 0.020000 0.190000 0.010000 46.398391 0.000000 0.000000 138.460000 138.460000
1824.649787 -1.260000 -0.430000 1.160000 -0.000000 0.050000 -0.030000 45.625978 0.137931 0.000000 138.460000 133.850000
1824.683645 -0.440000 0.330000 2.280000 -0.010000 0.060000 -0.030000 50.077825 0.000000 0.000000 149.440000 149.440000
1824.719196 -1.380000 0.310000 0.410000 0.000000 -0.050000 -0.130000 49.270226 -0.144214 0.000000 144.620000 149.440000
1824.756363 -0.560000 0.450000 1.200000 -0.110000 -0.090000 0.010000 48.718981 -0.137931 0.000000 143.080000 147.690000
1824.793184 0.430000 -0.190000 -0.220000 -0.030000 0.010000 -0.040000 50.885423 0.144214 0.000000 154.260000 149.440000
1824.824431 0.660000 -0.180000 -0.140000 -0.190000 -0.060000 -0.060000 51.693022 0.000000 0.000000 154.260000 154.260000
1824.857553 0.300000 -0.430000 0.490000 0.050000 0.050000 -0.040000 50.077825 0.000000 0.000000 149.440000 149.440000
1824.894937 0.220000 -0.030000 0.660000 -0.030000 -0.140000 -0.070000 51.366297 0.058344 0.000000 154.260000 152.310000
1824.931772 0.830000 0.060000 0.070000 0.060000 0.020000 -0.030000 53.308220 0.000000 0.000000 159.080000 159.080000
1824.960921 1.720000 0.010000 -2.050000 0.020000 -0.080000 -0.040000 51.039571 0.000000 0.000000 152.310000 152.310000
1824.989630 -0.360000 -0.510000 2.350000 -0.150000 -0.000000 0.070000 51.693022 0.000000 0.000000 154.260000 154.260000
1825.018889 -0.050000 -0.890000 -1.350000 -0.050000 0.010000 -0.030000 54.115818 -0.144214 0.000000 159.080000 163.900000
1825.056293 -0.310000 1.090000 -0.240000 -0.240000 0.020000 -0.020000 51.039571 0.000000 0.000000 152.310000 152.310000
1825.092263 0.120000 0.400000 -2.200000 0.210000 -0.050000 0.020000 51.039571 0.000000 0.000000 152.310000 152.310000
1825.122111 -0.560000 0.620000 -1.230000 0.230000 0.040000 -0.050000 54.923417 0.000000 0.000000 163.900000 163.900000
1825.151192 -1.340000 0.300000 3.450000 -0.020000 0.000000 0.020000 53.308220 0.000000 0.000000 159.080000 159.080000
1825.179919 0.070000 0.180000 0.320000 0.010000 -0.020000 -0.140000 53.358485 0.138230 0.000000 161.540000 156.920000
1825.209264 0.220000 -0.600000 -2.680000 -0.260000 -0.050000 0.060000 53.308220 0.000000 0.000000 159.080000 159.080000
1825.241760 -0.030000 0.230000 -1.720000 0.130000 -0.090000 -0.060000 54.923417 0.000000 0.000000 163.900000 163.900000
1825.272405 -0.180000 0.330000 1.220000 0.130000 0.000000 0.030000 51.693022 0.000000 0.000000 154.260000 154.260000
1825.299656 0.780000 -0.930000 -1.210000 0.060000 0.150000 0.040000 52.584397 0.000000 0.000000 156.920000 156.920000
1825.337118 0.050000 -0.460000 0.640000 0.050000 -0.000000 -0.000000 54.115818 -0.144214 0.000000 159.080000 163.900000
1825.373205 0.000000 -0.090000 -1.470000 -0.070000 0.070000 0.070000 52.584397 0.000000 0.000000 156.920000 156.920000
1825.401009 -0.730000 -0.970000 -0.550000 -0.040000 0.020000 0.030000 50.077825 0.000000 0.000000 149.440000 149.440000
1825.437613 -1.160000 -0.230000 -2.470000 0.080000 -0.090000 -0.020000 54.923417 0.000000 0.000000 163.900000 163.900000
1825.469618 1.250000 0.430000 0.330000 0.140000 0.120000 -0.060000 54.923417 0.000000 0.000000 163.900000 163.900000
1825.505010 0.680000 0.070000 2.230000 -0.090000 -0.010000 -0.050000 50.265482 -0.138230 0.000000 147.690000 152.310000
1825.537257 -0.390000 0.180000 4.520000 -0.070000 -0.060000 0.060000 50.077825 0.000000 0.000000 149.440000 149.440000
1825.574009 0.200000 0.200000 1.510000 -0.030000 0.000000 -0.110000 42.806085 -0.144214 0.000000 125.330000 130.150000
1825.608914 0.980000 -1.220000 -1.960000 -0.050000 0.020000 0.020000 37.891796 -0.137931 0.000000 110.770000 115.380000
1825.644563 -0.000000 -2.140000 -0.790000 -0.040000 0.040000 0.130000 31.705791 -0.137931 0.000000 92.310000 96.920000
1825.679421 -0.290000 -0.910000 1.690000 -0.150000 -0.110000 0.010000 31.499702 -0.144214 0.000000 91.590000 96.410000
1825.711332 0.510000 1.090000 -0.600000 -0.090000 -0.050000 -0.050000 27.461709 0.000000 0.000000 81.950000 81.950000
1825.739677 -0.530000 -0.100000 -0.280000 0.100000 -0.090000 -0.190000 20.878606 -0.414391 0.000000 55.380000 69.230000
1825.776767 -0.350000 -0.550000 -0.500000 0.000000 0.020000 -0.110000 17.768848 -0.865584 0.000000 38.560000 67.490000
1825.810962 -0.220000 -0.060000 -2.350000 0.050000 0.080000 -0.080000 13.730854 -1.586654 0.000000 14.460000 67.490000
1825.837380 -0.300000 1.160000 1.620000 0.120000 0.040000 -0.520000 9.692861 -1.730868 0.000000 0.000000 57.850000
1825.874596 0.730000 1.730000 1.240000 0.010000 -0.050000 -0.960000 8.885262 -1.586654 0.000000 0.000000 53.030000
1825.912333 0.520000 1.210000 -0.760000 -0.030000 -0.020000 -1.080000 8.885262 -1.586654 0.000000 0.000000 53.030000
1825.939595 -1.050000 0.810000 1.790000 0.030000 -0.010000 -1.310000 8.506595 -1.519035 0.000000 0.000000 50.770000
1825.973514 -0.140000 0.480000 -1.520000 -0.020000 -0.010000 -1.710000 6.462466 -2.019296 0.000000 -14.460000 53.030000
1826.001843 0.550000 0.590000 -1.180000 -0.030000 0.080000 -2.050000 5.654867 -2.451938 0.000000 -24.100000 57.850000
1826.031538 -0.200000 0.400000 0.290000 0.010000 -0.020000 -2.280000 5.411917 -2.347518 0.000000 -23.080000 55.380000
1826.059624 -0.590000 0.100000 -0.310000 0.030000 -0.050000 -2.420000 3.865416 -2.623679 0.000000 -32.310000 55.380000
1826.097964 -0.160000 0.160000 -0.040000 0.010000 -0.050000 -2.560000 4.847268 -2.884580 0.000000 -33.740000 62.670000
1826.132463 0.400000 -0.360000 0.650000 0.050000 -0.030000 -2.750000 4.039669 -3.028795 0.000000 -38.560000 62.670000
1826.159876 -0.710000 0.340000 -0.920000 -0.020000 0.020000 -2.780000 3.867091 -3.176300 0.000000 -41.540000 64.620000
1826.193312 0.330000 -0.170000 0.020000 -0.030000 0.030000 -2.970000 4.039669 -3.317223 0.000000 -43.380000 67.490000
1826.223735 0.700000 -0.170000 0.310000 -0.030000 0.030000 -2.980000 3.230395 -3.461736 0.000000 -48.210000 67.490000
1826.259370 -0.260000 0.370000 0.440000 -0.050000 0.050000 -3.080000 4.039669 -3.317223 0.000000 -43.380000 67.490000
1826.287970 -0.130000 0.070000 0.590000 -0.010000 0.030000 -3.030000 2.422796 -3.605950 0.000000 -53.030000 67.490000
1826.320456 -0.260000 0.050000 -0.180000 0.020000 -0.000000 -3.130000 2.422796 -3.605950 0.000000 -53.030000 67.490000
1826.350170 0.160000 0.220000 0.730000 -0.020000 0.010000 -3.070000 3.093003 -3.590392 0.000000 -50.770000 69.230000
1826.378897 0.340000 0.090000 -0.150000 -0.040000 0.020000 -3.060000 2.422796 -3.605950 0.000000 -53.030000 67.490000
1826.413686 -0.440000 -0.260000 1.200000 0.020000 0.030000 -3.130000 2.422796 -3.605950 0.000000 -53.030000 67.490000
1826.449026 -0.230000 -0.100000 0.370000 -0.020000 -0.010000 -3.190000 3.093003 -3.590392 0.000000 -50.770000 69.230000
1826.478823 -0.120000 -0.080000 -0.560000 -0.010000 0.030000 -3.180000 2.320590 -3.452461 0.000000 -50.770000 64.620000
1826.514542 0.420000 0.080000 -0.980000 0.010000 0.010000 -3.130000 2.422796 -3.894378 0.000000 -57.850000 72.310000
1826.548000 -0.120000 -0.710000 -0.790000 0.010000 0.080000 -3.130000 2.422796 -3.605950 0.000000 -53.030000 67.490000
1826.584623 0.170000 0.130000 0.250000 -0.020000 0.030000 -3.170000 2.320590 -3.728322 0.000000 -55.380000 69.230000
1826.618558 0.090000 -0.230000 -0.140000 0.020000 -0.050000 -3.220000 2.422796 -3.605950 0.000000 -53.030000 67.490000
1826.655355 0.030000 0.220000 -0.670000 -0.020000 0.020000 -3.170000 1.615198 -3.750164 0.000000 -57.850000 67.490000
1826.689894 0.590000 0.050000 -0.760000 -0.000000 0.000000 -3.180000 3.230395 -3.461736 0.000000 -48.210000 67.490000
1826.723449 -0.090000 -0.100000 -0.740000 -0.040000 0.030000 -3.120000 2.320590 -3.452461 0.000000 -50.770000 64.620000
1826.761487 -0.290000 -0.100000 -0.800000 -0.040000 0.050000 -3.110000 1.615198 -3.750164 0.000000 -57.850000 67.490000
1826.788222 0.410000 0.150000 1.350000 -0.000000 0.030000 -3.050000 2.320590 -3.452461 0.000000 -50.770000 64.620000
1826.825780 -0.420000 0.060000 0.120000 0.030000 -0.050000 -3.060000 1.615198 -3.461736 0.000000 -53.030000 62.670000
1826.857846 0.200000 -0.220000 0.150000 0.030000 -0.030000 -3.090000 1.615198 -3.750164 0.000000 -57.850000 67.490000
1826.893984 -0.170000 0.340000 0.540000 0.050000 -0.050000 -3.090000 2.422796 -3.605950 0.000000 -53.030000 67.490000
1826.930955 -0.200000 -0.370000 0.320000 0.090000 -0.110000 -3.080000 1.548177 -3.590392 0.000000 -55.380000 64.620000
1826.958748 -0.210000 -0.240000 -1.150000 -0.040000 0.060000 -2.980000 2.422796 -3.894378 0.000000 -57.850000 72.310000
1826.992661 -0.170000 -0.050000 1.000000 0.080000 -0.030000 -2.940000 2.422796 -3.894378 0.000000 -57.850000 72.310000
1827.022155 -0.430000 -0.380000 -0.350000 0.020000 -0.060000 -2.770000 1.546501 -3.866553 0.000000 -60.000000 69.230000
1827.050517 0.780000 0.530000 0.870000 -0.090000 0.100000 -2.770000 1.906737 -3.802225 0.000000 -57.850000 69.230000
1827.085246 -0.030000 0.400000 -0.760000 -0.000000 -0.030000 -2.710000 2.422796 -3.894378 0.000000 -57.850000 72.310000
1827.123455 0.230000 -0.310000 0.740000 0.030000 -0.040000 -2.700000 0.807599 -3.605950 0.000000 -57.850000 62.670000
1827.150729 -0.260000 0.120000 0.390000 -0.060000 0.090000 -2.640000 1.548177 -3.590392 0.000000 -55.380000 64.620000
1827.187283 -0.390000 0.140000 -1.600000 -0.000000 0.020000 -2.690000 2.422796 -3.894378 0.000000 -57.850000 72.310000
1827.221901 0.520000 0.200000 1.360000 0.030000 -0.030000 -2.660000 1.548177 -3.590392 0.000000 -55.380000 64.620000
1827.251208 -0.230000 -0.430000 1.280000 -0.020000 -0.030000 -2.770000 1.615198 -3.461736 0.000000 -53.030000 62.670000
1827.278644 0.400000 -0.120000 -0.540000 0.000000 -0.010000 -2.820000 1.615198 -3.750164 0.000000 -57.850000 67.490000
1827.312746 0.440000 0.200000 0.680000 0.010000 -0.020000 -2.940000 2.422796 -3.605950 0.000000 -53.030000 67.490000
1827.343569 0.230000 0.190000 -0.580000 -0.000000 -0.020000 -2.970000 1.546501 -3.314231 0.000000 -50.770000 60.000000
1827.372654 0.230000 0.070000 -0.170000 -0.010000 0.030000 -3.010000 2.422796 -3.605950 0.000000 -53.030000 67.490000
1827.403109 -0.010000 -0.120000 0.690000 0.010000 -0.010000 -3.010000 1.615198 -3.750164 0.000000 -57.850000 67.490000
1827.432244 -0.370000 -0.230000 0.560000 0.030000 -0.050000 -2.940000 1.548177 -3.590392 0.000000 -55.380000 64.620000
1827.460934 0.270000 -0.240000 0.490000 0.020000 0.010000 -2.950000 1.548177 -3.590392 0.000000 -55.380000 64.620000
1827.489689 -0.550000 0.050000 0.670000 0.010000 -0.080000 -2.980000 2.422796 -3.605950 0.000000 -53.030000 67.490000
1827.524261 0.060000 -0.450000 -0.700000 0.030000 -0.030000 -3.070000 1.615198 -3.461736 0.000000 -53.030000 62.670000
1827.560456 0.200000 -0.320000 0.700000 0.000000 -0.090000 -3.150000 2.320590 -3.452461 0.000000 -50.770000 64.620000
1827.589033 -0.220000 0.270000 0.350000 -0.000000 0.040000 -3.200000 2.422796 -3.605950 0.000000 -53.030000 67.490000
1827.623555 -0.510000 0.220000 -0.200000 0.030000 -0.050000 -3.210000 1.615198 -3.750164 0.000000 -57.850000 67.490000
1827.660211 -0.040000 0.400000 -0.860000 0.010000 -0.020000 -3.230000 3.230395 -3.461736 0.000000 -48.210000 67.490000
1827.688561 -0.320000 -0.460000 -0.500000 0.000000 -0.030000 -3.240000 1.615198 -3.750164 0.000000 -57.850000 67.490000
1827.723256 0.210000 0.220000 -0.490000 -0.000000 -0.030000 -3.270000 2.422796 -3.605950 0.000000 -53.030000 67.490000
1827.751853 -0.340000 -0.390000 0.380000 -0.010000 -0.050000 -3.310000 1.548177 -3.590392 0.000000 -55.380000 64.620000
1827.788852 0.160000 0.450000 -0.330000 -0.040000 0.010000 -3.290000 2.422796 -3.605950 0.000000 -53.030000 67.490000
1827.825336 0.130000 -0.390000 -0.320000 0.050000 -0.090000 -3.260000 2.422796 -3.894378 0.000000 -57.850000 72.310000
1827.859739 0.340000 -0.270000 0.140000 0.060000 -0.010000 -3.310000 2.320590 -3.728322 0.000000 -55.380000 69.230000
1827.897697 0.230000 -0.100000 -0.410000 0.090000 -0.060000 -3.340000 2.320590 -3.452461 0.000000 -50.770000 64.620000
1827.930360 -0.170000 -0.190000 -0.190000 0.080000 -0.040000 -3.290000 2.422796 -3.894378 0.000000 -57.850000 72.310000
1827.959460 -0.290000 -0.240000 0.450000 0.010000 -0.030000 -3.410000 3.230395 -3.750164 0.000000 -53.030000 72.310000
1827.994439 -0.650000 0.450000 -0.350000 -0.000000 0.000000 -3.340000 2.320590 -3.728322 0.000000 -55.380000 69.230000
1828.027399 0.170000 0.040000 -0.980000 0.040000 -0.020000 -3.340000 2.422796 -3.894378 0.000000 -57.850000 72.310000
1828.062469 0.030000 0.220000 -0.300000 0.030000 0.030000 -3.280000 2.422796 -3.894378 0.000000 -57.850000 72.310000
1828.090245 -0.370000 -0.120000 -1.130000 0.010000 -0.020000 -3.340000 2.422796 -3.605950 0.000000 -53.030000 67.490000
1828.120968 -0.140000 -0.060000 -0.280000 -0.030000 0.050000 -3.280000 1.615198 -4.038592 0.000000 -62.670000 72.310000
1828.151532 -0.170000 0.060000 -0.010000 0.030000 -0.040000 -3.260000 2.422796 -3.894378 0.000000 -57.850000 72.310000
1828.180320 -0.190000 0.030000 0.300000 -0.000000 0.020000 -3.160000 1.546501 -3.866553 0.000000 -60.000000 69.230000
1828.208227 0.240000 0.280000 -0.820000 -0.050000 0.050000 -3.190000 1.615198 -3.750164 0.000000 -57.850000 67.490000
1828.243384 -0.110000 -0.120000 0.810000 0.050000 -0.040000 -3.110000 1.615198 -4.038592 0.000000 -62.670000 72.310000
1828.274652 0.460000 -0.120000 0.040000 -0.010000 -0.060000 -3.150000 2.320590 -3.728322 0.000000 -55.380000 69.230000
1828.309781 -0.200000 0.310000 0.180000 -0.040000 -0.000000 -3.140000 1.548177 -3.590392 0.000000 -55.380000 64.620000
1828.338620 0.730000 -0.130000 0.260000 -0.000000 -0.070000 -3.190000 2.422796 -3.894378 0.000000 -57.850000 72.310000
1828.376476 -0.020000 -0.280000 -0.260000 0.040000 -0.050000 -3.130000 2.422796 -3.894378 0.000000 -57.850000 72.310000
1828.408721 -0.310000 -0.410000 -0.240000 0.000000 -0.060000 -3.090000 1.548177 -3.590392 0.000000 -55.380000 64.620000
1828.446148 0.030000 -0.230000 0.060000 -0.030000 0.040000 -3.040000 2.422796 -3.894378 0.000000 -57.850000 72.310000
1828.481572 -0.490000 0.580000 0.350000 -0.060000 0.140000 -3.030000 2.422796 -3.894378 0.000000 -57.850000 72.310000
1828.509509 -0.210000 0.010000 0.530000 -0.040000 0.050000 -3.100000 0.807599 -3.605950 0.000000 -57.850000 62.670000
1828.545554 -0.310000 0.110000 0.320000 -0.020000 0.040000 -3.170000 1.548177 -3.590392 0.000000 -55.380000 64.620000
1828.579169 -0.500000 -0.120000 -1.000000 0.010000 -0.030000 -3.240000 2.422796 -3.605950 0.000000 -53.030000 67.490000
1828.614564 0.460000 0.040000 0.370000 -0.020000 0.070000 -3.170000 2.320590 -3.452461 0.000000 -50.770000 64.620000
1828.646157 0.720000 0.070000 0.220000 0.030000 -0.070000 -3.190000 1.615198 -3.461736 0.000000 -53.030000 62.670000
1828.680721 0.220000 0.120000 0.380000 0.050000 0.000000 -3.170000 2.422796 -3.605950 0.000000 -53.030000 67.490000
1828.709461 0.370000 0.030000 -0.080000 0.010000 -0.070000 -3.240000 3.230395 -3.750164 0.000000 -53.030000 72.310000
1828.744566 -0.430000 0.140000 -0.910000 -0.030000 0.010000 -3.170000 1.548177 -3.590392 0.000000 -55.380000 64.620000
1828.780789 -0.120000 -0.280000 -0.940000 -0.010000 0.000000 -3.230000 2.422796 -3.605950 0.000000 -53.030000 67.490000
1828.808921 0.440000 -0.260000 -0.550000 0.020000 0.000000 -3.210000 3.230395 -3.750164 0.000000 -53.030000 72.310000
1828.841764 -0.040000 -0.160000 -0.650000 -0.040000 -0.020000 -3.270000 2.320590 -3.452461 0.000000 -50.770000 64.620000
1828.878567 0.050000 -0.210000 0.380000 -0.020000 0.000000 -3.140000 1.906737 -3.802225 0.000000 -57.850000 69.230000
1828.917549 0.150000 0.180000 1.080000 -0.010000 0.030000 -3.200000 2.422796 -3.605950 0.000000 -53.030000 67.490000
1828.949256 0.840000 0.010000 0.500000 -0.030000 0.030000 -3.140000 2.422796 -3.605950 0.000000 -53.030000 67.490000
1828.983367 -0.770000 0.560000 0.660000 0.020000 -0.010000 -3.140000 3.093003 -3.590392 0.000000 -50.770000 69.230000
1829.011916 -0.340000 0.240000 1.060000 0.020000 -0.070000 -3.090000 2.422796 -3.605950 0.000000 -53.030000 67.490000
1829.041631 -0.550000 0.160000 0.750000 -0.000000 -0.090000 -3.170000 2.320590 -3.452461 0.000000 -50.770000 64.620000
1829.071001 0.120000 -0.310000 0.400000 0.020000 -0.090000 -3.200000 2.422796 -3.605950 0.000000 -53.030000 67.490000
1829.105744 0.210000 0.190000 0.150000 0.030000 -0.010000 -3.150000 2.422796 -3.605950 0.000000 -53.030000 67.490000
1829.138693 0.590000 -0.210000 0.120000 0.020000 -0.000000 -3.150000 1.615198 -3.750164 0.000000 -57.850000 67.490000
1829.174703 -0.170000 0.080000 0.100000 0.020000 0.050000 -3.130000 3.093003 -3.590392 0.000000 -50.770000 69.230000
1829.210505 0.120000 -0.340000 -0.980000 0.040000 -0.070000 -3.170000 1.615198 -3.750164 0.000000 -57.850000 67.490000
1829.240321 -0.320000 0.100000 -1.090000 -0.030000 0.040000 -3.050000 2.422796 -3.605950 0.000000 -53.030000 67.490000
1829.268851 0.670000 0.480000 -0.560000 -0.020000 0.030000 -3.050000 2.320590 -3.728322 0.000000 -55.380000 69.230000
1829.302232 -0.420000 0.050000 0.580000 0.020000 -0.010000 -2.970000 1.548177 -3.590392 0.000000 -55.380000 64.620000
1829.335554 -0.080000 0.190000 -0.410000 0.020000 -0.020000 -3.000000 2.422796 -3.894378 0.000000 -57.850000 72.310000
1829.367908 0.250000 0.050000 -0.400000 -0.010000 -0.060000 -2.930000 0.807599 -3.605950 0.000000 -57.850000 62.670000
1829.401866 0.080000 -0.370000 0.150000 0.020000 -0.070000 -2.980000 1.548177 -3.590392 0.000000 -55.380000 64.620000
1829.432390 0.010000 -0.200000 -0.140000 0.010000 -0.030000 -2.900000 0.807599 -3.894378 0.000000 -62.670000 67.490000
1829.461509 -0.810000 -0.000000 -0.260000 0.050000 -0.010000 -2.940000 1.615198 -3.750164 0.000000 -57.850000 67.490000
1829.489598 0.350000 0.120000 0.670000 -0.040000 0.090000 -2.870000 0.807599 -3.605950 0.000000 -57.850000 62.670000
1829.525557 -0.130000 0.900000 0.060000 -0.010000 -0.010000 -2.900000 2.422796 -3.894378 0.000000 -57.850000 72.310000
1829.558403 0.440000 -0.510000 -0.140000 -0.020000 0.010000 -2.840000 0.807599 -3.605950 0.000000 -57.850000 62.670000
1829.592489 -0.120000 -0.070000 0.050000 -0.020000 0.020000 -2.850000 1.548177 -3.590392 0.000000 -55.380000 64.620000
1829.622170 0.320000 0.050000 0.280000 -0.010000 0.020000 -2.880000 1.615198 -3.461736 0.000000 -53.030000 62.670000
1829.650723 0.250000 -0.090000 0.630000 0.010000 -0.010000 -2.970000 1.615198 -3.461736 0.000000 -53.030000 62.670000
1829.679025 0.010000 0.130000 0.290000 -0.020000 0.020000 -3.010000 2.320590 -3.452461 0.000000 -50.770000 64.620000
1829.714298 -0.260000 0.220000 0.360000 0.030000 -0.060000 -2.950000 2.320590 -3.452461 0.000000 -50.770000 64.620000
1829.748518 0.330000 -0.040000 -0.170000 0.040000 -0.010000 -3.030000 1.615198 -3.750164 0.000000 -57.850000 67.490000
1829.783252 -0.640000 -0.150000 -0.180000 0.060000 -0.090000 -3.030000 1.615198 -3.750164 0.000000 -57.850000 67.490000
1829.812459 0.040000 -0.040000 -0.640000 0.050000 -0.030000 -3.200000 2.320590 -3.452461 0.000000 -50.770000 64.620000
1829.839683 0.180000 -0.010000 0.040000 0.090000 -0.090000 -3.270000 2.422796 -3.605950 0.000000 -53.030000 67.490000
1829.875783 -0.260000 -0.010000 0.400000 0.020000 -0.020000 -3.250000 3.230395 -3.750164 0.000000 -53.030000 72.310000
1829.908653 -0.750000 -0.390000 -0.130000 0.040000 -0.080000 -3.320000 0.807599 -3.605950 0.000000 -57.850000 62.670000
1829.946205 -0.610000 -0.260000 -0.240000 0.020000 -0.030000 -3.300000 2.422796 -3.894378 0.000000 -57.850000 72.310000
1829.979578 0.170000 -0.410000 -0.360000 0.030000 0.020000 -3.330000 1.615198 -3.750164 0.000000 -57.850000 67.490000
1830.014934 0.210000 0.260000 0.690000 0.070000 -0.020000 -3.330000 2.320590 -3.728322 0.000000 -55.380000 69.230000
1830.048850 0.140000 -0.120000 0.240000 0.050000 -0.030000 -3.400000 2.422796 -3.605950 0.000000 -53.030000 67.490000
1830.083200 -0.250000 0.380000 -0.380000 0.050000 -0.010000 -3.390000 2.422796 -3.894378 0.000000 -57.850000 72.310000
1830.110513 0.010000 0.030000 -0.020000 0.050000 -0.060000 -3.420000 2.320590 -3.728322 0.000000 -55.380000 69.230000
1830.137910 -0.070000 0.030000 -0.020000 0.020000 -0.030000 -3.350000 2.320590 -3.728322 0.000000 -55.380000 69.230000
1830.174446 0.560000 -0.300000 0.570000 0.020000 -0.050000 -3.420000 2.422796 -3.894378 0.000000 -57.850000 72.310000
1830.208311 -0.020000 0.270000 -0.660000 0.030000 -0.020000 -3.340000 2.422796 -3.894378 0.000000 -57.850000 72.310000
1830.242444 -0.170000 -0.210000 -0.730000 0.020000 -0.060000 -3.420000 2.320590 -3.728322 0.000000 -55.380000 69.230000
1830.272023 -0.380000 0.050000 0.030000 0.010000 -0.040000 -3.320000 2.422796 -3.894378 0.000000 -57.850000 72.310000
1830.301334 0.010000 -0.130000 -1.150000 -0.020000 -0.030000 -3.310000 2.422796 -3.894378 0.000000 -57.850000 72.310000
1830.328570 0.320000 0.130000 -0.930000 0.020000 0.020000 -3.250000 2.422796 -3.894378 0.000000 -57.850000 72.310000
1830.361475 0.120000 0.120000 -0.570000 -0.000000 -0.010000 -3.260000 1.548177 -3.590392 0.000000 -55.380000 64.620000
1830.391806 -0.050000 -0.150000 0.060000 -0.040000 0.030000 -3.280000 2.422796 -3.894378 0.000000 -57.850000 72.310000
1830.421121 -0.050000 0.150000 -0.480000 -0.030000 -0.000000 -3.350000 2.320590 -3.728322 0.000000 -55.380000 69.230000
1830.448146 -0.250000 0.020000 0.530000 -0.020000 0.010000 -3.340000 1.615198 -3.750164 0.000000 -57.850000 67.490000
1830.485377 -0.120000 0.230000 -0.050000 -0.020000 -0.000000 -3.370000 3.230395 -3.750164 0.000000 -53.030000 72.310000
1830.517874 0.200000 -0.140000 0.540000 -0.050000 0.020000 -3.260000 2.422796 -3.894378 0.000000 -57.850000 72.310000
1830.553795 -0.100000 -0.100000 0.930000 -0.040000 0.040000 -3.340000 1.546501 -3.866553 0.000000 -60.000000 69.230000
1830.587778 0.720000 0.070000 1.450000 -0.040000 0.030000 -3.250000 1.615198 -3.750164 0.000000 -57.850000 67.490000
1830.620204 -0.560000 0.150000 1.280000 -0.040000 0.040000 -3.290000 1.615198 -3.750164 0.000000 -57.850000 67.490000
1830.650936 -0.070000 -0.140000 0.140000 0.020000 0.010000 -3.250000 1.546501 -3.866553 0.000000 -60.000000 69.230000
1830.679746 -0.490000 0.190000 -0.440000 0.060000 0.000000 -3.270000 2.422796 -3.894378 0.000000 -57.850000 72.310000
1830.713891 0.440000 -0.620000 0.320000 0.010000 0.010000 -3.200000 1.615198 -3.750164 0.000000 -57.850000 67.490000
1830.747834 0.300000 0.270000 -0.760000 0.040000 -0.030000 -3.260000 2.422796 -3.605950 0.000000 -53.030000 67.490000
1830.784160 0.060000 -0.320000 0.240000 0.030000 -0.030000 -3.230000 1.548177 -3.590392 0.000000 -55.380000 64.620000
1830.815768 0.700000 0.210000 -0.500000 0.010000 0.030000 -3.280000 2.422796 -3.894378 0.000000 -57.850000 72.310000
1830.849795 0.010000 -0.240000 -0.150000 0.060000 -0.040000 -3.240000 2.320590 -3.452461 0.000000 -50.770000 64.620000
1830.879249 -0.150000 -0.130000 0.310000 -0.000000 -0.020000 -3.180000 2.422796 -3.605950 0.000000 -53.030000 67.490000
1830.915173 0.220000 -0.040000 -0.010000 0.040000 -0.040000 -3.140000 3.230395 -3.750164 0.000000 -53.030000 72.310000
1830.951463 0.930000 0.180000 -0.560000 -0.010000 0.030000 -3.110000 2.422796 -3.894378 0.000000 -57.850000 72.310000
1830.981286 -0.190000 -0.170000 -0.170000 0.010000 0.000000 -3.140000 1.548177 -3.590392 0.000000 -55.380000 64.620000
1831.009660 -0.530000 0.040000 0.460000 -0.010000 0.020000 -3.080000 3.230395 -3.750164 0.000000 -53.030000 72.310000
1831.042805 -0.050000 -0.450000 -0.020000 0.040000 0.010000 -3.170000 1.615198 -3.750164 0.000000 -57.850000 67.490000
1831.072550 -0.000000 0.430000 -1.360000 0.010000 0.050000 -3.170000 2.320590 -3.452461 0.000000 -50.770000 64.620000
1831.101511 -0.100000 0.180000 -0.610000 0.010000 -0.040000 -3.210000 2.320590 -3.452461 0.000000 -50.770000 64.620000
1831.130968 -0.300000 -0.030000 -0.010000 -0.000000 -0.030000 -3.110000 2.422796 -3.605950 0.000000 -53.030000 67.490000
1831.167526 0.150000 -0.000000 0.880000 -0.020000 0.040000 -3.240000 3.230395 -3.461736 0.000000 -48.210000 67.490000
1831.201394 0.070000 0.290000 -0.550000 -0.020000 -0.000000 -3.210000 2.320590 -3.452461 0.000000 -50.770000 64.620000
1831.230851 0.490000 0.030000 1.500000 -0.010000 0.050000 -3.310000 3.230395 -3.750164 0.000000 -53.030000 72.310000
1831.258783 -0.240000 0.160000 0.550000 0.000000 -0.030000 -3.220000 2.422796 -3.605950 0.000000 -53.030000 67.490000
1831.292504 -0.120000 0.360000 1.160000 -0.010000 -0.010000 -3.150000 2.422796 -3.605950 0.000000 -53.030000 67.490000
1831.329666 -0.230000 -0.160000 0.970000 0.040000 -0.070000 -3.180000 2.422796 -3.894378 0.000000 -57.850000 72.310000
1831.367036 -0.070000 0.210000 0.110000 -0.000000 -0.050000 -3.200000 1.615198 -3.750164 0.000000 -57.850000 67.490000
1831.400377 -0.040000 -0.050000 -0.230000 0.010000 -0.060000 -3.160000 3.093003 -3.590392 0.000000 -50.770000 69.230000
1831.433968 -0.070000 -0.080000 -0.640000 -0.050000 -0.020000 -3.080000 2.422796 -3.605950 0.000000 -53.030000 67.490000
1831.469329 0.520000 -0.180000 -0.610000 -0.010000 0.010000 -3.100000 2.422796 -3.605950 0.000000 -53.030000 67.490000
1831.506585 0.020000 -0.270000 -0.020000 -0.050000 0.080000 -3.060000 1.548177 -3.590392 0.000000 -55.380000 64.620000
1831.538503 0.280000 0.330000 -0.600000 0.010000 -0.000000 -3.130000 2.320590 -3.452461 0.000000 -50.770000 64.620000
1831.574047 -0.550000 0.000000 -0.350000 0.010000 -0.020000 -3.090000 2.422796 -3.605950 0.000000 -53.030000 67.490000
1831.609012 -0.130000 -0.040000 -0.450000 -0.000000 0.010000 -3.110000 2.422796 -3.605950 0.000000 -53.030000 67.490000
1831.637133 0.820000 -0.110000 0.840000 -0.080000 0.040000 -3.060000 1.548177 -3.590392 0.000000 -55.380000 64.620000
1831.672411 0.650000 -0.030000 0.050000 -0.010000 -0.020000 -3.190000 2.422796 -3.605950 0.000000 -53.030000 67.490000
1831.701352 0.810000 -0.380000 -0.060000 -0.010000 -0.020000 -3.120000 1.615198 -3.750164 0.000000 -57.850000 67.490000
1831.730331 -0.160000 0.290000 0.210000 0.060000 -0.060000 -3.190000 1.615198 -3.461736 0.000000 -53.030000 62.670000
1831.757652 -0.990000 -0.440000 0.410000 0.040000 -0.060000 -3.190000 2.422796 -3.605950 0.000000 -53.030000 67.490000
1831.791261 -0.530000 0.430000 -0.470000 -0.010000 0.010000 -3.180000 1.615198 -3.750164 0.000000 -57.850000 67.490000
1831.827383 -0.180000 -0.230000 -0.220000 -0.000000 -0.030000 -3.200000 2.320590 -3.728322 0.000000 -55.380000 69.230000
1831.862248 -0.010000 0.020000 -0.230000 0.010000 0.040000 -3.170000 2.422796 -3.605950 0.000000 -53.030000 67.490000
1831.895170 -0.390000 -0.270000 -0.670000 0.000000 -0.040000 -3.240000 1.615198 -3.750164 0.000000 -57.850000 67.490000
1831.930537 -0.770000 0.000000 -0.250000 -0.010000 0.120000 -3.220000 0.774088 -3.728622 0.000000 -60.000000 64.620000
1831.958656 0.650000 0.040000 -0.230000 0.010000 0.000000 -3.280000 1.548177 -3.590392 0.000000 -55.380000 64.620000
1831.992414 -0.680000 0.510000 0.400000 -0.010000 0.100000 -3.220000 2.422796 -3.894378 0.000000 -57.850000 72.310000
1832.025345 0.910000 -0.020000 0.140000 0.020000 -0.050000 -3.260000 1.615198 -4.038592 0.000000 -62.670000 72.310000
1832.059536 -0.170000 0.310000 -0.910000 0.040000 0.000000 -3.260000 2.320590 -3.728322 0.000000 -55.380000 69.230000
1832.088390 0.320000 -0.130000 -0.170000 -0.020000 -0.040000 -3.330000 1.615198 -3.750164 0.000000 -57.850000 67.490000
1832.122671 -0.170000 0.350000 -0.570000 -0.010000 0.020000 -3.320000 2.422796 -3.894378 0.000000 -57.850000 72.310000
1832.159425 -0.160000 0.070000 -0.560000 0.010000 -0.030000 -3.400000 2.422796 -3.605950 0.000000 -53.030000 67.490000
1832.192534 0.010000 0.140000 0.440000 0.040000 -0.020000 -3.340000 2.320590 -3.728322 0.000000 -55.380000 69.230000
1832.229496 -0.380000 -0.350000 -0.180000 -0.010000 -0.060000 -3.370000 2.422796 -3.894378 0.000000 -57.850000 72.310000
1832.257311 -0.360000 -0.190000 -0.170000 -0.020000 0.040000 -3.300000 2.320590 -3.728322 0.000000 -55.380000 69.230000
1832.294661 0.670000 -0.080000 -0.260000 0.030000 0.010000 -3.350000 2.422796 -3.605950 0.000000 -53.030000 67.490000
1832.329800 0.190000 -0.230000 1.140000 0.030000 -0.010000 -3.050000 2.422796 -3.605950 0.000000 -53.030000 67.490000
1832.357054 -0.070000 0.200000 0.830000 0.010000 0.010000 -3.030000 1.993864 -3.394117 0.000000 -50.770000 62.670000
1832.389539 0.160000 -0.220000 0.110000 -0.020000 -0.010000 -2.860000 2.320590 -3.176001 0.000000 -46.150000 60.000000
1832.423176 -0.300000 0.110000 0.490000 -0.010000 -0.010000 -2.570000 2.424472 -3.028795 0.000000 -43.380000 57.850000
1832.460446 -0.060000 -0.180000 0.410000 -0.000000 0.020000 -2.550000 1.616873 -2.884580 0.000000 -43.380000 53.030000
1832.492749 -0.140000 -0.080000 -0.330000 0.010000 0.000000 -2.250000 1.546501 -2.485449 0.000000 -36.920000 46.150000
1832.522999 0.550000 -0.010000 0.320000 -0.000000 -0.010000 -2.070000 1.616873 -2.596152 0.000000 -38.560000 48.210000
0.000000 0.000000 0.000000 0.000000 0.000000 0.000000 0.000000 0.000000 0.000000 0.000000 0.000000 0.000000
0.000000 0.000000 0.000000 0.000000 0.000000 0.000000 0.000000 0.000000 0.000000 0.000000 0.000000 0.000000
0.000000 0.000000 0.000000 0.000000 0.000000 0.000000 0.000000 0.000000 0.000000 0.000000 0.000000 0.000000
0.000000 0.000000 0.000000 0.000000 0.000000 0.000000 0.000000 0.000000 0.000000 0.000000 0.000000 0.000000
0.000000 0.000000 0.000000 0.000000 0.000000 0.000000 0.000000 0.000000 0.000000 0.000000 0.000000 0.000000
0.000000 0.000000 0.000000 0.000000 0.000000 0.000000 0.000000 0.000000 0.000000 0.000000 0.000000 0.000000
0.000000 0.000000 0.000000 0.000000 0.000000 0.000000 0.000000 0.000000 0.000000 0.000000 0.000000 0.000000
0.000000 0.000000 0.000000 0.000000 0.000000 0.000000 0.000000 0.000000 0.000000 0.000000 0.000000 0.000000
0.000000 0.000000 0.000000 0.000000 0.000000 0.000000 0.000000 0.000000 0.000000 0.000000 0.000000 0.000000
0.000000 0.000000 0.000000 0.000000 0.000000 0.000000 0.000000 0.000000 0.000000 0.000000 0.000000 0.000000
0.000000 0.000000 0.000000 0.000000 0.000000 0.000000 0.000000 0.000000 0.000000 0.000000 0.000000 0.000000
0.000000 0.000000 0.000000 0.000000 0.000000 0.000000 0.000000 0.000000 0.000000 0.000000 0.000000 0.000000
0.000000 0.000000 0.000000 0.000000 0.000000 0.000000 0.000000 0.000000 0.000000 0.000000 0.000000 0.000000
0.000000 0.000000 0.000000 0.000000 0.000000 0.000000 0.000000 0.000000 0.000000 0.000000 0.000000 0.000000
0.000000 0.000000 0.000000 0.000000 0.000000 0.000000 0.000000 0.000000 0.000000 0.000000 0.000000 0.000000
0.000000 0.000000 0.000000 0.000000 0.000000 0.000000 0.000000 0.000000 0.000000 0.000000 0.000000 0.000000
0.000000 0.000000 0.000000 0.000000 0.000000 0.000000 0.000000 0.000000 0.000000 0.000000 0.000000 0.000000
0.000000 0.000000 0.000000 0.000000 0.000000 0.000000 0.000000 0.000000 0.000000 0.000000 0.000000 0.000000
0.000000 0.000000 0.000000 0.000000 0.000000 0.000000 0.000000 0.000000 0.000000 0.000000 0.000000 0.000000
0.000000 0.000000 0.000000 0.000000 0.000000 0.000000 0.000000 0.000000 0.000000 0.000000 0.000000 0.000000
0.000000 0.000000 0.000000 0.000000 0.000000 0.000000 0.000000 0.000000 0.000000 0.000000 0.000000 0.000000
0.000000 0.000000 0.000000 0.000000 0.000000 0.000000 0.000000 0.000000 0.000000 0.000000 0.000000 0.000000
0.000000 0.000000 0.000000 0.000000 0.000000 0.000000 0.000000 0.000000 0.000000 0.000000 0.000000 0.000000
0.000000 0.000000 0.000000 0.000000 0.000000 0.000000 0.000000 0.000000 0.000000 0.000000 0.000000 0.000000
0.000000 0.000000 0.000000 0.000000 0.000000 0.000000 0.000000 0.000000 0.000000 0.000000 0.000000 0.000000
0.000000 0.000000 0.000000 0.000000 0.000000 0.000000 0.000000 0.000000 0.000000 0.000000 0.000000 0.000000
0.000000 0.000000 0.000000 0.000000 0.000000 0.000000 0.000000 0.000000 0.000000 0.000000 0.000000 0.000000
0.000000 0.000000 0.000000 0.000000 0.000000 0.000000 0.000000 0.000000 0.000000 0.000000 0.000000 0.000000
0.000000 0.000000 0.000000 0.000000 0.000000 0.000000 0.000000 0.000000 0.000000 0.000000 0.000000 0.000000
0.000000 0.000000 0.000000 0.000000 0.000000 0.000000 0.000000 0.000000 0.000000 0.000000 0.000000 0.000000
0.000000 0.000000 0.000000 0.000000 0.000000 0.000000 0.000000 0.000000 0.000000 0.000000 0.000000 0.000000
0.000000 0.000000 0.000000 0.000000 0.000000 0.000000 0.000000 0.000000 0.000000 0.000000 0.000000 0.000000
0.000000 0.000000 0.000000 0.000000 0.000000 0.000000 0.000000 0.000000 0.000000 0.000000 0.000000 0.000000
0.000000 0.000000 0.000000 0.000000 0.000000 0.000000 0.000000 0.000000 0.000000 0.000000 0.000000 0.000000
0.000000 0.000000 0.000000 0.000000 0.000000 0.000000 0.000000 0.000000 0.000000 0.000000 0.000000 0.000000
0.000000 0.000000 0.000000 0.000000 0.000000 0.000000 0.000000 0.000000 0.000000 0.000000 0.000000 0.000000
0.000000 0.000000 0.000000 0.000000 0.000000 0.000000 0.000000 0.000000 0.000000 0.000000 0.000000 0.000000
0.000000 0.000000 0.000000 0.000000 0.000000 0.000000 0.000000 0.000000 0.000000 0.000000 0.000000 0.000000
0.000000 0.000000 0.000000 0.000000 0.000000 0.000000 0.000000 0.000000 0.000000 0.000000 0.000000 0.000000
0.000000 0.000000 0.000000 0.000000 0.000000 0.000000 0.000000 0.000000 0.000000 0.000000 0.000000 0.000000
0.000000 0.000000 0.000000 0.000000 0.000000 0.000000 0.000000 0.000000 0.000000 0.000000 0.000000 0.000000
0.000000 0.000000 0.000000 0.000000 0.000000 0.000000 0.000000 0.000000 0.000000 0.000000 0.000000 0.000000
0.000000 0.000000 0.000000 0.000000 0.000000 0.000000 0.000000 0.000000 0.000000 0.000000 0.000000 0.000000
0.000000 0.000000 0.000000 0.000000 0.000000 0.000000 0.000000 0.000000 0.000000 0.000000 0.000000 0.000000
0.000000 0.000000 0.000000 0.000000 0.000000 0.000000 0.000000 0.000000 0.000000 0.000000 0.000000 0.000000
0.000000 0.000000 0.000000 0.000000 0.000000 0.000000 0.000000 0.000000 0.000000 0.000000 0.000000 0.000000
0.000000 0.000000 0.000000 0.000000 0.000000 0.000000 0.000000 0.000000 0.000000 0.000000 0.000000 0.000000
0.000000 0.000000 0.000000 0.000000 0.000000 0.000000 0.000000 0.000000 0.000000 0.000000 0.000000 0.000000
0.000000 0.000000 0.000000 0.000000 0.000000 0.000000 0.000000 0.000000 0.000000 0.000000 0.000000 0.000000
0.000000 0.000000 0.000000 0.000000 0.000000 0.000000 0.000000 0.000000 0.000000 0.000000 0.000000 0.000000
0.000000 0.000000 0.000000 0.000000 0.000000 0.000000 0.000000 0.000000 0.000000 0.000000 0.000000 0.000000
0.000000 0.000000 0.000000 0.000000 0.000000 0.000000 0.000000 0.000000 0.000000 0.000000 0.000000 0.000000
0.000000 0.000000 0.000000 0.000000 0.000000 0.000000 0.000000 0.000000 0.000000 0.000000 0.000000 0.000000
0.000000 0.000000 0.000000 0.000000 0.000000 0.000000 0.000000 0.000000 0.000000 0.000000 0.000000 0.000000
0.000000 0.000000 0.000000 0.000000 0.000000 0.000000 0.000000 0.000000 0.000000 0.000000 0.000000 0.000000
0.000000 0.000000 0.000000 0.000000 0.000000 0.000000 0.000000 0.000000 0.000000 0.000000 0.000000 0.000000
0.000000 0.000000 0.000000 0.000000 0.000000 0.000000 0.000000 0.000000 0.000000 0.000000 0.000000 0.000000
0.000000 0.000000 0.000000 0.000000 0.000000 0.000000 0.000000 0.000000 0.000000 0.000000 0.000000 0.000000
0.000000 0.000000 0.000000 0.000000 0.000000 0.000000 0.000000 0.000000 0.000000 0.000000 0.000000 0.000000
0.000000 0.000000 0.000000 0.000000 0.000000 0.000000 0.000000 0.000000 0.000000 0.000000 0.000000 0.000000
0.000000 0.000000 0.000000 0.000000 0.000000 0.000000 0.000000 0.000000 0.000000 0.000000 0.000000 0.000000
0.000000 0.000000 0.000000 0.000000 0.000000 0.000000 0.000000 0.000000 0.000000 0.000000 0.000000 0.000000
0.000000 0.000000 0.000000 0.000000 0.000000 0.000000 0.000000 0.000000 0.000000 0.000000 0.000000 0.000000
0.000000 0.000000 0.000000 0.000000 0.000000 0.000000 0.000000 0.000000 0.000000 0.000000 0.000000 0.000000
0.000000 0.000000 0.000000 0.000000 0.000000 0.000000 0.000000 0.000000 0.000000 0.000000 0.000000 0.000000
0.000000 0.000000 0.000000 0.000000 0.000000 0.000000 0.000000 0.000000 0.000000 0.000000 0.000000 0.000000
0.000000 0.000000 0.000000 0.000000 0.000000 0.000000 0.000000 0.000000 0.000000 0.000000 0.000000 0.000000
0.000000 0.000000 0.000000 0.000000 0.000000 0.000000 0.000000 0.000000 0.000000 0.000000 0.000000 0.000000
0.000000 0.000000 0.000000 0.000000 0.000000 0.000000 0.000000 0.000000 0.000000 0.000000 0.000000 0.000000
0.000000 0.000000 0.000000 0.000000 0.000000 0.000000 0.000000 0.000000 0.000000 0.000000 0.000000 0.000000
0.000000 0.000000 0.000000 0.000000 0.000000 0.000000 0.000000 0.000000 0.000000 0.000000 0.000000 0.000000
0.000000 0.000000 0.000000 0.000000 0.000000 0.000000 0.000000 0.000000 0.000000 0.000000 0.000000 0.000000
0.000000 0.000000 0.000000 0.000000 0.000000 0.000000 0.000000 0.000000 0.000000 0.000000 0.000000 0.000000
0.000000 0.000000 0.000000 0.000000 0.000000 0.000000 0.000000 0.000000 0.000000 0.000000 0.000000 0.000000
0.000000 0.000000 0.000000 0.000000 0.000000 0.000000 0.000000 0.000000 0.000000 0.000000 0.000000 0.000000
0.000000 0.000000 0.000000 0.000000 0.000000 0.000000 0.000000 0.000000 0.000000 0.000000 0.000000 0.000000
0.000000 0.000000 0.000000 0.000000 0.000000 0.000000 0.000000 0.000000 0.000000 0.000000 0.000000 0.000000
0.000000 0.000000 0.000000 0.000000 0.000000 0.000000 0.000000 0.000000 0.000000 0.000000 0.000000 0.000000
0.000000 0.000000 0.000000 0.000000 0.000000 0.000000 0.000000 0.000000 0.000000 0.000000 0.000000 0.000000
0.000000 0.000000 0.000000 0.000000 0.000000 0.000000 0.000000 0.000000 0.000000 0.000000 0.000000 0.000000
0.000000 0.000000 0.000000 0.000000 0.000000 0.000000 0.000000 0.000000 0.000000 0.000000 0.000000 0.000000
0.000000 0.000000 0.000000 0.000000 0.000000 0.000000 0.000000 0.000000 0.000000 0.000000 0.000000 0.000000
0.000000 0.000000 0.000000 0.000000 0.000000 0.000000 0.000000 0.000000 0.000000 0.000000 0.000000 0.000000
0.000000 0.000000 0.000000 0.000000 0.000000 0.000000 0.000000 0.000000 0.000000 0.000000 0.000000 0.000000
0.000000 0.000000 0.000000 0.000000 0.000000 0.000000 0.000000 0.000000 0.000000 0.000000 0.000000 0.000000
0.000000 0.000000 0.000000 0.000000 0.000000 0.000000 0.000000 0.000000 0.000000 0.000000 0.000000 0.000000
0.000000 0.000000 0.000000 0.000000 0.000000 0.000000 0.000000 0.000000 0.000000 0.000000 0.000000 0.000000
0.000000 0.000000 0.000000 0.000000 0.000000 0.000000 0.000000 0.000000 0.000000 0.000000 0.000000 0.000000
0.000000 0.000000 0.000000 0.000000 0.000000 0.000000 0.000000 0.000000 0.000000 0.000000 0.000000 0.000000
0.000000 0.000000 0.000000 0.000000 0.000000 0.000000 0.000000 0.000000 0.000000 0.000000 0.000000 0.000000
