1970.718303 -0.010000 0.000000 -9.960000 -0.000000 0.000000 0.000000 0.000000 0.000000 0.000000 0.000000 0.000000
1970.764239 -0.050000 -0.010000 -8.910000 -0.000000 -0.000000 -0.000000 0.000000 0.000000 0.000000 0.000000 0.000000
1970.795762 -0.170000 0.240000 -7.760000 0.000000 -0.010000 0.000000 0.807599 0.144214 0.000000 4.820000 0.000000
1970.835091 -0.120000 0.780000 -6.800000 -0.010000 -0.010000 0.020000 2.422796 0.144214 0.000000 9.640000 4.820000
1970.872139 -0.130000 1.420000 -6.040000 -0.010000 -0.010000 -0.030000 7.268389 -0.144214 0.000000 19.280000 24.100000
1970.901642 0.410000 0.500000 -5.550000 0.020000 0.060000 0.000000 9.279008 0.000000 0.000000 27.690000 27.690000
1970.930564 0.410000 0.620000 -3.890000 -0.030000 -0.000000 0.000000 12.921580 0.000000 0.000000 38.560000 38.560000
1970.958723 -0.070000 -0.490000 -1.790000 0.030000 -0.010000 -0.000000 18.578122 0.144214 0.000000 57.850000 53.030000
1970.994782 -0.550000 1.120000 -0.180000 0.040000 -0.050000 0.020000 21.654370 0.000000 0.000000 64.620000 64.620000
1971.028629 0.210000 -0.480000 0.220000 0.190000 -0.020000 0.030000 25.519785 0.137931 0.000000 78.460000 73.850000
1971.066013 -0.290000 0.750000 1.010000 0.020000 -0.070000 -0.060000 29.884505 -0.144214 0.000000 86.770000 91.590000
1971.098322 -0.940000 -2.060000 1.950000 -0.030000 -0.050000 0.010000 30.692104 0.000000 0.000000 91.590000 91.590000
1971.135531 -0.350000 0.570000 0.860000 -0.030000 -0.080000 -0.040000 34.026381 0.000000 0.000000 101.540000 101.540000
1971.172569 0.570000 -0.530000 -2.810000 0.060000 -0.000000 0.040000 37.960492 -0.144214 0.000000 110.870000 115.690000
1971.199750 -0.090000 -0.620000 0.570000 0.080000 0.010000 0.020000 41.190887 0.144214 0.000000 125.330000 120.510000
1971.232771 0.360000 -1.140000 -1.200000 -0.060000 -0.020000 -0.040000 39.575690 -0.144214 0.000000 115.690000 120.510000
1971.261041 0.560000 -0.790000 -2.500000 0.040000 0.060000 -0.000000 42.806085 0.144214 0.000000 130.150000 125.330000
1971.291661 1.120000 -0.280000 -0.770000 -0.110000 0.040000 -0.080000 46.036480 -0.144214 0.000000 134.970000 139.790000
1971.319193 0.260000 -0.690000 2.040000 -0.010000 -0.070000 0.010000 43.305389 0.000000 0.000000 129.230000 129.230000
1971.355279 -0.230000 1.000000 -2.520000 -0.090000 0.020000 -0.030000 46.036480 -0.144214 0.000000 134.970000 139.790000
1971.390695 -0.760000 -1.910000 0.450000 0.020000 0.100000 -0.030000 48.462627 0.000000 0.000000 144.620000 144.620000
1971.419778 0.000000 -0.250000 1.650000 -0.160000 -0.040000 -0.040000 47.172480 -0.138230 0.000000 138.460000 143.080000
1971.452328 0.630000 0.360000 1.300000 -0.030000 0.080000 -0.020000 47.946568 0.000000 0.000000 143.080000 143.080000
1971.480212 -0.250000 0.450000 -0.610000 0.030000 -0.130000 -0.100000 50.077825 0.000000 0.000000 149.440000 149.440000
1971.514378 -0.180000 -0.680000 0.680000 0.180000 0.130000 -0.060000 50.077825 0.000000 0.000000 149.440000 149.440000
1971.549552 0.490000 0.430000 -1.250000 -0.110000 0.070000 0.030000 49.491394 0.000000 0.000000 147.690000 147.690000
1971.582796 -0.320000 -0.230000 1.920000 -0.150000 0.070000 0.010000 51.693022 0.000000 0.000000 154.260000 154.260000
1971.610978 0.440000 -0.070000 -0.460000 -0.020000 -0.000000 -0.060000 51.693022 0.000000 0.000000 154.260000 154.260000
1971.638975 0.040000 -0.620000 -2.450000 -0.020000 0.060000 0.110000 50.885423 -0.144214 0.000000 149.440000 154.260000
1971.676117 0.110000 -0.760000 -1.130000 -0.070000 0.030000 0.020000 52.173895 0.202558 0.000000 159.080000 152.310000
1971.711556 -0.430000 0.320000 -1.430000 -0.030000 -0.000000 0.010000 53.308220 0.000000 0.000000 159.080000 159.080000
1971.741170 0.560000 -0.250000 -0.980000 0.290000 0.120000 -0.050000 51.811984 0.137931 0.000000 156.920000 152.310000
1971.771345 0.200000 -0.200000 0.200000 0.010000 0.160000 -0.080000 50.077825 0.000000 0.000000 149.440000 149.440000
1971.800788 0.040000 0.700000 4.820000 -0.080000 -0.060000 0.020000 54.115818 -0.144214 0.000000 159.080000 163.900000
1971.829786 0.050000 0.810000 2.010000 -0.040000 -0.030000 -0.120000 51.811984 -0.137931 0.000000 152.310000 156.920000
1971.866494 0.820000 1.180000 -1.460000 -0.080000 0.130000 -0.010000 51.811984 -0.137931 0.000000 152.310000 156.920000
1971.903253 0.020000 -0.080000 0.430000 0.080000 0.100000 0.010000 54.115818 -0.144214 0.000000 159.080000 163.900000
1971.932661 -0.680000 0.020000 1.720000 -0.020000 -0.110000 -0.080000 54.115818 -0.144214 0.000000 159.080000 163.900000
1971.970857 -0.350000 0.730000 1.960000 0.020000 -0.000000 -0.070000 52.584397 0.000000 0.000000 156.920000 156.920000
1972.001009 -0.060000 -0.950000 -1.760000 0.020000 -0.100000 -0.000000 53.308220 0.000000 0.000000 159.080000 159.080000
1972.030569 -1.060000 0.120000 1.750000 -0.130000 0.020000 0.090000 54.115818 0.144214 0.000000 163.900000 159.080000
1972.061366 -0.590000 -0.980000 -2.440000 -0.070000 -0.020000 -0.020000 51.693022 0.000000 0.000000 154.260000 154.260000
1972.089954 -0.550000 1.080000 0.630000 -0.050000 -0.170000 -0.030000 51.811984 0.137931 0.000000 156.920000 152.310000
1972.118302 0.300000 0.480000 -1.500000 0.340000 -0.000000 0.040000 53.308220 0.000000 0.000000 159.080000 159.080000
1972.154474 -0.280000 -0.600000 0.810000 0.100000 -0.010000 -0.120000 51.811984 -0.137931 0.000000 152.310000 156.920000
1972.191356 -0.140000 0.410000 1.150000 -0.020000 -0.040000 0.030000 51.693022 0.000000 0.000000 154.260000 154.260000
1972.220692 1.420000 0.240000 -0.410000 -0.060000 -0.030000 -0.060000 54.923417 0.000000 0.000000 163.900000 163.900000
1972.250864 -0.580000 -0.750000 -2.390000 -0.250000 0.020000 0.090000 54.115818 -0.144214 0.000000 159.080000 163.900000
1972.280874 -0.030000 -0.440000 -2.170000 0.180000 -0.080000 -0.050000 51.039571 0.000000 0.000000 152.310000 152.310000
1972.309599 -0.370000 -0.150000 0.410000 0.180000 0.050000 0.040000 50.077825 0.000000 0.000000 149.440000 149.440000
1972.342199 0.180000 -0.640000 0.210000 0.110000 0.160000 0.010000 43.613684 0.000000 0.000000 130.150000 130.150000
1972.371177 0.840000 -3.810000 1.780000 -0.200000 -0.120000 0.050000 38.664209 0.000000 0.000000 115.380000 115.380000
1972.398677 -0.340000 -1.670000 1.160000 -0.110000 -0.170000 0.050000 32.479879 -0.276161 0.000000 92.310000 101.540000
1972.434990 -0.540000 -0.070000 -2.510000 -0.100000 -0.040000 -0.010000 31.499702 -0.144214 0.000000 91.590000 96.410000
1972.470597 0.360000 0.350000 1.990000 -0.040000 -0.050000 -0.100000 27.461709 0.000000 0.000000 81.950000 81.950000
1972.504855 -0.270000 -0.330000 1.790000 -0.020000 0.020000 -0.100000 20.878606 -0.414391 0.000000 55.380000 69.230000
1972.538739 0.080000 0.520000 -0.670000 0.040000 -0.010000 -0.080000 18.576447 -0.721370 0.000000 43.380000 67.490000
1972.570662 -0.050000 0.290000 0.070000 0.010000 0.020000 -0.080000 12.923256 -1.442440 0.000000 14.460000 62.670000
1972.599034 -0.120000 1.940000 2.720000 0.180000 -0.060000 -0.790000 9.692861 -1.730868 0.000000 0.000000 57.850000
1972.625895 0.830000 1.660000 1.230000 -0.100000 0.050000 -1.230000 8.885262 -1.586654 0.000000 0.000000 53.030000
1972.661615 -0.310000 1.870000 -2.080000 -0.030000 0.050000 -1.440000 8.885262 -1.586654 0.000000 0.000000 53.030000
1972.689910 1.150000 1.050000 0.550000 0.010000 -0.020000 -1.650000 6.186005 -1.656966 0.000000 -9.230000 46.150000
1972.723029 0.080000 0.000000 -1.010000 -0.010000 0.000000 -1.740000 7.270064 -2.163510 0.000000 -14.460000 57.850000
1972.752288 -0.290000 0.840000 -0.830000 -0.060000 0.060000 -1.870000 5.654867 -2.163510 0.000000 -19.280000 53.030000
1972.782892 -0.070000 0.700000 -0.570000 0.020000 0.050000 -2.010000 5.411917 -2.347518 0.000000 -23.080000 55.380000
1972.812371 -0.000000 0.290000 0.240000 0.000000 0.020000 -2.210000 3.865416 -2.623679 0.000000 -32.310000 55.380000
1972.839921 -0.220000 0.040000 -0.470000 0.050000 -0.040000 -2.340000 4.039669 -2.740366 0.000000 -33.740000 57.850000
1972.876756 0.580000 -0.900000 -0.710000 0.030000 -0.060000 -2.370000 4.847268 -2.884580 0.000000 -33.740000 62.670000
1972.910601 -0.420000 0.650000 -0.120000 0.030000 0.030000 -2.550000 3.867091 -2.899840 0.000000 -36.920000 60.000000
1972.940320 -0.160000 -0.000000 -0.960000 0.000000 0.010000 -2.650000 3.232071 -3.173009 0.000000 -43.380000 62.670000
1972.969644 0.330000 0.360000 -0.120000 -0.050000 -0.010000 -2.740000 4.039669 -3.317223 0.000000 -43.380000 67.490000
1972.998517 0.000000 0.130000 0.830000 0.030000 -0.070000 -2.730000 2.422796 -3.317522 0.000000 -48.210000 62.670000
1973.033837 0.020000 -0.290000 0.210000 0.030000 -0.010000 -2.790000 3.230395 -3.461736 0.000000 -48.210000 67.490000
1973.067676 0.220000 0.280000 -0.120000 0.030000 -0.050000 -2.970000 3.230395 -3.461736 0.000000 -48.210000 67.490000
1973.103791 0.050000 0.360000 -0.020000 -0.080000 0.040000 -2.990000 3.094678 -3.314231 0.000000 -46.150000 64.620000
1973.138854 -0.450000 0.080000 0.140000 -0.030000 0.030000 -3.060000 2.422796 -3.317522 0.000000 -48.210000 62.670000
1973.174564 -0.490000 -0.070000 1.380000 0.000000 0.010000 -3.040000 2.422796 -3.605950 0.000000 -53.030000 67.490000
1973.207699 -0.560000 -0.200000 0.540000 0.030000 -0.020000 -3.000000 2.320590 -3.728322 0.000000 -55.380000 69.230000
1973.243766 -0.030000 -0.180000 -0.420000 0.000000 -0.000000 -2.980000 3.093003 -3.590392 0.000000 -50.770000 69.230000
1973.278897 -0.360000 0.510000 -1.090000 -0.010000 0.010000 -3.000000 1.615198 -3.750164 0.000000 -57.850000 67.490000
1973.312264 -0.420000 -0.390000 -0.130000 0.030000 -0.020000 -2.980000 1.615198 -3.750164 0.000000 -57.850000 67.490000
1973.347683 -0.210000 -0.340000 -0.410000 0.040000 -0.060000 -2.980000 3.093003 -3.590392 0.000000 -50.770000 69.230000
1973.381151 0.390000 -0.730000 -0.900000 0.010000 0.070000 -3.000000 1.615198 -3.750164 0.000000 -57.850000 67.490000
1973.411511 0.210000 -0.010000 0.010000 0.010000 -0.020000 -3.030000 2.422796 -3.894378 0.000000 -57.850000 72.310000
1973.439766 0.620000 -0.630000 -0.160000 0.000000 -0.030000 -3.050000 1.615198 -3.461736 0.000000 -53.030000 62.670000
1973.477175 -0.110000 0.140000 0.150000 0.020000 -0.000000 -3.100000 2.320590 -3.452461 0.000000 -50.770000 64.620000
1973.509863 0.200000 -0.330000 -0.220000 0.030000 0.020000 -3.120000 1.615198 -3.461736 0.000000 -53.030000 62.670000
1973.540743 -0.340000 0.080000 -0.090000 -0.010000 -0.030000 -3.060000 2.320590 -3.452461 0.000000 -50.770000 64.620000
1973.569570 -0.100000 0.070000 0.090000 -0.000000 0.010000 -3.080000 1.615198 -3.461736 0.000000 -53.030000 62.670000
1973.603531 0.330000 0.200000 0.460000 -0.050000 0.060000 -3.050000 2.422796 -3.605950 0.000000 -53.030000 67.490000
1973.633400 0.410000 -0.520000 -0.560000 -0.040000 -0.010000 -3.020000 2.422796 -3.605950 0.000000 -53.030000 67.490000
1973.662229 -0.400000 0.100000 -0.200000 -0.050000 0.070000 -3.010000 1.548177 -3.590392 0.000000 -55.380000 64.620000
1973.689739 -0.510000 0.460000 -0.430000 -0.010000 0.010000 -3.010000 2.422796 -3.605950 0.000000 -53.030000 67.490000
1973.721713 0.390000 0.090000 0.070000 0.020000 0.010000 -2.900000 1.615198 -3.750164 0.000000 -57.850000 67.490000
1973.752953 -0.120000 -0.310000 0.570000 -0.020000 -0.010000 -2.940000 1.548177 -3.590392 0.000000 -55.380000 64.620000
1973.779951 0.510000 0.110000 -0.040000 0.020000 0.050000 -2.900000 1.134324 -3.664294 0.000000 -57.850000 64.620000
1973.816166 -0.180000 0.070000 0.630000 -0.010000 0.010000 -2.900000 1.615198 -3.750164 0.000000 -57.850000 67.490000
1973.854303 0.770000 -0.140000 0.010000 -0.030000 0.050000 -2.890000 1.615198 -3.461736 0.000000 -53.030000 62.670000
1973.889682 -0.190000 0.170000 0.710000 -0.020000 0.050000 -2.870000 1.548177 -3.590392 0.000000 -55.380000 64.620000
1973.925176 0.140000 -0.140000 0.000000 -0.010000 -0.030000 -2.910000 1.615198 -3.750164 0.000000 -57.850000 67.490000
1973.958399 -0.260000 0.210000 0.450000 0.030000 -0.040000 -2.860000 1.546501 -3.314231 0.000000 -50.770000 60.000000
1973.993704 -0.600000 -0.190000 0.120000 0.030000 -0.060000 -2.910000 1.615198 -3.461736 0.000000 -53.030000 62.670000
1974.028893 -0.060000 -0.300000 -0.350000 0.050000 -0.020000 -2.840000 1.615198 -3.750164 0.000000 -57.850000 67.490000
1974.067282 -0.360000 -0.120000 -0.890000 0.030000 0.010000 -2.930000 2.422796 -3.605950 0.000000 -53.030000 67.490000
1974.104043 0.200000 0.130000 -0.970000 -0.040000 0.050000 -2.960000 0.774088 -3.452162 0.000000 -55.380000 60.000000
1974.138131 -0.040000 0.270000 -0.660000 -0.010000 -0.040000 -3.010000 2.422796 -3.605950 0.000000 -53.030000 67.490000
1974.174192 -0.280000 -0.360000 -0.550000 0.020000 -0.000000 -2.990000 1.615198 -3.461736 0.000000 -53.030000 62.670000
1974.207890 0.010000 0.360000 -0.040000 -0.060000 0.070000 -2.990000 1.548177 -3.590392 0.000000 -55.380000 64.620000
1974.241758 -0.230000 0.040000 -0.120000 -0.010000 -0.050000 -3.030000 0.774088 -3.452162 0.000000 -55.380000 60.000000
1974.268822 0.170000 0.130000 1.110000 0.060000 -0.060000 -2.930000 2.422796 -3.605950 0.000000 -53.030000 67.490000
1974.307104 -0.100000 0.670000 0.060000 -0.010000 -0.040000 -3.040000 2.422796 -3.605950 0.000000 -53.030000 67.490000
1974.339182 0.220000 -0.460000 0.520000 -0.000000 -0.050000 -2.980000 1.548177 -3.590392 0.000000 -55.380000 64.620000
1974.373698 -0.040000 -0.340000 1.170000 0.010000 -0.020000 -3.170000 1.615198 -3.750164 0.000000 -57.850000 67.490000
1974.406636 0.610000 0.120000 0.770000 0.040000 -0.060000 -3.220000 1.615198 -3.750164 0.000000 -57.850000 67.490000
1974.443609 -0.360000 0.220000 0.240000 -0.000000 -0.060000 -3.250000 2.422796 -3.605950 0.000000 -53.030000 67.490000
1974.478013 0.150000 -0.210000 0.260000 0.010000 -0.040000 -3.220000 1.615198 -3.750164 0.000000 -57.850000 67.490000
1974.510688 -0.220000 -0.160000 -0.150000 0.000000 -0.030000 -3.280000 2.422796 -3.894378 0.000000 -57.850000 72.310000
1974.540959 0.070000 -0.440000 -0.280000 0.010000 -0.030000 -3.290000 2.320590 -3.728322 0.000000 -55.380000 69.230000
1974.568253 0.350000 0.170000 -0.450000 0.030000 -0.020000 -3.310000 3.230395 -3.750164 0.000000 -53.030000 72.310000
1974.602555 0.030000 -0.380000 0.240000 0.030000 -0.060000 -3.320000 1.615198 -3.750164 0.000000 -57.850000 67.490000
1974.631309 -0.290000 0.060000 -0.210000 -0.010000 0.010000 -3.290000 2.320590 -3.728322 0.000000 -55.380000 69.230000
1974.659643 0.660000 0.080000 -0.720000 0.020000 -0.060000 -3.350000 2.320590 -3.728322 0.000000 -55.380000 69.230000
1974.691312 0.050000 0.090000 0.410000 0.040000 0.030000 -3.250000 2.422796 -3.894378 0.000000 -57.850000 72.310000
1974.721696 -0.110000 -0.360000 -0.320000 0.040000 -0.020000 -3.290000 3.230395 -3.750164 0.000000 -53.030000 72.310000
1974.750721 -0.310000 -0.000000 -1.070000 0.010000 0.020000 -3.290000 2.320590 -3.452461 0.000000 -50.770000 64.620000
1974.779891 -0.190000 -0.040000 -1.010000 0.020000 -0.030000 -3.360000 2.422796 -3.894378 0.000000 -57.850000 72.310000
1974.815761 -0.070000 0.280000 0.070000 0.020000 0.030000 -3.250000 3.230395 -3.750164 0.000000 -53.030000 72.310000
1974.852892 -0.130000 -0.240000 -0.170000 -0.020000 0.010000 -3.300000 1.615198 -3.750164 0.000000 -57.850000 67.490000
1974.883510 -0.330000 0.020000 -0.550000 -0.040000 0.040000 -3.260000 2.422796 -3.894378 0.000000 -57.850000 72.310000
1974.914840 0.570000 0.380000 0.400000 -0.030000 -0.010000 -3.300000 2.422796 -3.894378 0.000000 -57.850000 72.310000
1974.950165 0.110000 -0.110000 1.120000 -0.040000 0.000000 -3.210000 1.546501 -3.866553 0.000000 -60.000000 69.230000
1974.978753 -0.760000 0.240000 0.110000 0.020000 -0.060000 -3.240000 1.615198 -3.750164 0.000000 -57.850000 67.490000
1975.014950 0.540000 -0.280000 1.820000 -0.020000 0.030000 -3.160000 1.615198 -3.750164 0.000000 -57.850000 67.490000
1975.049917 -0.380000 -0.170000 0.150000 0.030000 -0.050000 -3.180000 2.320590 -3.728322 0.000000 -55.380000 69.230000
1975.079867 0.030000 -0.070000 0.550000 0.010000 -0.010000 -3.010000 2.320590 -3.728322 0.000000 -55.380000 69.230000
1975.112271 -0.760000 -0.690000 -1.770000 0.070000 -0.100000 -3.050000 1.615198 -3.750164 0.000000 -57.850000 67.490000
1975.149563 -0.170000 -0.440000 -1.000000 0.050000 0.070000 -2.910000 1.615198 -3.750164 0.000000 -57.850000 67.490000
1975.178891 -0.220000 0.600000 0.860000 0.030000 -0.000000 -2.990000 2.320590 -3.728322 0.000000 -55.380000 69.230000
1975.214759 -0.120000 -0.210000 0.200000 0.090000 -0.050000 -2.970000 1.615198 -3.750164 0.000000 -57.850000 67.490000
1975.250897 0.140000 0.030000 -1.230000 -0.030000 0.070000 -2.950000 1.615198 -3.750164 0.000000 -57.850000 67.490000
1975.277858 0.640000 0.450000 0.560000 -0.010000 0.030000 -2.920000 1.615198 -3.750164 0.000000 -57.850000 67.490000
1975.314725 -0.120000 -0.160000 -0.650000 0.080000 -0.130000 -2.860000 2.320590 -3.728322 0.000000 -55.380000 69.230000
1975.347823 0.950000 0.310000 0.650000 -0.080000 0.110000 -2.870000 1.615198 -3.750164 0.000000 -57.850000 67.490000
1975.384490 0.700000 0.490000 1.620000 -0.050000 0.090000 -2.990000 2.320590 -3.728322 0.000000 -55.380000 69.230000
1975.416529 -0.020000 0.090000 -0.570000 0.030000 -0.070000 -2.990000 1.615198 -3.461736 0.000000 -53.030000 62.670000
1975.450413 0.610000 0.480000 0.430000 -0.020000 0.030000 -2.930000 2.422796 -3.605950 0.000000 -53.030000 67.490000
1975.479242 0.250000 0.370000 0.760000 -0.020000 0.060000 -2.980000 1.615198 -3.750164 0.000000 -57.850000 67.490000
1975.513041 -0.250000 -0.330000 -0.820000 0.050000 -0.040000 -2.960000 2.320590 -3.452461 0.000000 -50.770000 64.620000
1975.540293 0.760000 0.030000 0.330000 -0.040000 0.010000 -2.990000 1.615198 -3.750164 0.000000 -57.850000 67.490000
1975.574886 0.140000 0.490000 0.070000 0.020000 0.000000 -3.010000 2.422796 -3.605950 0.000000 -53.030000 67.490000
1975.609689 -0.460000 0.470000 0.420000 0.030000 0.050000 -3.070000 2.320590 -3.452461 0.000000 -50.770000 64.620000
1975.636591 0.030000 -0.640000 0.070000 0.020000 0.030000 -3.080000 1.134324 -3.664294 0.000000 -57.850000 64.620000
1975.671796 -0.420000 -0.060000 -0.390000 0.020000 0.020000 -3.130000 2.422796 -3.605950 0.000000 -53.030000 67.490000
1975.700545 -0.160000 -0.240000 -0.450000 -0.010000 -0.000000 -3.110000 2.422796 -3.317522 0.000000 -48.210000 62.670000
1975.729361 0.300000 -0.160000 -0.060000 -0.010000 0.060000 -3.040000 3.093003 -3.590392 0.000000 -50.770000 69.230000
1975.764887 0.110000 -0.450000 -0.120000 0.050000 -0.100000 -3.110000 2.422796 -3.317522 0.000000 -48.210000 62.670000
1975.800936 -0.180000 -0.040000 -0.470000 -0.000000 -0.000000 -3.000000 2.320590 -3.452461 0.000000 -50.770000 64.620000
1975.829125 0.210000 -0.040000 -0.260000 -0.030000 0.010000 -3.090000 2.422796 -3.605950 0.000000 -53.030000 67.490000
1975.864366 -0.120000 0.240000 -1.120000 -0.070000 0.030000 -3.070000 1.615198 -3.461736 0.000000 -53.030000 62.670000
1975.898048 0.150000 -0.120000 1.410000 -0.050000 0.050000 -3.120000 2.422796 -3.605950 0.000000 -53.030000 67.490000
1975.934014 0.300000 0.300000 1.080000 0.020000 -0.010000 -3.040000 2.320590 -3.452461 0.000000 -50.770000 64.620000
1975.966158 0.030000 -0.070000 0.020000 0.000000 0.050000 -3.090000 3.230395 -3.750164 0.000000 -53.030000 72.310000
1976.004317 -0.320000 0.240000 0.220000 0.030000 0.030000 -3.030000 1.615198 -3.750164 0.000000 -57.850000 67.490000
1976.039499 -0.280000 -0.430000 -0.650000 -0.010000 0.020000 -3.060000 2.320590 -3.452461 0.000000 -50.770000 64.620000
1976.072401 0.190000 -0.010000 -0.590000 0.040000 0.010000 -3.090000 2.320590 -3.452461 0.000000 -50.770000 64.620000
1976.101787 0.690000 -0.030000 -0.150000 -0.010000 0.020000 -3.080000 1.615198 -3.750164 0.000000 -57.850000 67.490000
1976.129964 0.250000 -0.260000 -0.600000 -0.000000 0.030000 -3.060000 1.615198 -3.461736 0.000000 -53.030000 62.670000
1976.164112 -0.530000 0.120000 0.920000 -0.010000 0.030000 -3.000000 1.548177 -3.590392 0.000000 -55.380000 64.620000
1976.198232 -0.030000 0.270000 0.530000 0.000000 0.010000 -2.940000 2.422796 -3.894378 0.000000 -57.850000 72.310000
1976.236032 -0.480000 0.440000 0.160000 0.020000 -0.030000 -2.880000 1.615198 -3.750164 0.000000 -57.850000 67.490000
1976.270774 0.280000 0.270000 0.210000 -0.010000 -0.040000 -2.950000 1.615198 -3.461736 0.000000 -53.030000 62.670000
1976.299748 -0.170000 0.390000 0.220000 -0.020000 -0.020000 -2.860000 1.615198 -3.750164 0.000000 -57.850000 67.490000
1976.332326 -0.370000 -0.170000 -0.300000 0.020000 -0.070000 -2.840000 1.615198 -3.750164 0.000000 -57.850000 67.490000
1976.362621 0.180000 -0.580000 -0.100000 0.030000 -0.120000 -2.770000 0.774088 -3.728622 0.000000 -60.000000 64.620000
1976.391762 -0.640000 -0.180000 0.630000 0.050000 0.000000 -2.740000 1.615198 -3.461736 0.000000 -53.030000 62.670000
1976.419167 0.230000 -0.380000 -0.210000 -0.010000 0.000000 -2.750000 1.615198 -3.750164 0.000000 -57.850000 67.490000
1976.457319 -0.240000 -0.060000 -0.470000 -0.020000 0.010000 -2.780000 1.548177 -3.590392 0.000000 -55.380000 64.620000
1976.489398 -0.130000 0.040000 0.230000 -0.040000 0.010000 -2.730000 2.320590 -3.452461 0.000000 -50.770000 64.620000
1976.524300 -0.200000 0.260000 0.990000 -0.030000 0.070000 -2.800000 1.615198 -3.750164 0.000000 -57.850000 67.490000
1976.560912 0.110000 0.260000 -0.180000 -0.020000 -0.000000 -2.870000 0.807599 -3.605950 0.000000 -57.850000 62.670000
1976.589700 -0.680000 0.200000 0.270000 0.030000 -0.030000 -2.840000 1.548177 -3.590392 0.000000 -55.380000 64.620000
1976.626178 -0.050000 -0.040000 1.000000 0.010000 -0.010000 -2.990000 0.807599 -3.605950 0.000000 -57.850000 62.670000
1976.661699 -0.350000 -0.340000 -0.070000 0.000000 -0.030000 -3.020000 1.615198 -3.750164 0.000000 -57.850000 67.490000
1976.694606 -0.060000 0.410000 -1.030000 0.010000 0.030000 -3.200000 3.230395 -3.461736 0.000000 -48.210000 67.490000
1976.727120 0.160000 -0.260000 -0.520000 0.060000 -0.060000 -3.240000 0.807599 -3.605950 0.000000 -57.850000 62.670000
1976.761904 0.140000 -0.020000 -0.550000 0.030000 0.010000 -3.240000 3.230395 -3.750164 0.000000 -53.030000 72.310000
1976.791355 0.150000 -0.580000 0.830000 0.020000 -0.020000 -3.310000 1.548177 -3.590392 0.000000 -55.380000 64.620000
1976.819857 -0.290000 0.050000 0.120000 -0.010000 0.030000 -3.360000 2.422796 -3.605950 0.000000 -53.030000 67.490000
1976.853905 -0.280000 -0.220000 -0.570000 -0.020000 0.030000 -3.340000 1.615198 -3.750164 0.000000 -57.850000 67.490000
1976.888515 0.100000 0.170000 -0.170000 0.040000 0.020000 -3.340000 3.093003 -3.590392 0.000000 -50.770000 69.230000
1976.927331 0.170000 -0.340000 0.210000 0.030000 -0.020000 -3.310000 1.548177 -3.590392 0.000000 -55.380000 64.620000
1976.961006 0.160000 0.460000 -0.240000 0.020000 0.020000 -3.330000 2.422796 -3.894378 0.000000 -57.850000 72.310000
1976.991747 0.210000 0.090000 -0.640000 0.030000 -0.030000 -3.340000 2.422796 -3.894378 0.000000 -57.850000 72.310000
1977.024776 0.150000 0.140000 0.170000 0.040000 -0.010000 -3.280000 2.320590 -3.728322 0.000000 -55.380000 69.230000
1977.064026 0.360000 -0.080000 -0.940000 0.040000 -0.020000 -3.360000 1.615198 -3.750164 0.000000 -57.850000 67.490000
1977.098905 -0.040000 0.140000 -0.110000 -0.010000 0.010000 -3.260000 2.422796 -3.894378 0.000000 -57.850000 72.310000
1977.139133 0.060000 0.050000 -1.010000 0.010000 -0.020000 -3.380000 2.422796 -3.605950 0.000000 -53.030000 67.490000
1977.172620 -0.010000 0.190000 -0.130000 0.050000 -0.030000 -3.260000 2.320590 -3.728322 0.000000 -55.380000 69.230000
1977.201800 -0.270000 -0.180000 0.060000 -0.000000 -0.020000 -3.280000 3.230395 -3.750164 0.000000 -53.030000 72.310000
1977.230968 0.170000 0.030000 0.220000 -0.020000 0.020000 -3.220000 2.320590 -3.728322 0.000000 -55.380000 69.230000
1977.259006 -0.500000 -0.150000 -0.900000 0.010000 0.070000 -3.310000 1.615198 -3.461736 0.000000 -53.030000 62.670000
1977.297259 0.230000 -0.210000 0.340000 -0.050000 0.030000 -3.270000 2.422796 -3.894378 0.000000 -57.850000 72.310000
1977.330117 -0.030000 -0.380000 1.030000 -0.050000 0.050000 -3.200000 2.422796 -3.605950 0.000000 -53.030000 67.490000
1977.360632 -0.310000 -0.010000 0.670000 -0.070000 0.050000 -3.160000 3.093003 -3.590392 0.000000 -50.770000 69.230000
1977.387739 -0.020000 -0.020000 0.970000 -0.010000 0.070000 -3.180000 2.422796 -3.605950 0.000000 -53.030000 67.490000
1977.422082 -0.340000 0.000000 0.200000 0.010000 0.010000 -3.070000 2.422796 -3.605950 0.000000 -53.030000 67.490000
1977.448902 -0.330000 -0.050000 0.570000 0.030000 0.030000 -3.040000 2.320590 -3.728322 0.000000 -55.380000 69.230000
1977.483037 -0.300000 0.120000 0.010000 0.020000 -0.040000 -3.040000 1.941923 -3.520080 0.000000 -53.030000 64.620000
1977.512778 -0.270000 0.110000 -0.700000 -0.030000 0.080000 -3.040000 3.230395 -3.750164 0.000000 -53.030000 72.310000
1977.541141 0.300000 -0.080000 0.070000 0.000000 0.010000 -3.080000 1.615198 -3.461736 0.000000 -53.030000 62.670000
1977.569120 0.140000 0.070000 -0.610000 -0.010000 0.060000 -3.010000 2.320590 -3.452461 0.000000 -50.770000 64.620000
1977.604394 0.770000 0.150000 0.350000 -0.080000 0.080000 -3.030000 1.615198 -3.750164 0.000000 -57.850000 67.490000
1977.637876 -0.280000 0.150000 0.060000 -0.030000 0.020000 -2.970000 1.546501 -3.866553 0.000000 -60.000000 69.230000
1977.674067 0.500000 -0.020000 0.160000 0.040000 0.010000 -2.940000 2.422796 -3.605950 0.000000 -53.030000 67.490000
1977.707025 0.340000 -0.100000 0.700000 0.010000 -0.020000 -2.910000 1.615198 -3.750164 0.000000 -57.850000 67.490000
1977.743178 0.740000 0.270000 0.660000 0.000000 0.010000 -2.940000 1.615198 -3.750164 0.000000 -57.850000 67.490000
1977.773281 -0.490000 -0.490000 -0.870000 0.050000 -0.090000 -2.880000 1.548177 -3.590392 0.000000 -55.380000 64.620000
1977.805207 0.300000 -0.390000 -0.410000 0.030000 -0.060000 -2.940000 1.615198 -3.750164 0.000000 -57.850000 67.490000
1977.837615 -0.130000 0.180000 0.110000 -0.040000 0.080000 -2.860000 1.615198 -3.750164 0.000000 -57.850000 67.490000
1977.871631 -0.080000 0.520000 -0.580000 -0.130000 0.210000 -2.960000 2.320590 -3.728322 0.000000 -55.380000 69.230000
1977.909049 0.380000 0.460000 -0.260000 -0.030000 0.070000 -2.880000 1.548177 -3.590392 0.000000 -55.380000 64.620000
1977.944399 -0.070000 0.100000 -0.650000 -0.010000 0.030000 -2.930000 2.422796 -3.894378 0.000000 -57.850000 72.310000
1977.980258 -0.110000 -0.160000 0.110000 0.000000 -0.020000 -2.970000 1.615198 -3.461736 0.000000 -53.030000 62.670000
1978.011698 -0.420000 -0.060000 -0.140000 -0.010000 -0.010000 -3.050000 2.320590 -3.452461 0.000000 -50.770000 64.620000
1978.040164 0.410000 0.120000 -0.190000 0.010000 0.000000 -3.130000 1.615198 -3.461736 0.000000 -53.030000 62.670000
1978.076694 0.160000 0.370000 -0.030000 0.000000 0.060000 -3.110000 2.422796 -3.605950 0.000000 -53.030000 67.490000
1978.115015 -0.150000 -0.200000 -0.580000 0.020000 -0.000000 -3.210000 1.615198 -3.461736 0.000000 -53.030000 62.670000
1978.148276 0.630000 -0.160000 0.420000 -0.000000 0.050000 -3.140000 2.422796 -3.605950 0.000000 -53.030000 67.490000
1978.183938 0.240000 0.260000 0.370000 0.010000 -0.020000 -3.190000 2.422796 -3.605950 0.000000 -53.030000 67.490000
1978.217856 -0.030000 -0.260000 0.470000 -0.000000 0.030000 -3.150000 2.320590 -3.452461 0.000000 -50.770000 64.620000
1978.252492 0.240000 -0.410000 0.490000 -0.030000 0.100000 -3.200000 1.615198 -3.461736 0.000000 -53.030000 62.670000
1978.290545 -0.020000 0.430000 0.990000 0.040000 0.000000 -3.200000 2.422796 -3.605950 0.000000 -53.030000 67.490000
1978.320775 -0.520000 0.510000 -0.000000 0.020000 -0.050000 -3.140000 2.320590 -3.452461 0.000000 -50.770000 64.620000
1978.348686 -0.600000 0.130000 0.080000 0.010000 -0.040000 -3.080000 2.320590 -3.452461 0.000000 -50.770000 64.620000
1978.384506 -0.060000 -0.100000 -0.070000 -0.020000 -0.100000 -3.070000 2.422796 -3.605950 0.000000 -53.030000 67.490000
1978.421115 0.030000 -0.340000 -1.410000 0.010000 -0.030000 -3.030000 1.615198 -3.750164 0.000000 -57.850000 67.490000
1978.450117 0.450000 -0.010000 -0.640000 -0.050000 0.020000 -3.060000 2.320590 -3.452461 0.000000 -50.770000 64.620000
1978.478078 -0.220000 0.030000 -0.370000 0.020000 -0.090000 -3.120000 2.422796 -3.605950 0.000000 -53.030000 67.490000
1978.512819 -0.180000 -0.090000 -0.390000 -0.040000 0.010000 -3.050000 2.422796 -3.605950 0.000000 -53.030000 67.490000
1978.542800 0.280000 0.230000 -0.040000 -0.060000 0.080000 -3.050000 3.230395 -3.461736 0.000000 -48.210000 67.490000
1978.571970 -0.550000 -0.040000 -0.140000 0.000000 0.060000 -3.020000 1.134324 -3.664294 0.000000 -57.850000 64.620000
1978.600418 -0.160000 0.250000 0.710000 0.000000 0.090000 -3.150000 1.615198 -3.750164 0.000000 -57.850000 67.490000
1978.629341 -0.020000 -0.400000 0.690000 0.010000 -0.030000 -3.010000 2.320590 -3.452461 0.000000 -50.770000 64.620000
1978.662685 -0.100000 0.400000 0.800000 0.010000 0.050000 -3.100000 1.615198 -3.461736 0.000000 -53.030000 62.670000
1978.692133 -0.270000 -0.320000 0.510000 0.030000 -0.010000 -3.060000 2.422796 -3.605950 0.000000 -53.030000 67.490000
1978.719133 -0.110000 0.160000 0.330000 -0.000000 0.040000 -3.050000 2.320590 -3.452461 0.000000 -50.770000 64.620000
1978.755042 0.180000 -0.530000 -1.230000 -0.000000 -0.040000 -3.040000 1.548177 -3.590392 0.000000 -55.380000 64.620000
1978.787078 0.030000 0.060000 0.220000 -0.020000 0.000000 -3.070000 1.615198 -3.750164 0.000000 -57.850000 67.490000
1978.823872 0.140000 -0.310000 -0.190000 0.010000 -0.000000 -3.140000 1.615198 -3.750164 0.000000 -57.850000 67.490000
1978.859023 -0.010000 -0.090000 0.230000 0.000000 -0.030000 -3.160000 1.548177 -3.590392 0.000000 -55.380000 64.620000
1978.890740 0.310000 -0.010000 0.530000 0.010000 0.010000 -3.220000 0.807599 -3.894378 0.000000 -62.670000 67.490000
1978.925594 -0.340000 0.280000 -0.440000 -0.010000 0.040000 -3.130000 1.615198 -3.750164 0.000000 -57.850000 67.490000
1978.959641 0.470000 -0.140000 -1.470000 -0.020000 0.020000 -3.240000 1.615198 -3.750164 0.000000 -57.850000 67.490000
1978.988935 -0.100000 -0.180000 0.610000 0.020000 0.020000 -2.950000 2.320590 -3.176001 0.000000 -46.150000 60.000000
1979.024635 0.130000 -0.060000 0.520000 -0.000000 -0.030000 -2.700000 1.615198 -3.173308 0.000000 -48.210000 57.850000
1979.060745 0.230000 0.480000 -0.590000 0.000000 0.000000 -2.410000 2.320590 -2.623679 0.000000 -36.920000 50.770000
1979.090667 -0.280000 -0.050000 0.560000 -0.010000 -0.000000 -2.220000 2.424472 -2.451938 0.000000 -33.740000 48.210000
1979.118028 -0.290000 0.150000 0.250000 0.000000 -0.000000 -1.870000 2.422796 -2.163211 0.000000 -28.920000 43.380000
1979.154113 -0.090000 -0.270000 -0.200000 -0.010000 0.020000 -1.710000 3.230395 -2.018997 0.000000 -24.100000 43.380000
1979.188509 0.010000 -0.220000 0.220000 0.000000 -0.010000 -1.670000 2.318914 -1.795196 0.000000 -23.080000 36.920000
1979.224705 -0.490000 -0.200000 -0.200000 0.010000 -0.020000 -1.420000 3.230395 -1.730569 0.000000 -19.280000 38.560000
1979.256346 0.010000 0.210000 0.110000 -0.000000 0.010000 -1.440000 2.422796 -1.586355 0.000000 -19.280000 33.740000
1979.292607 0.570000 -0.230000 0.460000 0.010000 -0.010000 -1.410000 1.546501 -1.657265 0.000000 -23.080000 32.310000
1979.322561 0.420000 0.200000 -0.610000 0.030000 -0.020000 -1.210000 1.409109 -1.405339 0.000000 -19.280000 27.690000
1979.350788 -0.140000 0.190000 0.230000 0.020000 0.020000 -0.830000 4.037994 -1.009498 0.000000 -4.820000 28.920000
1979.379220 -0.380000 -0.470000 0.360000 -0.010000 0.010000 -0.350000 2.422796 -0.432642 0.000000 0.000000 14.460000
1979.416270 0.010000 -0.390000 -0.250000 -0.010000 -0.030000 0.120000 0.000000 0.000000 0.000000 0.000000 0.000000
1979.449065 -0.070000 -0.090000 -0.270000 0.010000 0.010000 -0.050000 0.000000 0.000000 0.000000 0.000000 0.000000
1979.485915 -0.200000 0.320000 0.070000 -0.010000 -0.000000 0.000000 0.000000 0.000000 0.000000 0.000000 0.000000
1979.521027 -0.130000 0.130000 -0.080000 0.000000 -0.010000 0.010000 0.000000 0.000000 0.000000 0.000000 0.000000
1979.552334 -0.100000 -0.050000 -0.070000 0.000000 0.000000 0.010000 0.000000 0.000000 0.000000 0.000000 0.000000
1979.579207 0.030000 0.190000 -0.020000 -0.000000 -0.000000 0.000000 0.000000 0.000000 0.000000 0.000000 0.000000
1979.605910 -0.020000 0.100000 0.020000 -0.000000 -0.000000 -0.000000 0.000000 0.000000 0.000000 0.000000 0.000000
1979.642319 -0.070000 -0.020000 -0.050000 -0.000000 0.000000 0.000000 0.000000 0.000000 0.000000 0.000000 0.000000
1979.668642 0.040000 0.110000 -0.050000 0.000000 0.000000 0.000000 0.000000 0.000000 0.000000 0.000000 0.000000
1979.704003 -0.020000 0.140000 0.110000 -0.000000 -0.000000 -0.000000 0.000000 0.000000 0.000000 0.000000 0.000000
1979.738829 0.070000 0.010000 -0.010000 -0.000000 -0.000000 -0.000000 0.000000 0.000000 0.000000 0.000000 0.000000
1979.771986 0.090000 -0.070000 -0.010000 0.000000 0.000000 0.000000 0.000000 0.000000 0.000000 0.000000 0.000000
1979.803154 -0.020000 0.060000 -0.010000 0.000000 0.000000 0.000000 0.000000 0.000000 0.000000 0.000000 0.000000
1979.831224 0.010000 0.030000 -0.040000 -0.010000 -0.000000 0.000000 0.000000 0.000000 0.000000 0.000000 0.000000
1979.859563 0.040000 0.010000 -0.060000 0.000000 -0.000000 0.000000 0.000000 0.000000 0.000000 0.000000 0.000000
1979.892628 0.050000 0.040000 -0.040000 0.000000 0.000000 0.000000 0.000000 0.000000 0.000000 0.000000 0.000000
1979.920998 -0.020000 0.000000 0.050000 -0.000000 0.000000 -0.000000 0.000000 0.000000 0.000000 0.000000 0.000000
1979.949087 0.100000 -0.030000 -0.050000 -0.000000 0.000000 -0.000000 0.000000 0.000000 0.000000 0.000000 0.000000
1979.980352 0.010000 -0.030000 -0.000000 0.000000 -0.000000 -0.000000 0.000000 0.000000 0.000000 0.000000 0.000000
1980.007669 -0.090000 0.020000 0.020000 0.000000 -0.000000 -0.000000 0.000000 0.000000 0.000000 0.000000 0.000000
1980.038536 0.010000 0.030000 0.050000 -0.000000 0.000000 -0.000000 0.000000 0.000000 0.000000 0.000000 0.000000
1980.070869 -0.010000 -0.040000 0.070000 0.000000 0.000000 0.000000 0.000000 0.000000 0.000000 0.000000 0.000000
1980.102120 0.000000 0.020000 0.030000 0.000000 -0.000000 -0.000000 0.000000 0.000000 0.000000 0.000000 0.000000
1980.136263 -0.000000 0.030000 0.060000 -0.000000 -0.000000 0.000000 0.000000 0.000000 0.000000 0.000000 0.000000
1980.171375 0.050000 -0.000000 -0.030000 -0.000000 -0.000000 -0.000000 0.000000 0.000000 0.000000 0.000000 0.000000
1980.199498 0.010000 -0.050000 -0.070000 0.000000 0.000000 0.000000 0.000000 0.000000 0.000000 0.000000 0.000000
1980.233722 -0.020000 0.030000 0.040000 0.000000 0.000000 -0.000000 0.000000 0.000000 0.000000 0.000000 0.000000
1980.266007 0.090000 0.030000 -0.090000 0.000000 0.000000 -0.000000 0.000000 0.000000 0.000000 0.000000 0.000000
1980.303502 0.060000 -0.060000 -0.030000 0.000000 -0.000000 -0.000000 0.000000 0.000000 0.000000 0.000000 0.000000
1980.329864 -0.010000 0.030000 -0.010000 0.000000 0.000000 -0.000000 0.000000 0.000000 0.000000 0.000000 0.000000
1980.365866 -0.050000 0.020000 -0.020000 -0.000000 -0.000000 -0.000000 0.000000 0.000000 0.000000 0.000000 0.000000
1980.397999 -0.000000 0.010000 -0.010000 0.000000 0.000000 -0.000000 0.000000 0.000000 0.000000 0.000000 0.000000
1980.433041 0.050000 0.030000 0.010000 0.000000 0.000000 -0.000000 0.000000 0.000000 0.000000 0.000000 0.000000
1980.462497 -0.130000 0.050000 0.060000 -0.000000 -0.000000 -0.000000 0.000000 0.000000 0.000000 0.000000 0.000000
0.000000 0.000000 0.000000 0.000000 0.000000 0.000000 0.000000 0.000000 0.000000 0.000000 0.000000 0.000000
0.000000 0.000000 0.000000 0.000000 0.000000 0.000000 0.000000 0.000000 0.000000 0.000000 0.000000 0.000000
0.000000 0.000000 0.000000 0.000000 0.000000 0.000000 0.000000 0.000000 0.000000 0.000000 0.000000 0.000000
0.000000 0.000000 0.000000 0.000000 0.000000 0.000000 0.000000 0.000000 0.000000 0.000000 0.000000 0.000000
0.000000 0.000000 0.000000 0.000000 0.000000 0.000000 0.000000 0.000000 0.000000 0.000000 0.000000 0.000000
0.000000 0.000000 0.000000 0.000000 0.000000 0.000000 0.000000 0.000000 0.000000 0.000000 0.000000 0.000000
0.000000 0.000000 0.000000 0.000000 0.000000 0.000000 0.000000 0.000000 0.000000 0.000000 0.000000 0.000000
0.000000 0.000000 0.000000 0.000000 0.000000 0.000000 0.000000 0.000000 0.000000 0.000000 0.000000 0.000000
0.000000 0.000000 0.000000 0.000000 0.000000 0.000000 0.000000 0.000000 0.000000 0.000000 0.000000 0.000000
0.000000 0.000000 0.000000 0.000000 0.000000 0.000000 0.000000 0.000000 0.000000 0.000000 0.000000 0.000000
0.000000 0.000000 0.000000 0.000000 0.000000 0.000000 0.000000 0.000000 0.000000 0.000000 0.000000 0.000000
0.000000 0.000000 0.000000 0.000000 0.000000 0.000000 0.000000 0.000000 0.000000 0.000000 0.000000 0.000000
0.000000 0.000000 0.000000 0.000000 0.000000 0.000000 0.000000 0.000000 0.000000 0.000000 0.000000 0.000000
0.000000 0.000000 0.000000 0.000000 0.000000 0.000000 0.000000 0.000000 0.000000 0.000000 0.000000 0.000000
0.000000 0.000000 0.000000 0.000000 0.000000 0.000000 0.000000 0.000000 0.000000 0.000000 0.000000 0.000000
0.000000 0.000000 0.000000 0.000000 0.000000 0.000000 0.000000 0.000000 0.000000 0.000000 0.000000 0.000000
0.000000 0.000000 0.000000 0.000000 0.000000 0.000000 0.000000 0.000000 0.000000 0.000000 0.000000 0.000000
0.000000 0.000000 0.000000 0.000000 0.000000 0.000000 0.000000 0.000000 0.000000 0.000000 0.000000 0.000000
0.000000 0.000000 0.000000 0.000000 0.000000 0.000000 0.000000 0.000000 0.000000 0.000000 0.000000 0.000000
0.000000 0.000000 0.000000 0.000000 0.000000 0.000000 0.000000 0.000000 0.000000 0.000000 0.000000 0.000000
0.000000 0.000000 0.000000 0.000000 0.000000 0.000000 0.000000 0.000000 0.000000 0.000000 0.000000 0.000000
0.000000 0.000000 0.000000 0.000000 0.000000 0.000000 0.000000 0.000000 0.000000 0.000000 0.000000 0.000000
0.000000 0.000000 0.000000 0.000000 0.000000 0.000000 0.000000 0.000000 0.000000 0.000000 0.000000 0.000000
0.000000 0.000000 0.000000 0.000000 0.000000 0.000000 0.000000 0.000000 0.000000 0.000000 0.000000 0.000000
0.000000 0.000000 0.000000 0.000000 0.000000 0.000000 0.000000 0.000000 0.000000 0.000000 0.000000 0.000000
0.000000 0.000000 0.000000 0.000000 0.000000 0.000000 0.000000 0.000000 0.000000 0.000000 0.000000 0.000000
0.000000 0.000000 0.000000 0.000000 0.000000 0.000000 0.000000 0.000000 0.000000 0.000000 0.000000 0.000000
0.000000 0.000000 0.000000 0.000000 0.000000 0.000000 0.000000 0.000000 0.000000 0.000000 0.000000 0.000000
0.000000 0.000000 0.000000 0.000000 0.000000 0.000000 0.000000 0.000000 0.000000 0.000000 0.000000 0.000000
0.000000 0.000000 0.000000 0.000000 0.000000 0.000000 0.000000 0.000000 0.000000 0.000000 0.000000 0.000000
0.000000 0.000000 0.000000 0.000000 0.000000 0.000000 0.000000 0.000000 0.000000 0.000000 0.000000 0.000000
0.000000 0.000000 0.000000 0.000000 0.000000 0.000000 0.000000 0.000000 0.000000 0.000000 0.000000 0.000000
0.000000 0.000000 0.000000 0.000000 0.000000 0.000000 0.000000 0.000000 0.000000 0.000000 0.000000 0.000000
0.000000 0.000000 0.000000 0.000000 0.000000 0.000000 0.000000 0.000000 0.000000 0.000000 0.000000 0.000000
0.000000 0.000000 0.000000 0.000000 0.000000 0.000000 0.000000 0.000000 0.000000 0.000000 0.000000 0.000000
0.000000 0.000000 0.000000 0.000000 0.000000 0.000000 0.000000 0.000000 0.000000 0.000000 0.000000 0.000000
0.000000 0.000000 0.000000 0.000000 0.000000 0.000000 0.000000 0.000000 0.000000 0.000000 0.000000 0.000000
0.000000 0.000000 0.000000 0.000000 0.000000 0.000000 0.000000 0.000000 0.000000 0.000000 0.000000 0.000000
0.000000 0.000000 0.000000 0.000000 0.000000 0.000000 0.000000 0.000000 0.000000 0.000000 0.000000 0.000000
0.000000 0.000000 0.000000 0.000000 0.000000 0.000000 0.000000 0.000000 0.000000 0.000000 0.000000 0.000000
0.000000 0.000000 0.000000 0.000000 0.000000 0.000000 0.000000 0.000000 0.000000 0.000000 0.000000 0.000000
0.000000 0.000000 0.000000 0.000000 0.000000 0.000000 0.000000 0.000000 0.000000 0.000000 0.000000 0.000000
0.000000 0.000000 0.000000 0.000000 0.000000 0.000000 0.000000 0.000000 0.000000 0.000000 0.000000 0.000000
0.000000 0.000000 0.000000 0.000000 0.000000 0.000000 0.000000 0.000000 0.000000 0.000000 0.000000 0.000000
0.000000 0.000000 0.000000 0.000000 0.000000 0.000000 0.000000 0.000000 0.000000 0.000000 0.000000 0.000000
0.000000 0.000000 0.000000 0.000000 0.000000 0.000000 0.000000 0.000000 0.000000 0.000000 0.000000 0.000000
0.000000 0.000000 0.000000 0.000000 0.000000 0.000000 0.000000 0.000000 0.000000 0.000000 0.000000 0.000000
0.000000 0.000000 0.000000 0.000000 0.000000 0.000000 0.000000 0.000000 0.000000 0.000000 0.000000 0.000000
0.000000 0.000000 0.000000 0.000000 0.000000 0.000000 0.000000 0.000000 0.000000 0.000000 0.000000 0.000000
0.000000 0.000000 0.000000 0.000000 0.000000 0.000000 0.000000 0.000000 0.000000 0.000000 0.000000 0.000000
0.000000 0.000000 0.000000 0.000000 0.000000 0.000000 0.000000 0.000000 0.000000 0.000000 0.000000 0.000000
0.000000 0.000000 0.000000 0.000000 0.000000 0.000000 0.000000 0.000000 0.000000 0.000000 0.000000 0.000000
0.000000 0.000000 0.000000 0.000000 0.000000 0.000000 0.000000 0.000000 0.000000 0.000000 0.000000 0.000000
0.000000 0.000000 0.000000 0.000000 0.000000 0.000000 0.000000 0.000000 0.000000 0.000000 0.000000 0.000000
0.000000 0.000000 0.000000 0.000000 0.000000 0.000000 0.000000 0.000000 0.000000 0.000000 0.000000 0.000000
0.000000 0.000000 0.000000 0.000000 0.000000 0.000000 0.000000 0.000000 0.000000 0.000000 0.000000 0.000000
0.000000 0.000000 0.000000 0.000000 0.000000 0.000000 0.000000 0.000000 0.000000 0.000000 0.000000 0.000000
0.000000 0.000000 0.000000 0.000000 0.000000 0.000000 0.000000 0.000000 0.000000 0.000000 0.000000 0.000000
0.000000 0.000000 0.000000 0.000000 0.000000 0.000000 0.000000 0.000000 0.000000 0.000000 0.000000 0.000000
0.000000 0.000000 0.000000 0.000000 0.000000 0.000000 0.000000 0.000000 0.000000 0.000000 0.000000 0.000000
0.000000 0.000000 0.000000 0.000000 0.000000 0.000000 0.000000 0.000000 0.000000 0.000000 0.000000 0.000000
0.000000 0.000000 0.000000 0.000000 0.000000 0.000000 0.000000 0.000000 0.000000 0.000000 0.000000 0.000000
0.000000 0.000000 0.000000 0.000000 0.000000 0.000000 0.000000 0.000000 0.000000 0.000000 0.000000 0.000000
0.000000 0.000000 0.000000 0.000000 0.000000 0.000000 0.000000 0.000000 0.000000 0.000000 0.000000 0.000000
0.000000 0.000000 0.000000 0.000000 0.000000 0.000000 0.000000 0.000000 0.000000 0.000000 0.000000 0.000000
0.000000 0.000000 0.000000 0.000000 0.000000 0.000000 0.000000 0.000000 0.000000 0.000000 0.000000 0.000000
0.000000 0.000000 0.000000 0.000000 0.000000 0.000000 0.000000 0.000000 0.000000 0.000000 0.000000 0.000000
0.000000 0.000000 0.000000 0.000000 0.000000 0.000000 0.000000 0.000000 0.000000 0.000000 0.000000 0.000000
0.000000 0.000000 0.000000 0.000000 0.000000 0.000000 0.000000 0.000000 0.000000 0.000000 0.000000 0.000000
0.000000 0.000000 0.000000 0.000000 0.000000 0.000000 0.000000 0.000000 0.000000 0.000000 0.000000 0.000000
0.000000 0.000000 0.000000 0.000000 0.000000 0.000000 0.000000 0.000000 0.000000 0.000000 0.000000 0.000000
0.000000 0.000000 0.000000 0.000000 0.000000 0.000000 0.000000 0.000000 0.000000 0.000000 0.000000 0.000000
0.000000 0.000000 0.000000 0.000000 0.000000 0.000000 0.000000 0.000000 0.000000 0.000000 0.000000 0.000000
0.000000 0.000000 0.000000 0.000000 0.000000 0.000000 0.000000 0.000000 0.000000 0.000000 0.000000 0.000000
0.000000 0.000000 0.000000 0.000000 0.000000 0.000000 0.000000 0.000000 0.000000 0.000000 0.000000 0.000000
0.000000 0.000000 0.000000 0.000000 0.000000 0.000000 0.000000 0.000000 0.000000 0.000000 0.000000 0.000000
0.000000 0.000000 0.000000 0.000000 0.000000 0.000000 0.000000 0.000000 0.000000 0.000000 0.000000 0.000000
0.000000 0.000000 0.000000 0.000000 0.000000 0.000000 0.000000 0.000000 0.000000 0.000000 0.000000 0.000000
0.000000 0.000000 0.000000 0.000000 0.000000 0.000000 0.000000 0.000000 0.000000 0.000000 0.000000 0.000000
0.000000 0.000000 0.000000 0.000000 0.000000 0.000000 0.000000 0.000000 0.000000 0.000000 0.000000 0.000000
0.000000 0.000000 0.000000 0.000000 0.000000 0.000000 0.000000 0.000000 0.000000 0.000000 0.000000 0.000000
0.000000 0.000000 0.000000 0.000000 0.000000 0.000000 0.000000 0.000000 0.000000 0.000000 0.000000 0.000000
0.000000 0.000000 0.000000 0.000000 0.000000 0.000000 0.000000 0.000000 0.000000 0.000000 0.000000 0.000000
0.000000 0.000000 0.000000 0.000000 0.000000 0.000000 0.000000 0.000000 0.000000 0.000000 0.000000 0.000000
0.000000 0.000000 0.000000 0.000000 0.000000 0.000000 0.000000 0.000000 0.000000 0.000000 0.000000 0.000000
0.000000 0.000000 0.000000 0.000000 0.000000 0.000000 0.000000 0.000000 0.000000 0.000000 0.000000 0.000000
0.000000 0.000000 0.000000 0.000000 0.000000 0.000000 0.000000 0.000000 0.000000 0.000000 0.000000 0.000000
0.000000 0.000000 0.000000 0.000000 0.000000 0.000000 0.000000 0.000000 0.000000 0.000000 0.000000 0.000000
0.000000 0.000000 0.000000 0.000000 0.000000 0.000000 0.000000 0.000000 0.000000 0.000000 0.000000 0.000000
0.000000 0.000000 0.000000 0.000000 0.000000 0.000000 0.000000 0.000000 0.000000 0.000000 0.000000 0.000000
