2047.325173 -0.040000 -0.050000 -9.990000 -0.000000 -0.000000 -0.000000 0.000000 0.000000 0.000000 0.000000 0.000000
2047.363074 -0.110000 -0.080000 -8.860000 -0.000000 0.000000 0.000000 0.000000 0.000000 0.000000 0.000000 0.000000
2047.399361 -0.060000 0.010000 -7.780000 -0.000000 -0.000000 -0.000000 0.807599 -0.144214 0.000000 0.000000 4.820000
2047.429443 -0.100000 -0.020000 -6.610000 0.000000 0.000000 0.000000 6.460790 0.000000 0.000000 19.280000 19.280000
2047.456482 -0.470000 4.480000 -3.110000 0.030000 -0.080000 0.050000 9.691185 -0.288428 0.000000 24.100000 33.740000
2047.492872 -0.540000 0.060000 -4.100000 0.090000 0.110000 0.050000 10.498784 0.144214 0.000000 33.740000 28.920000
2047.519569 0.170000 0.320000 -2.840000 0.010000 0.060000 -0.100000 15.346052 -0.144513 0.000000 43.380000 48.210000
2047.555441 -0.060000 0.280000 -3.300000 0.100000 -0.020000 -0.000000 18.558016 0.000000 0.000000 55.380000 55.380000
2047.593763 0.230000 -0.540000 -2.790000 0.120000 0.000000 0.010000 23.423715 -0.144214 0.000000 67.490000 72.310000
2047.628982 0.660000 -0.520000 -2.120000 -0.010000 -0.000000 -0.050000 25.846511 0.000000 0.000000 77.130000 77.130000
2047.661568 0.020000 -0.560000 -0.480000 0.110000 0.070000 0.060000 27.840375 0.000000 0.000000 83.080000 83.080000
2047.691837 0.360000 -0.570000 1.890000 -0.170000 -0.020000 0.020000 31.705791 -0.137931 0.000000 92.310000 96.920000
2047.721966 0.040000 -0.110000 -0.590000 -0.020000 -0.010000 -0.130000 35.537696 0.000000 0.000000 106.050000 106.050000
2047.751452 -0.130000 -0.610000 0.740000 0.190000 0.070000 -0.000000 37.960492 -0.144214 0.000000 110.870000 115.690000
2047.779267 -0.530000 -0.470000 0.140000 -0.120000 -0.050000 0.030000 38.664209 0.000000 0.000000 115.380000 115.380000
2047.817408 0.140000 -0.340000 -0.340000 0.090000 -0.070000 0.040000 40.383289 0.000000 0.000000 120.510000 120.510000
2047.854825 0.060000 -0.090000 -1.590000 -0.090000 0.020000 -0.010000 43.613684 0.000000 0.000000 130.150000 130.150000
2047.891171 0.210000 -0.450000 0.470000 0.060000 0.050000 -0.030000 42.806085 -0.144214 0.000000 125.330000 130.150000
2047.920757 0.410000 -0.340000 -0.990000 0.100000 0.060000 -0.040000 45.625978 -0.137931 0.000000 133.850000 138.460000
2047.948695 -0.580000 -0.510000 -0.760000 -0.030000 0.030000 -0.020000 46.844079 0.000000 0.000000 139.790000 139.790000
2047.983446 0.290000 0.580000 -1.360000 -0.190000 0.050000 -0.060000 45.625978 -0.137931 0.000000 133.850000 138.460000
2048.013700 0.110000 -1.160000 0.420000 0.070000 0.100000 -0.070000 46.844079 0.000000 0.000000 139.790000 139.790000
2048.047172 0.400000 -0.070000 0.100000 -0.200000 0.030000 -0.020000 49.270226 0.144214 0.000000 149.440000 144.620000
2048.083066 0.760000 -0.140000 2.080000 0.020000 -0.020000 -0.050000 50.077825 0.000000 0.000000 149.440000 149.440000
2048.113106 -0.160000 -0.040000 -0.210000 0.050000 -0.100000 -0.070000 49.491394 0.000000 0.000000 147.690000 147.690000
2048.140773 -0.310000 -0.320000 0.650000 0.140000 0.080000 -0.010000 51.693022 0.000000 0.000000 154.260000 154.260000
2048.177896 0.680000 -0.410000 -0.730000 -0.100000 0.030000 -0.080000 52.500621 0.144214 0.000000 159.080000 154.260000
2048.213678 -0.490000 0.190000 4.550000 -0.140000 -0.090000 0.060000 49.493070 -0.276161 0.000000 143.080000 152.310000
2048.247918 0.950000 0.280000 1.760000 -0.010000 -0.050000 -0.090000 51.039571 0.000000 0.000000 152.310000 152.310000
2048.283571 0.010000 -0.060000 -2.650000 -0.190000 0.160000 0.060000 53.308220 0.000000 0.000000 159.080000 159.080000
2048.314957 0.160000 0.180000 -0.390000 0.060000 0.010000 0.020000 50.885423 -0.144214 0.000000 149.440000 154.260000
2048.355010 -0.770000 0.160000 -1.680000 0.100000 -0.070000 -0.050000 51.039571 0.000000 0.000000 152.310000 152.310000
2048.389969 0.030000 -0.230000 1.320000 0.080000 0.040000 -0.010000 54.923417 0.000000 0.000000 163.900000 163.900000
2048.419236 -0.020000 0.890000 0.800000 -0.010000 0.060000 -0.040000 52.173895 -0.202558 0.000000 152.310000 159.080000
2048.455905 -1.040000 1.090000 0.360000 -0.160000 -0.120000 0.020000 52.500621 -0.432642 0.000000 149.440000 163.900000
2048.490601 -0.220000 -0.330000 -0.440000 -0.050000 -0.040000 -0.040000 53.308220 0.000000 0.000000 159.080000 159.080000
2048.527079 0.170000 -0.030000 -1.730000 -0.250000 -0.030000 -0.020000 54.923417 0.000000 0.000000 163.900000 163.900000
2048.563273 0.420000 0.070000 -0.530000 0.160000 -0.060000 0.040000 50.265482 0.138230 0.000000 152.310000 147.690000
2048.591972 0.520000 0.590000 1.010000 0.170000 0.020000 -0.090000 51.693022 0.000000 0.000000 154.260000 154.260000
2048.622801 -0.680000 -1.140000 3.210000 -0.060000 -0.110000 0.020000 54.923417 0.000000 0.000000 163.900000 163.900000
2048.657418 -0.050000 0.010000 0.960000 -0.010000 -0.010000 -0.070000 51.039571 0.000000 0.000000 152.310000 152.310000
2048.693386 0.110000 0.100000 -1.340000 -0.220000 -0.030000 0.090000 51.039571 0.000000 0.000000 152.310000 152.310000
2048.722529 0.090000 -0.780000 -2.530000 0.200000 -0.050000 -0.010000 54.115818 -0.144214 0.000000 159.080000 163.900000
2048.753073 -0.920000 1.200000 0.030000 0.190000 -0.150000 -0.030000 53.308220 -0.288428 0.000000 154.260000 163.900000
2048.781693 -0.580000 -0.590000 -0.720000 0.200000 0.150000 0.060000 51.039571 0.000000 0.000000 152.310000 152.310000
2048.810123 0.880000 0.060000 0.170000 0.060000 0.060000 -0.130000 54.923417 0.000000 0.000000 163.900000 163.900000
2048.839285 -0.310000 -0.480000 -0.490000 -0.050000 0.020000 0.050000 53.308220 0.000000 0.000000 159.080000 159.080000
2048.875833 0.420000 0.070000 -0.180000 -0.050000 -0.000000 -0.020000 49.270226 -0.144214 0.000000 144.620000 149.440000
2048.908190 -0.180000 -1.640000 -3.080000 -0.140000 0.020000 0.040000 46.844079 0.000000 0.000000 139.790000 139.790000
2048.943570 0.780000 0.240000 0.180000 0.110000 -0.010000 -0.050000 40.383289 0.000000 0.000000 120.510000 120.510000
2048.979261 -0.070000 -1.410000 4.930000 0.000000 -0.100000 0.140000 35.571206 0.000000 0.000000 106.150000 106.150000
2049.008197 -0.750000 -2.110000 -0.660000 -0.020000 0.010000 -0.010000 30.692104 0.000000 0.000000 91.590000 91.590000
2049.042350 -1.040000 -0.540000 0.520000 -0.170000 -0.090000 0.000000 29.076906 -0.288428 0.000000 81.950000 91.590000
2049.072907 -0.940000 -0.790000 0.460000 -0.110000 -0.020000 -0.100000 24.747373 0.000000 0.000000 73.850000 73.850000
2049.101801 0.210000 -0.350000 0.740000 -0.030000 -0.000000 -0.140000 18.559692 -0.552621 0.000000 46.150000 64.620000
2049.128928 0.110000 0.020000 -0.180000 -0.020000 0.090000 -0.180000 16.153651 -1.154012 0.000000 28.920000 67.490000
2049.161849 -0.350000 0.430000 -0.500000 -0.100000 0.120000 -0.610000 11.308058 -1.730868 0.000000 4.820000 62.670000
2049.191471 0.310000 0.860000 -5.380000 -0.120000 -0.000000 -1.080000 8.506595 -1.519035 0.000000 0.000000 50.770000
2049.220103 1.730000 1.980000 -3.310000 -0.000000 0.030000 -1.220000 8.077663 -1.730868 0.000000 -4.820000 53.030000
2049.248868 0.490000 1.040000 1.400000 0.050000 -0.090000 -1.530000 6.462466 -1.730868 0.000000 -9.640000 48.210000
2049.280439 0.530000 1.170000 0.750000 0.010000 -0.000000 -1.780000 6.462466 -1.730868 0.000000 -9.640000 48.210000
2049.310554 -0.150000 1.290000 0.730000 0.020000 -0.040000 -2.060000 5.413592 -2.071357 0.000000 -18.460000 50.770000
2049.338572 0.120000 0.700000 0.650000 0.020000 0.000000 -2.270000 5.654867 -2.451938 0.000000 -24.100000 57.850000
2049.374547 0.120000 1.260000 0.410000 -0.020000 0.090000 -2.430000 5.413592 -2.623679 0.000000 -27.690000 60.000000
2049.409590 -0.060000 0.340000 0.680000 -0.020000 -0.030000 -2.670000 3.232071 -2.884580 0.000000 -38.560000 57.850000
2049.437891 0.620000 0.260000 0.420000 -0.030000 0.040000 -2.730000 4.847268 -3.173009 0.000000 -38.560000 67.490000
2049.474131 0.350000 0.190000 1.050000 0.000000 0.020000 -2.940000 3.232071 -3.173009 0.000000 -43.380000 62.670000
2049.508767 -0.020000 -0.120000 0.080000 0.010000 -0.000000 -2.910000 3.867091 -3.176300 0.000000 -41.540000 64.620000
2049.545970 -0.100000 0.180000 0.040000 -0.020000 -0.030000 -3.050000 4.039669 -3.317223 0.000000 -43.380000 67.490000
2049.578936 -0.260000 -0.710000 0.870000 -0.010000 -0.050000 -3.080000 3.230395 -3.461736 0.000000 -48.210000 67.490000
2049.616074 -0.160000 0.320000 -0.360000 -0.000000 -0.060000 -3.060000 3.867091 -3.452162 0.000000 -46.150000 69.230000
2049.653289 -0.120000 -0.360000 0.600000 0.040000 0.020000 -3.130000 3.093003 -3.590392 0.000000 -50.770000 69.230000
2049.681760 -0.450000 -0.240000 0.650000 -0.010000 -0.010000 -3.210000 3.230395 -3.750164 0.000000 -53.030000 72.310000
2049.710881 -0.140000 -0.070000 0.560000 0.000000 -0.020000 -3.190000 2.422796 -3.317522 0.000000 -48.210000 62.670000
2049.740237 -0.610000 -0.010000 -0.290000 -0.030000 -0.000000 -3.180000 2.320590 -3.728322 0.000000 -55.380000 69.230000
2049.771431 -0.050000 -0.120000 -0.740000 0.030000 -0.050000 -3.340000 2.422796 -3.605950 0.000000 -53.030000 67.490000
2049.798828 0.010000 -0.050000 -0.080000 0.030000 -0.060000 -3.270000 3.093003 -3.590392 0.000000 -50.770000 69.230000
2049.836769 -0.190000 -0.220000 -0.970000 0.000000 -0.020000 -3.290000 2.422796 -3.605950 0.000000 -53.030000 67.490000
2049.868815 -0.220000 0.270000 0.510000 -0.000000 -0.020000 -3.280000 2.422796 -3.894378 0.000000 -57.850000 72.310000
2049.905237 0.280000 0.130000 -0.480000 -0.020000 -0.060000 -3.310000 1.615198 -3.750164 0.000000 -57.850000 67.490000
2049.941199 0.080000 -0.140000 -0.250000 -0.020000 0.010000 -3.230000 3.093003 -3.590392 0.000000 -50.770000 69.230000
2049.970669 0.550000 0.070000 -0.030000 -0.050000 -0.020000 -3.230000 0.807599 -3.605950 0.000000 -57.850000 62.670000
2049.999594 0.140000 0.130000 -1.440000 -0.020000 0.030000 -3.120000 3.230395 -3.750164 0.000000 -53.030000 72.310000
2050.028345 0.250000 -0.320000 0.840000 -0.030000 0.030000 -3.190000 1.548177 -3.590392 0.000000 -55.380000 64.620000
2050.065039 0.070000 -0.440000 1.440000 -0.030000 -0.040000 -3.070000 1.548177 -3.590392 0.000000 -55.380000 64.620000
2050.099069 0.300000 -0.260000 -1.380000 0.040000 -0.020000 -3.080000 3.230395 -3.750164 0.000000 -53.030000 72.310000
2050.128712 0.170000 -0.180000 0.310000 0.080000 -0.030000 -3.080000 2.422796 -3.317522 0.000000 -48.210000 62.670000
2050.164399 0.390000 0.100000 -0.170000 0.050000 -0.040000 -3.090000 2.320590 -3.452461 0.000000 -50.770000 64.620000
2050.199535 -0.530000 -0.190000 0.460000 0.050000 -0.100000 -3.100000 1.615198 -3.461736 0.000000 -53.030000 62.670000
2050.228354 -0.170000 0.140000 -0.000000 0.020000 -0.020000 -3.110000 1.615198 -3.750164 0.000000 -57.850000 67.490000
2050.264504 -0.010000 -0.180000 0.440000 0.030000 -0.040000 -3.170000 2.422796 -3.317522 0.000000 -48.210000 62.670000
2050.296455 -0.480000 0.220000 -0.150000 -0.030000 0.030000 -3.150000 2.422796 -3.605950 0.000000 -53.030000 67.490000
2050.330671 -0.230000 -0.100000 -0.020000 0.020000 0.000000 -3.150000 1.615198 -3.750164 0.000000 -57.850000 67.490000
2050.357848 -0.160000 0.290000 0.130000 -0.010000 0.030000 -3.120000 3.093003 -3.590392 0.000000 -50.770000 69.230000
2050.393584 0.350000 0.280000 -0.030000 -0.040000 0.040000 -3.250000 2.422796 -3.605950 0.000000 -53.030000 67.490000
2050.426447 -0.060000 0.550000 -0.110000 -0.080000 0.030000 -3.170000 1.615198 -3.750164 0.000000 -57.850000 67.490000
2050.460960 -0.060000 -0.150000 0.360000 -0.040000 -0.010000 -3.120000 1.546501 -3.866553 0.000000 -60.000000 69.230000
2050.487932 0.060000 0.320000 0.770000 -0.030000 0.010000 -2.980000 2.320590 -3.728322 0.000000 -55.380000 69.230000
2050.521158 -0.270000 -0.310000 -0.050000 0.020000 -0.050000 -3.040000 2.422796 -3.894378 0.000000 -57.850000 72.310000
2050.550845 0.330000 -0.730000 0.360000 0.020000 0.020000 -2.950000 1.615198 -3.750164 0.000000 -57.850000 67.490000
2050.580216 0.010000 -0.450000 -0.570000 0.040000 -0.020000 -3.060000 1.548177 -3.590392 0.000000 -55.380000 64.620000
2050.609122 -0.280000 0.080000 0.300000 -0.010000 0.060000 -3.040000 2.422796 -3.894378 0.000000 -57.850000 72.310000
2050.642409 -0.370000 0.460000 0.570000 0.030000 0.020000 -3.070000 1.615198 -3.750164 0.000000 -57.850000 67.490000
2050.673540 0.100000 -0.160000 -0.760000 -0.000000 0.040000 -3.020000 2.422796 -3.605950 0.000000 -53.030000 67.490000
2050.704515 -0.050000 0.310000 -0.980000 -0.010000 -0.010000 -3.130000 1.134324 -3.664294 0.000000 -57.850000 64.620000
2050.739151 -0.390000 -0.500000 -0.680000 -0.010000 0.010000 -3.120000 1.615198 -3.750164 0.000000 -57.850000 67.490000
2050.767165 -0.050000 0.080000 0.270000 -0.000000 0.010000 -3.230000 2.320590 -3.452461 0.000000 -50.770000 64.620000
2050.803063 0.130000 -0.130000 0.770000 0.060000 -0.070000 -3.270000 2.422796 -3.605950 0.000000 -53.030000 67.490000
2050.830459 -0.220000 -0.310000 -0.280000 0.010000 0.010000 -3.220000 2.422796 -3.605950 0.000000 -53.030000 67.490000
2050.866810 -0.060000 0.050000 -0.440000 -0.020000 -0.020000 -3.350000 1.548177 -3.590392 0.000000 -55.380000 64.620000
2050.902174 -0.090000 0.270000 -0.100000 -0.010000 0.050000 -3.300000 1.548177 -3.590392 0.000000 -55.380000 64.620000
2050.938888 0.360000 -0.120000 -0.120000 0.010000 0.060000 -3.420000 2.422796 -3.894378 0.000000 -57.850000 72.310000
2050.975004 0.290000 -0.120000 0.710000 -0.010000 -0.010000 -3.400000 2.422796 -3.894378 0.000000 -57.850000 72.310000
2051.006789 0.750000 0.200000 0.200000 -0.020000 -0.000000 -3.500000 2.320590 -3.728322 0.000000 -55.380000 69.230000
2051.038601 -0.170000 -0.190000 0.050000 0.020000 0.010000 -3.490000 2.422796 -3.894378 0.000000 -57.850000 72.310000
2051.070130 0.350000 0.040000 0.300000 0.010000 0.010000 -3.590000 1.615198 -4.038592 0.000000 -62.670000 72.310000
2051.105213 -0.320000 0.070000 0.020000 -0.000000 -0.020000 -3.460000 2.422796 -3.894378 0.000000 -57.850000 72.310000
2051.138897 0.210000 -0.020000 -0.510000 0.030000 -0.010000 -3.580000 2.320590 -3.728322 0.000000 -55.380000 69.230000
2051.176199 0.060000 0.240000 0.520000 0.040000 0.010000 -3.470000 2.422796 -4.182806 0.000000 -62.670000 77.130000
2051.210928 -0.370000 -0.350000 -0.360000 0.010000 -0.050000 -3.640000 3.094678 -3.866553 0.000000 -55.380000 73.850000
2051.238119 -0.450000 0.140000 -0.550000 0.010000 0.000000 -3.460000 2.422796 -3.894378 0.000000 -57.850000 72.310000
2051.270497 0.160000 0.120000 -0.320000 0.020000 -0.060000 -3.600000 3.230395 -4.038592 0.000000 -57.850000 77.130000
2051.305021 -0.110000 0.100000 0.380000 0.010000 -0.030000 -3.480000 3.230395 -4.038592 0.000000 -57.850000 77.130000
2051.340904 -0.570000 -0.350000 -1.400000 0.060000 -0.010000 -3.500000 2.320590 -4.004783 0.000000 -60.000000 73.850000
2051.367857 0.570000 0.030000 0.100000 0.030000 0.040000 -3.430000 2.422796 -3.894378 0.000000 -57.850000 72.310000
2051.406078 0.020000 -0.240000 0.710000 -0.020000 0.000000 -3.420000 2.422796 -3.894378 0.000000 -57.850000 72.310000
2051.437612 0.010000 0.150000 -0.320000 0.020000 0.000000 -3.410000 3.094678 -3.866553 0.000000 -55.380000 73.850000
2051.476329 0.370000 0.180000 0.220000 0.040000 -0.050000 -3.460000 1.906737 -3.802225 0.000000 -57.850000 69.230000
2051.510604 0.300000 0.280000 0.410000 0.020000 -0.070000 -3.330000 3.230395 -4.038592 0.000000 -57.850000 77.130000
2051.540593 -0.340000 -0.220000 -0.480000 -0.020000 -0.110000 -3.370000 2.422796 -3.605950 0.000000 -53.030000 67.490000
2051.569574 -0.760000 0.300000 -0.110000 0.000000 -0.040000 -3.340000 2.320590 -3.728322 0.000000 -55.380000 69.230000
2051.607822 -0.500000 -0.380000 -0.800000 -0.020000 0.020000 -3.350000 2.422796 -3.894378 0.000000 -57.850000 72.310000
2051.646540 0.310000 -0.050000 0.390000 -0.050000 0.070000 -3.240000 2.320590 -3.728322 0.000000 -55.380000 69.230000
2051.678355 -0.250000 0.190000 0.130000 -0.000000 0.040000 -3.330000 2.422796 -3.894378 0.000000 -57.850000 72.310000
2051.714841 -0.000000 -0.470000 0.680000 -0.020000 0.010000 -3.240000 1.615198 -3.750164 0.000000 -57.850000 67.490000
2051.750396 0.290000 0.320000 0.010000 0.010000 -0.050000 -3.250000 2.422796 -3.894378 0.000000 -57.850000 72.310000
2051.779574 0.210000 -0.470000 1.100000 -0.000000 -0.010000 -3.220000 2.320590 -3.728322 0.000000 -55.380000 69.230000
2051.815136 -0.120000 0.370000 -0.020000 -0.030000 0.020000 -3.310000 2.422796 -3.894378 0.000000 -57.850000 72.310000
2051.861339 0.080000 -0.300000 1.090000 -0.040000 -0.010000 -3.230000 2.422796 -3.894378 0.000000 -57.850000 72.310000
2051.928741 -0.210000 -0.050000 0.280000 -0.000000 0.000000 -3.220000 2.320590 -3.728322 0.000000 -55.380000 69.230000
2051.966975 0.060000 -0.160000 0.480000 -0.050000 -0.000000 -3.190000 2.320590 -3.728322 0.000000 -55.380000 69.230000
2052.001701 -0.120000 -0.000000 -0.470000 -0.030000 0.050000 -3.250000 3.230395 -3.750164 0.000000 -53.030000 72.310000
2052.028906 -0.300000 -0.070000 0.240000 -0.030000 -0.020000 -3.250000 0.807599 -3.605950 0.000000 -57.850000 62.670000
2052.061933 -0.340000 0.530000 -0.280000 0.010000 0.000000 -3.220000 2.320590 -3.728322 0.000000 -55.380000 69.230000
2052.090785 -0.660000 -0.290000 0.240000 0.030000 -0.050000 -3.180000 2.422796 -3.605950 0.000000 -53.030000 67.490000
2052.119982 -0.280000 -0.060000 -0.440000 -0.010000 -0.060000 -3.220000 2.422796 -3.605950 0.000000 -53.030000 67.490000
2052.154878 -0.590000 -0.460000 0.070000 0.000000 -0.010000 -3.190000 2.422796 -3.317522 0.000000 -48.210000 62.670000
2052.191546 -0.130000 0.200000 -0.690000 0.020000 -0.020000 -3.250000 2.422796 -3.894378 0.000000 -57.850000 72.310000
2052.218789 0.490000 -0.270000 -0.010000 0.050000 0.010000 -3.220000 2.422796 -3.894378 0.000000 -57.850000 72.310000
2052.255240 0.230000 -0.050000 -0.280000 0.040000 -0.020000 -3.160000 2.320590 -3.452461 0.000000 -50.770000 64.620000
2052.290953 0.330000 -0.450000 -0.140000 0.000000 -0.020000 -3.270000 2.422796 -3.605950 0.000000 -53.030000 67.490000
2052.319565 0.410000 0.830000 -0.140000 -0.000000 -0.020000 -3.240000 3.230395 -3.750164 0.000000 -53.030000 72.310000
2052.355493 -0.030000 -0.300000 -0.230000 0.010000 -0.100000 -3.250000 2.320590 -3.452461 0.000000 -50.770000 64.620000
2052.387267 0.320000 0.440000 -0.130000 0.030000 0.010000 -3.210000 2.320590 -3.452461 0.000000 -50.770000 64.620000
2052.422027 0.410000 0.030000 0.130000 -0.020000 -0.050000 -3.280000 3.230395 -3.750164 0.000000 -53.030000 72.310000
2052.449185 -0.390000 0.440000 -0.610000 -0.000000 -0.040000 -3.230000 3.230395 -3.750164 0.000000 -53.030000 72.310000
2052.485015 0.570000 -0.020000 -0.320000 -0.020000 -0.020000 -3.290000 3.093003 -3.590392 0.000000 -50.770000 69.230000
2052.520153 0.450000 0.330000 -0.250000 0.000000 0.000000 -3.240000 1.615198 -3.750164 0.000000 -57.850000 67.490000
2052.547926 0.400000 0.070000 0.560000 -0.000000 0.020000 -3.340000 2.422796 -3.894378 0.000000 -57.850000 72.310000
2052.580994 0.440000 0.180000 0.570000 0.030000 -0.010000 -3.250000 2.422796 -3.605950 0.000000 -53.030000 67.490000
2052.615573 0.190000 -0.400000 0.770000 -0.030000 -0.030000 -3.320000 2.714336 -3.658011 0.000000 -53.030000 69.230000
2052.648212 -0.090000 -0.100000 -0.430000 -0.030000 0.000000 -3.250000 2.422796 -3.894378 0.000000 -57.850000 72.310000
2052.682797 0.010000 0.190000 0.700000 -0.020000 0.030000 -3.220000 2.320590 -3.728322 0.000000 -55.380000 69.230000
2052.719510 -0.330000 -0.100000 0.970000 0.080000 -0.110000 -3.240000 2.422796 -3.605950 0.000000 -53.030000 67.490000
2052.752452 -0.360000 0.460000 0.360000 0.020000 0.010000 -3.250000 2.422796 -3.894378 0.000000 -57.850000 72.310000
2052.783888 -0.220000 -0.290000 0.040000 0.050000 0.020000 -3.270000 2.320590 -3.728322 0.000000 -55.380000 69.230000
2052.818030 -0.660000 0.080000 -0.480000 0.010000 0.030000 -3.250000 2.320590 -3.728322 0.000000 -55.380000 69.230000
2052.851175 -0.460000 -0.560000 0.830000 0.010000 0.030000 -3.220000 2.422796 -3.605950 0.000000 -53.030000 67.490000
2052.879590 -0.610000 -0.330000 -0.590000 -0.030000 0.030000 -3.210000 2.422796 -3.894378 0.000000 -57.850000 72.310000
2052.909910 -0.000000 -0.270000 -0.730000 0.030000 -0.010000 -3.210000 2.320590 -3.452461 0.000000 -50.770000 64.620000
2052.945149 0.160000 0.030000 -0.800000 0.000000 0.020000 -3.180000 2.422796 -3.894378 0.000000 -57.850000 72.310000
2052.978146 0.270000 -0.400000 0.520000 -0.000000 -0.020000 -3.170000 1.615198 -3.750164 0.000000 -57.850000 67.490000
2053.011427 0.370000 0.280000 -0.120000 -0.040000 0.030000 -3.150000 1.615198 -3.750164 0.000000 -57.850000 67.490000
2053.047882 0.100000 -0.100000 -0.170000 0.020000 -0.010000 -3.240000 2.320590 -3.728322 0.000000 -55.380000 69.230000
2053.084980 0.020000 -0.190000 0.100000 0.030000 0.050000 -3.250000 0.807599 -3.894378 0.000000 -62.670000 67.490000
2053.116449 0.470000 0.080000 -0.830000 0.020000 0.020000 -3.400000 2.320590 -3.728322 0.000000 -55.380000 69.230000
2053.152032 -0.050000 0.270000 -0.880000 0.010000 0.030000 -3.410000 2.422796 -3.605950 0.000000 -53.030000 67.490000
2053.180995 0.810000 0.520000 -1.380000 0.050000 -0.020000 -3.500000 2.422796 -3.894378 0.000000 -57.850000 72.310000
2053.211101 -0.120000 -0.030000 0.790000 0.030000 -0.000000 -3.430000 3.230395 -4.038592 0.000000 -57.850000 77.130000
2053.238417 0.150000 0.060000 -0.230000 -0.010000 -0.030000 -3.540000 2.320590 -3.728322 0.000000 -55.380000 69.230000
2053.275586 -0.230000 0.180000 -0.880000 0.030000 0.040000 -3.490000 1.615198 -4.038592 0.000000 -62.670000 72.310000
2053.311334 -0.100000 -0.400000 1.120000 0.040000 -0.040000 -3.590000 2.422796 -4.182806 0.000000 -62.670000 77.130000
2053.338189 -0.230000 0.280000 0.640000 0.020000 0.010000 -3.580000 2.320590 -4.004783 0.000000 -60.000000 73.850000
2053.370313 0.240000 -0.020000 0.100000 0.020000 0.010000 -3.640000 1.873227 -4.084669 0.000000 -62.670000 73.850000
2053.401041 -0.550000 0.150000 0.780000 0.040000 -0.010000 -3.600000 3.230395 -4.038592 0.000000 -57.850000 77.130000
2053.429594 -0.060000 -0.760000 -0.060000 0.020000 0.010000 -3.560000 2.422796 -3.894378 0.000000 -57.850000 72.310000
2053.465059 0.010000 0.080000 0.070000 0.040000 0.020000 -3.540000 2.320590 -4.004783 0.000000 -60.000000 73.850000
2053.498982 0.530000 -0.300000 0.850000 0.020000 0.000000 -3.520000 3.230395 -4.038592 0.000000 -57.850000 77.130000
2053.536827 -0.360000 0.240000 -0.260000 0.020000 -0.040000 -3.520000 1.546501 -3.866553 0.000000 -60.000000 69.230000
2053.572196 0.600000 0.030000 0.510000 0.020000 0.020000 -3.540000 1.615198 -3.750164 0.000000 -57.850000 67.490000
2053.600508 -0.670000 0.160000 0.080000 0.020000 0.000000 -3.490000 3.230395 -4.038592 0.000000 -57.850000 77.130000
2053.629537 0.200000 -0.200000 0.600000 0.010000 0.020000 -3.550000 3.230395 -4.038592 0.000000 -57.850000 77.130000
2053.664138 -0.000000 0.500000 -0.240000 0.010000 -0.010000 -3.510000 2.320590 -3.728322 0.000000 -55.380000 69.230000
2053.697870 0.260000 -0.240000 -0.550000 0.010000 -0.040000 -3.450000 2.422796 -4.182806 0.000000 -62.670000 77.130000
2053.731983 -0.530000 0.360000 0.230000 -0.040000 -0.080000 -3.410000 2.422796 -3.894378 0.000000 -57.850000 72.310000
2053.760745 0.210000 -0.180000 0.420000 0.000000 -0.040000 -3.350000 2.320590 -3.728322 0.000000 -55.380000 69.230000
2053.790875 -0.250000 0.100000 -0.010000 -0.000000 -0.080000 -3.400000 3.093003 -3.590392 0.000000 -50.770000 69.230000
2053.820809 -0.130000 -0.190000 -0.590000 -0.020000 -0.030000 -3.310000 2.422796 -3.894378 0.000000 -57.850000 72.310000
2053.850694 -0.240000 -0.040000 0.240000 -0.040000 -0.040000 -3.360000 2.422796 -3.605950 0.000000 -53.030000 67.490000
2053.879288 0.230000 -0.260000 -0.070000 -0.010000 -0.020000 -3.310000 2.320590 -3.728322 0.000000 -55.380000 69.230000
2053.913603 -0.480000 0.280000 -0.590000 0.000000 0.020000 -3.280000 2.422796 -3.894378 0.000000 -57.850000 72.310000
2053.948119 0.590000 -0.070000 0.770000 0.040000 -0.090000 -3.310000 3.230395 -3.750164 0.000000 -53.030000 72.310000
2053.981349 -0.080000 0.390000 0.100000 0.010000 -0.030000 -3.270000 3.230395 -3.750164 0.000000 -53.030000 72.310000
2054.011771 -0.240000 -0.110000 -0.720000 -0.010000 -0.010000 -3.320000 1.615198 -3.750164 0.000000 -57.850000 67.490000
2054.040291 -0.030000 0.380000 -0.530000 -0.010000 0.030000 -3.330000 3.230395 -3.750164 0.000000 -53.030000 72.310000
2054.068606 0.190000 -0.060000 -0.680000 0.010000 -0.020000 -3.250000 2.320590 -3.728322 0.000000 -55.380000 69.230000
2054.103462 0.440000 0.160000 -0.650000 -0.010000 0.020000 -3.230000 2.422796 -3.605950 0.000000 -53.030000 67.490000
2054.131806 0.020000 0.010000 -0.070000 -0.030000 0.050000 -3.280000 3.230395 -3.750164 0.000000 -53.030000 72.310000
2054.160278 0.450000 0.340000 -0.550000 -0.050000 0.010000 -3.170000 2.320590 -3.452461 0.000000 -50.770000 64.620000
2054.188357 0.500000 0.110000 0.390000 -0.040000 0.020000 -3.150000 1.548177 -3.590392 0.000000 -55.380000 64.620000
2054.223591 0.430000 -0.190000 1.320000 -0.040000 0.020000 -3.070000 3.230395 -3.750164 0.000000 -53.030000 72.310000
2054.252166 -0.070000 0.240000 0.580000 0.020000 -0.000000 -3.110000 1.615198 -3.750164 0.000000 -57.850000 67.490000
2054.279389 -0.630000 -0.050000 0.150000 0.030000 -0.020000 -2.960000 1.548177 -3.590392 0.000000 -55.380000 64.620000
2054.312233 -0.100000 -0.230000 -0.910000 0.020000 -0.020000 -3.040000 1.615198 -3.750164 0.000000 -57.850000 67.490000
2054.341748 -0.010000 0.020000 0.310000 0.040000 0.010000 -2.980000 3.230395 -3.750164 0.000000 -53.030000 72.310000
2054.369198 -0.030000 -0.400000 -0.080000 -0.000000 0.030000 -3.070000 1.615198 -3.461736 0.000000 -53.030000 62.670000
2054.404322 0.550000 0.020000 -0.780000 0.050000 -0.040000 -3.120000 1.167835 -3.381850 0.000000 -53.030000 60.000000
2054.436225 -0.100000 -0.130000 0.000000 0.010000 -0.070000 -3.190000 2.422796 -3.605950 0.000000 -53.030000 67.490000
2054.472710 0.190000 -0.030000 -0.410000 0.010000 -0.020000 -3.140000 2.320590 -3.452461 0.000000 -50.770000 64.620000
2054.500998 0.560000 0.500000 0.690000 -0.010000 0.060000 -3.080000 1.615198 -3.750164 0.000000 -57.850000 67.490000
2054.529179 0.300000 0.160000 0.930000 0.020000 -0.040000 -3.170000 3.230395 -3.750164 0.000000 -53.030000 72.310000
2054.565195 -0.190000 0.270000 1.430000 0.020000 0.010000 -3.110000 1.548177 -3.590392 0.000000 -55.380000 64.620000
2054.600179 0.310000 0.060000 -0.630000 0.050000 -0.150000 -3.260000 1.548177 -3.590392 0.000000 -55.380000 64.620000
2054.628941 -0.300000 -0.190000 0.210000 -0.020000 -0.030000 -3.250000 2.422796 -3.605950 0.000000 -53.030000 67.490000
2054.664271 0.270000 0.220000 0.100000 -0.040000 -0.020000 -3.290000 1.615198 -3.750164 0.000000 -57.850000 67.490000
2054.700598 -0.320000 0.220000 0.100000 -0.020000 -0.030000 -3.260000 3.093003 -3.590392 0.000000 -50.770000 69.230000
2054.733688 -0.200000 0.350000 0.270000 -0.030000 -0.040000 -3.300000 2.422796 -3.894378 0.000000 -57.850000 72.310000
2054.771380 -0.250000 -0.250000 0.140000 0.010000 -0.030000 -3.280000 2.422796 -3.894378 0.000000 -57.850000 72.310000
2054.800276 -0.690000 0.170000 -1.010000 0.010000 0.050000 -3.340000 2.422796 -3.605950 0.000000 -53.030000 67.490000
2054.830133 -0.480000 -0.350000 -0.650000 -0.020000 0.010000 -3.270000 2.320590 -3.728322 0.000000 -55.380000 69.230000
2054.858774 -0.250000 -0.050000 -1.130000 0.010000 0.010000 -3.330000 2.422796 -3.894378 0.000000 -57.850000 72.310000
2054.893928 0.240000 -0.200000 0.560000 0.030000 -0.040000 -3.290000 2.320590 -3.452461 0.000000 -50.770000 64.620000
2054.929016 -0.240000 0.080000 0.130000 0.020000 -0.040000 -3.280000 2.422796 -3.605950 0.000000 -53.030000 67.490000
2054.958060 0.090000 -0.740000 0.230000 -0.010000 -0.080000 -3.230000 1.615198 -3.750164 0.000000 -57.850000 67.490000
2054.994725 0.030000 0.160000 -0.040000 0.010000 0.030000 -3.270000 3.230395 -3.750164 0.000000 -53.030000 72.310000
2055.026700 -0.160000 -0.190000 0.440000 0.050000 -0.050000 -3.280000 2.320590 -3.452461 0.000000 -50.770000 64.620000
2055.058461 0.070000 0.020000 0.020000 0.010000 0.010000 -3.280000 1.615198 -3.750164 0.000000 -57.850000 67.490000
2055.092522 -0.440000 -0.360000 -0.250000 -0.020000 0.010000 -3.320000 2.422796 -3.894378 0.000000 -57.850000 72.310000
2055.129153 -0.300000 0.330000 0.030000 0.010000 -0.000000 -3.340000 2.320590 -3.728322 0.000000 -55.380000 69.230000
2055.161887 0.600000 -0.130000 -0.560000 0.060000 -0.030000 -3.410000 1.134324 -3.664294 0.000000 -57.850000 64.620000
2055.191844 -0.070000 -0.120000 0.570000 0.030000 -0.010000 -3.410000 2.422796 -3.894378 0.000000 -57.850000 72.310000
2055.221012 -0.030000 -0.060000 -0.510000 0.020000 -0.050000 -3.520000 2.422796 -3.894378 0.000000 -57.850000 72.310000
2055.249195 -0.240000 0.150000 -1.110000 0.010000 -0.000000 -3.460000 2.320590 -3.728322 0.000000 -55.380000 69.230000
2055.284102 -0.170000 -0.300000 0.730000 0.010000 -0.020000 -3.540000 1.615198 -4.038592 0.000000 -62.670000 72.310000
2055.319262 0.110000 0.350000 0.230000 0.020000 -0.040000 -3.490000 3.094678 -3.866553 0.000000 -55.380000 73.850000
2055.347457 0.160000 -0.020000 -0.380000 0.000000 -0.030000 -3.600000 2.422796 -3.894378 0.000000 -57.850000 72.310000
2055.381206 -0.420000 0.330000 0.380000 0.060000 -0.020000 -3.560000 3.230395 -4.038592 0.000000 -57.850000 77.130000
2055.416835 -0.430000 -0.550000 0.160000 0.020000 -0.030000 -3.570000 1.615198 -4.038592 0.000000 -62.670000 72.310000
2055.448994 -0.690000 0.360000 -0.440000 -0.010000 -0.030000 -3.450000 2.320590 -4.004783 0.000000 -60.000000 73.850000
2055.481947 0.750000 -0.260000 -0.050000 0.040000 -0.040000 -3.420000 3.230395 -4.038592 0.000000 -57.850000 77.130000
2055.509431 0.220000 -0.050000 0.080000 -0.020000 0.010000 -3.400000 1.615198 -4.038592 0.000000 -62.670000 72.310000
2055.537536 -0.330000 -0.270000 -0.900000 0.030000 0.000000 -3.320000 1.546501 -3.866553 0.000000 -60.000000 69.230000
2055.573933 0.450000 -0.130000 -0.220000 0.040000 -0.010000 -3.270000 1.546501 -3.866553 0.000000 -60.000000 69.230000
2055.607873 0.410000 -0.300000 0.060000 0.020000 -0.070000 -3.400000 2.422796 -3.894378 0.000000 -57.850000 72.310000
2055.639922 -0.170000 0.110000 0.420000 0.020000 0.000000 -3.040000 3.230395 -3.461736 0.000000 -48.210000 67.490000
2055.672197 0.390000 -0.180000 0.530000 0.000000 -0.010000 -2.790000 2.318914 -2.899840 0.000000 -41.540000 55.380000
2055.702925 -0.140000 0.150000 -0.490000 -0.000000 -0.040000 -2.420000 2.424472 -3.028795 0.000000 -43.380000 57.850000
2055.731335 -0.200000 -0.170000 0.430000 -0.010000 -0.000000 -2.040000 2.422796 -2.163211 0.000000 -28.920000 43.380000
2055.758696 -0.160000 0.020000 0.030000 -0.020000 -0.010000 -1.560000 1.615198 -2.018997 0.000000 -28.920000 38.560000
2055.794407 -0.050000 0.130000 0.480000 0.020000 -0.010000 -1.350000 1.615198 -1.730569 0.000000 -24.100000 33.740000
2055.827622 0.220000 -0.240000 0.390000 -0.010000 0.000000 -1.300000 0.807599 -1.586355 0.000000 -24.100000 28.920000
2055.865064 -0.500000 -0.040000 -0.070000 -0.000000 0.010000 -1.090000 1.546501 -1.104943 0.000000 -13.850000 23.080000
2055.901968 -0.230000 -0.060000 0.050000 0.010000 -0.000000 -0.610000 0.000000 -0.288428 0.000000 -4.820000 4.820000
2055.930135 0.440000 -0.230000 0.010000 -0.010000 -0.010000 -0.120000 0.807599 -0.144214 0.000000 0.000000 4.820000
2055.958289 -0.210000 0.310000 0.000000 -0.010000 -0.000000 -0.000000 0.000000 0.000000 0.000000 0.000000 0.000000
2055.992446 -0.080000 -0.050000 -0.030000 -0.000000 -0.000000 0.020000 0.000000 0.000000 0.000000 0.000000 0.000000
2056.022886 0.080000 -0.060000 -0.050000 0.000000 0.000000 0.000000 0.000000 0.000000 0.000000 0.000000 0.000000
2056.050463 0.100000 0.230000 -0.030000 -0.000000 0.000000 0.010000 0.000000 0.000000 0.000000 0.000000 0.000000
2056.077999 0.160000 0.130000 0.030000 -0.000000 -0.000000 0.000000 0.000000 0.000000 0.000000 0.000000 0.000000
2056.112063 0.170000 0.060000 -0.000000 -0.000000 -0.000000 0.000000 0.000000 0.000000 0.000000 0.000000 0.000000
2056.141361 0.130000 0.020000 -0.020000 -0.000000 0.000000 -0.000000 0.000000 0.000000 0.000000 0.000000 0.000000
2056.167129 0.100000 0.140000 0.030000 0.000000 0.000000 -0.000000 0.000000 0.000000 0.000000 0.000000 0.000000
2056.197922 -0.050000 0.100000 0.030000 -0.000000 0.000000 -0.000000 0.000000 0.000000 0.000000 0.000000 0.000000
2056.235113 0.050000 -0.030000 -0.060000 -0.000000 -0.000000 0.000000 0.000000 0.000000 0.000000 0.000000 0.000000
2056.269294 0.060000 0.020000 -0.050000 0.000000 -0.000000 -0.000000 0.000000 0.000000 0.000000 0.000000 0.000000
2056.305340 0.020000 0.050000 0.050000 0.000000 0.000000 -0.000000 0.000000 0.000000 0.000000 0.000000 0.000000
2056.340368 -0.010000 0.040000 -0.020000 -0.000000 -0.000000 -0.000000 0.000000 0.000000 0.000000 0.000000 0.000000
2056.366495 0.010000 0.020000 -0.030000 -0.000000 0.000000 -0.000000 0.000000 0.000000 0.000000 0.000000 0.000000
2056.400995 0.070000 0.040000 -0.030000 -0.000000 -0.000000 0.000000 0.000000 0.000000 0.000000 0.000000 0.000000
2056.428268 0.050000 0.010000 0.060000 0.000000 -0.000000 0.000000 0.000000 0.000000 0.000000 0.000000 0.000000
2056.464022 0.030000 0.020000 -0.000000 0.000000 -0.000000 0.000000 0.000000 0.000000 0.000000 0.000000 0.000000
2056.498244 0.040000 0.040000 0.050000 -0.000000 -0.000000 0.000000 0.000000 0.000000 0.000000 0.000000 0.000000
2056.529994 0.050000 0.030000 0.010000 -0.000000 0.000000 -0.000000 0.000000 0.000000 0.000000 0.000000 0.000000
2056.562054 -0.010000 -0.050000 -0.000000 -0.000000 0.000000 -0.000000 0.000000 0.000000 0.000000 0.000000 0.000000
2056.588569 -0.030000 0.040000 0.000000 -0.000000 -0.000000 0.000000 0.000000 0.000000 0.000000 0.000000 0.000000
2056.622035 0.040000 0.030000 -0.030000 -0.000000 0.000000 -0.000000 0.000000 0.000000 0.000000 0.000000 0.000000
2056.650443 0.050000 -0.040000 -0.010000 -0.000000 -0.000000 0.000000 0.000000 0.000000 0.000000 0.000000 0.000000
2056.679568 0.020000 -0.020000 -0.030000 0.000000 0.000000 0.000000 0.000000 0.000000 0.000000 0.000000 0.000000
2056.710985 -0.010000 0.030000 -0.060000 -0.000000 -0.000000 -0.000000 0.000000 0.000000 0.000000 0.000000 0.000000
2056.739950 -0.030000 0.000000 0.040000 -0.000000 0.000000 -0.000000 0.000000 0.000000 0.000000 0.000000 0.000000
2056.766137 -0.030000 -0.030000 -0.070000 0.000000 0.000000 0.000000 0.000000 0.000000 0.000000 0.000000 0.000000
2056.798313 0.010000 0.020000 -0.010000 0.000000 -0.000000 0.000000 0.000000 0.000000 0.000000 0.000000 0.000000
2056.829476 0.030000 0.050000 -0.030000 -0.000000 0.000000 0.000000 0.000000 0.000000 0.000000 0.000000 0.000000
2056.856380 0.010000 -0.020000 0.040000 0.000000 0.000000 -0.000000 0.000000 0.000000 0.000000 0.000000 0.000000
2056.887778 0.010000 -0.010000 -0.000000 -0.000000 0.000000 -0.000000 0.000000 0.000000 0.000000 0.000000 0.000000
2056.924377 0.060000 0.020000 0.050000 0.000000 -0.000000 0.000000 0.000000 0.000000 0.000000 0.000000 0.000000
2056.956261 -0.030000 -0.010000 0.030000 -0.000000 0.000000 0.000000 0.000000 0.000000 0.000000 0.000000 0.000000
2056.988790 0.020000 0.030000 -0.060000 0.000000 0.000000 0.000000 0.000000 0.000000 0.000000 0.000000 0.000000
2057.024453 0.020000 -0.010000 0.000000 0.000000 -0.000000 0.000000 0.000000 0.000000 0.000000 0.000000 0.000000
2057.060119 0.020000 0.030000 -0.020000 -0.000000 -0.000000 -0.000000 0.000000 0.000000 0.000000 0.000000 0.000000
0.000000 0.000000 0.000000 0.000000 0.000000 0.000000 0.000000 0.000000 0.000000 0.000000 0.000000 0.000000
0.000000 0.000000 0.000000 0.000000 0.000000 0.000000 0.000000 0.000000 0.000000 0.000000 0.000000 0.000000
0.000000 0.000000 0.000000 0.000000 0.000000 0.000000 0.000000 0.000000 0.000000 0.000000 0.000000 0.000000
0.000000 0.000000 0.000000 0.000000 0.000000 0.000000 0.000000 0.000000 0.000000 0.000000 0.000000 0.000000
0.000000 0.000000 0.000000 0.000000 0.000000 0.000000 0.000000 0.000000 0.000000 0.000000 0.000000 0.000000
0.000000 0.000000 0.000000 0.000000 0.000000 0.000000 0.000000 0.000000 0.000000 0.000000 0.000000 0.000000
0.000000 0.000000 0.000000 0.000000 0.000000 0.000000 0.000000 0.000000 0.000000 0.000000 0.000000 0.000000
0.000000 0.000000 0.000000 0.000000 0.000000 0.000000 0.000000 0.000000 0.000000 0.000000 0.000000 0.000000
0.000000 0.000000 0.000000 0.000000 0.000000 0.000000 0.000000 0.000000 0.000000 0.000000 0.000000 0.000000
0.000000 0.000000 0.000000 0.000000 0.000000 0.000000 0.000000 0.000000 0.000000 0.000000 0.000000 0.000000
0.000000 0.000000 0.000000 0.000000 0.000000 0.000000 0.000000 0.000000 0.000000 0.000000 0.000000 0.000000
0.000000 0.000000 0.000000 0.000000 0.000000 0.000000 0.000000 0.000000 0.000000 0.000000 0.000000 0.000000
0.000000 0.000000 0.000000 0.000000 0.000000 0.000000 0.000000 0.000000 0.000000 0.000000 0.000000 0.000000
0.000000 0.000000 0.000000 0.000000 0.000000 0.000000 0.000000 0.000000 0.000000 0.000000 0.000000 0.000000
0.000000 0.000000 0.000000 0.000000 0.000000 0.000000 0.000000 0.000000 0.000000 0.000000 0.000000 0.000000
0.000000 0.000000 0.000000 0.000000 0.000000 0.000000 0.000000 0.000000 0.000000 0.000000 0.000000 0.000000
0.000000 0.000000 0.000000 0.000000 0.000000 0.000000 0.000000 0.000000 0.000000 0.000000 0.000000 0.000000
0.000000 0.000000 0.000000 0.000000 0.000000 0.000000 0.000000 0.000000 0.000000 0.000000 0.000000 0.000000
0.000000 0.000000 0.000000 0.000000 0.000000 0.000000 0.000000 0.000000 0.000000 0.000000 0.000000 0.000000
0.000000 0.000000 0.000000 0.000000 0.000000 0.000000 0.000000 0.000000 0.000000 0.000000 0.000000 0.000000
0.000000 0.000000 0.000000 0.000000 0.000000 0.000000 0.000000 0.000000 0.000000 0.000000 0.000000 0.000000
0.000000 0.000000 0.000000 0.000000 0.000000 0.000000 0.000000 0.000000 0.000000 0.000000 0.000000 0.000000
0.000000 0.000000 0.000000 0.000000 0.000000 0.000000 0.000000 0.000000 0.000000 0.000000 0.000000 0.000000
0.000000 0.000000 0.000000 0.000000 0.000000 0.000000 0.000000 0.000000 0.000000 0.000000 0.000000 0.000000
0.000000 0.000000 0.000000 0.000000 0.000000 0.000000 0.000000 0.000000 0.000000 0.000000 0.000000 0.000000
0.000000 0.000000 0.000000 0.000000 0.000000 0.000000 0.000000 0.000000 0.000000 0.000000 0.000000 0.000000
0.000000 0.000000 0.000000 0.000000 0.000000 0.000000 0.000000 0.000000 0.000000 0.000000 0.000000 0.000000
0.000000 0.000000 0.000000 0.000000 0.000000 0.000000 0.000000 0.000000 0.000000 0.000000 0.000000 0.000000
0.000000 0.000000 0.000000 0.000000 0.000000 0.000000 0.000000 0.000000 0.000000 0.000000 0.000000 0.000000
0.000000 0.000000 0.000000 0.000000 0.000000 0.000000 0.000000 0.000000 0.000000 0.000000 0.000000 0.000000
0.000000 0.000000 0.000000 0.000000 0.000000 0.000000 0.000000 0.000000 0.000000 0.000000 0.000000 0.000000
0.000000 0.000000 0.000000 0.000000 0.000000 0.000000 0.000000 0.000000 0.000000 0.000000 0.000000 0.000000
0.000000 0.000000 0.000000 0.000000 0.000000 0.000000 0.000000 0.000000 0.000000 0.000000 0.000000 0.000000
0.000000 0.000000 0.000000 0.000000 0.000000 0.000000 0.000000 0.000000 0.000000 0.000000 0.000000 0.000000
0.000000 0.000000 0.000000 0.000000 0.000000 0.000000 0.000000 0.000000 0.000000 0.000000 0.000000 0.000000
0.000000 0.000000 0.000000 0.000000 0.000000 0.000000 0.000000 0.000000 0.000000 0.000000 0.000000 0.000000
0.000000 0.000000 0.000000 0.000000 0.000000 0.000000 0.000000 0.000000 0.000000 0.000000 0.000000 0.000000
0.000000 0.000000 0.000000 0.000000 0.000000 0.000000 0.000000 0.000000 0.000000 0.000000 0.000000 0.000000
0.000000 0.000000 0.000000 0.000000 0.000000 0.000000 0.000000 0.000000 0.000000 0.000000 0.000000 0.000000
0.000000 0.000000 0.000000 0.000000 0.000000 0.000000 0.000000 0.000000 0.000000 0.000000 0.000000 0.000000
0.000000 0.000000 0.000000 0.000000 0.000000 0.000000 0.000000 0.000000 0.000000 0.000000 0.000000 0.000000
0.000000 0.000000 0.000000 0.000000 0.000000 0.000000 0.000000 0.000000 0.000000 0.000000 0.000000 0.000000
0.000000 0.000000 0.000000 0.000000 0.000000 0.000000 0.000000 0.000000 0.000000 0.000000 0.000000 0.000000
0.000000 0.000000 0.000000 0.000000 0.000000 0.000000 0.000000 0.000000 0.000000 0.000000 0.000000 0.000000
0.000000 0.000000 0.000000 0.000000 0.000000 0.000000 0.000000 0.000000 0.000000 0.000000 0.000000 0.000000
0.000000 0.000000 0.000000 0.000000 0.000000 0.000000 0.000000 0.000000 0.000000 0.000000 0.000000 0.000000
0.000000 0.000000 0.000000 0.000000 0.000000 0.000000 0.000000 0.000000 0.000000 0.000000 0.000000 0.000000
0.000000 0.000000 0.000000 0.000000 0.000000 0.000000 0.000000 0.000000 0.000000 0.000000 0.000000 0.000000
0.000000 0.000000 0.000000 0.000000 0.000000 0.000000 0.000000 0.000000 0.000000 0.000000 0.000000 0.000000
0.000000 0.000000 0.000000 0.000000 0.000000 0.000000 0.000000 0.000000 0.000000 0.000000 0.000000 0.000000
0.000000 0.000000 0.000000 0.000000 0.000000 0.000000 0.000000 0.000000 0.000000 0.000000 0.000000 0.000000
0.000000 0.000000 0.000000 0.000000 0.000000 0.000000 0.000000 0.000000 0.000000 0.000000 0.000000 0.000000
0.000000 0.000000 0.000000 0.000000 0.000000 0.000000 0.000000 0.000000 0.000000 0.000000 0.000000 0.000000
0.000000 0.000000 0.000000 0.000000 0.000000 0.000000 0.000000 0.000000 0.000000 0.000000 0.000000 0.000000
0.000000 0.000000 0.000000 0.000000 0.000000 0.000000 0.000000 0.000000 0.000000 0.000000 0.000000 0.000000
0.000000 0.000000 0.000000 0.000000 0.000000 0.000000 0.000000 0.000000 0.000000 0.000000 0.000000 0.000000
0.000000 0.000000 0.000000 0.000000 0.000000 0.000000 0.000000 0.000000 0.000000 0.000000 0.000000 0.000000
0.000000 0.000000 0.000000 0.000000 0.000000 0.000000 0.000000 0.000000 0.000000 0.000000 0.000000 0.000000
0.000000 0.000000 0.000000 0.000000 0.000000 0.000000 0.000000 0.000000 0.000000 0.000000 0.000000 0.000000
0.000000 0.000000 0.000000 0.000000 0.000000 0.000000 0.000000 0.000000 0.000000 0.000000 0.000000 0.000000
0.000000 0.000000 0.000000 0.000000 0.000000 0.000000 0.000000 0.000000 0.000000 0.000000 0.000000 0.000000
0.000000 0.000000 0.000000 0.000000 0.000000 0.000000 0.000000 0.000000 0.000000 0.000000 0.000000 0.000000
0.000000 0.000000 0.000000 0.000000 0.000000 0.000000 0.000000 0.000000 0.000000 0.000000 0.000000 0.000000
0.000000 0.000000 0.000000 0.000000 0.000000 0.000000 0.000000 0.000000 0.000000 0.000000 0.000000 0.000000
0.000000 0.000000 0.000000 0.000000 0.000000 0.000000 0.000000 0.000000 0.000000 0.000000 0.000000 0.000000
0.000000 0.000000 0.000000 0.000000 0.000000 0.000000 0.000000 0.000000 0.000000 0.000000 0.000000 0.000000
0.000000 0.000000 0.000000 0.000000 0.000000 0.000000 0.000000 0.000000 0.000000 0.000000 0.000000 0.000000
0.000000 0.000000 0.000000 0.000000 0.000000 0.000000 0.000000 0.000000 0.000000 0.000000 0.000000 0.000000
0.000000 0.000000 0.000000 0.000000 0.000000 0.000000 0.000000 0.000000 0.000000 0.000000 0.000000 0.000000
0.000000 0.000000 0.000000 0.000000 0.000000 0.000000 0.000000 0.000000 0.000000 0.000000 0.000000 0.000000
0.000000 0.000000 0.000000 0.000000 0.000000 0.000000 0.000000 0.000000 0.000000 0.000000 0.000000 0.000000
0.000000 0.000000 0.000000 0.000000 0.000000 0.000000 0.000000 0.000000 0.000000 0.000000 0.000000 0.000000
0.000000 0.000000 0.000000 0.000000 0.000000 0.000000 0.000000 0.000000 0.000000 0.000000 0.000000 0.000000
0.000000 0.000000 0.000000 0.000000 0.000000 0.000000 0.000000 0.000000 0.000000 0.000000 0.000000 0.000000
0.000000 0.000000 0.000000 0.000000 0.000000 0.000000 0.000000 0.000000 0.000000 0.000000 0.000000 0.000000
0.000000 0.000000 0.000000 0.000000 0.000000 0.000000 0.000000 0.000000 0.000000 0.000000 0.000000 0.000000
0.000000 0.000000 0.000000 0.000000 0.000000 0.000000 0.000000 0.000000 0.000000 0.000000 0.000000 0.000000
0.000000 0.000000 0.000000 0.000000 0.000000 0.000000 0.000000 0.000000 0.000000 0.000000 0.000000 0.000000
0.000000 0.000000 0.000000 0.000000 0.000000 0.000000 0.000000 0.000000 0.000000 0.000000 0.000000 0.000000
0.000000 0.000000 0.000000 0.000000 0.000000 0.000000 0.000000 0.000000 0.000000 0.000000 0.000000 0.000000
0.000000 0.000000 0.000000 0.000000 0.000000 0.000000 0.000000 0.000000 0.000000 0.000000 0.000000 0.000000
0.000000 0.000000 0.000000 0.000000 0.000000 0.000000 0.000000 0.000000 0.000000 0.000000 0.000000 0.000000
0.000000 0.000000 0.000000 0.000000 0.000000 0.000000 0.000000 0.000000 0.000000 0.000000 0.000000 0.000000
0.000000 0.000000 0.000000 0.000000 0.000000 0.000000 0.000000 0.000000 0.000000 0.000000 0.000000 0.000000
0.000000 0.000000 0.000000 0.000000 0.000000 0.000000 0.000000 0.000000 0.000000 0.000000 0.000000 0.000000
0.000000 0.000000 0.000000 0.000000 0.000000 0.000000 0.000000 0.000000 0.000000 0.000000 0.000000 0.000000
0.000000 0.000000 0.000000 0.000000 0.000000 0.000000 0.000000 0.000000 0.000000 0.000000 0.000000 0.000000
0.000000 0.000000 0.000000 0.000000 0.000000 0.000000 0.000000 0.000000 0.000000 0.000000 0.000000 0.000000
0.000000 0.000000 0.000000 0.000000 0.000000 0.000000 0.000000 0.000000 0.000000 0.000000 0.000000 0.000000
0.000000 0.000000 0.000000 0.000000 0.000000 0.000000 0.000000 0.000000 0.000000 0.000000 0.000000 0.000000
