590.140157 -0.030000 0.040000 -9.950000 -0.000000 0.000000 0.000000 0.000000 0.000000 0.000000 0.000000 0.000000
590.171542 -0.020000 0.010000 -8.900000 0.000000 -0.000000 0.000000 0.000000 0.000000 0.000000 0.000000 0.000000
590.202252 0.020000 0.030000 -7.790000 -0.000000 -0.000000 0.000000 1.615198 0.288428 0.000000 9.640000 0.000000
590.229729 0.510000 2.000000 -5.130000 -0.020000 -0.100000 0.230000 4.845593 0.576856 0.000000 24.100000 4.820000
590.263009 0.060000 0.380000 -6.010000 0.060000 0.120000 0.550000 9.691185 0.000000 0.000000 28.920000 28.920000
590.295305 -0.490000 0.520000 -4.870000 0.010000 -0.090000 0.380000 10.825509 -0.276161 0.000000 27.690000 36.920000
590.333668 0.370000 0.420000 -3.330000 -0.140000 -0.070000 0.040000 14.536778 0.000000 0.000000 43.380000 43.380000
590.370562 0.130000 0.960000 -2.900000 -0.080000 -0.010000 0.110000 20.193320 0.144214 0.000000 62.670000 57.850000
590.402675 0.090000 0.370000 -1.840000 -0.200000 0.010000 0.010000 21.654370 0.000000 0.000000 64.620000 64.620000
590.434853 0.250000 -0.570000 -1.250000 0.040000 0.040000 0.020000 27.840375 0.000000 0.000000 83.080000 83.080000
590.468241 -0.520000 -0.040000 -0.830000 0.160000 -0.020000 -0.010000 30.692104 0.000000 0.000000 91.590000 91.590000
590.501679 -0.380000 -1.050000 0.160000 -0.120000 -0.010000 0.030000 30.692104 0.000000 0.000000 91.590000 91.590000
590.530981 0.420000 -0.130000 -0.680000 0.070000 -0.010000 -0.010000 34.798794 0.137931 0.000000 106.150000 101.540000
590.559220 -0.100000 0.430000 0.830000 -0.120000 0.120000 -0.120000 37.960492 -0.144214 0.000000 110.870000 115.690000
590.595424 0.020000 -0.490000 0.130000 -0.050000 0.030000 0.040000 38.751336 -0.291420 0.000000 110.770000 120.510000
590.633732 0.400000 -0.310000 -1.430000 0.180000 0.130000 0.060000 40.383289 0.000000 0.000000 120.510000 120.510000
590.669676 -0.690000 -1.570000 1.210000 -0.010000 0.010000 0.040000 42.806085 0.144214 0.000000 130.150000 125.330000
590.699257 -0.380000 -1.800000 -2.440000 0.080000 0.100000 0.010000 45.228881 0.000000 0.000000 134.970000 134.970000
590.735879 -0.590000 0.530000 1.530000 -0.010000 -0.040000 -0.010000 44.853566 0.000000 0.000000 133.850000 133.850000
590.771622 0.200000 -0.870000 -1.120000 0.200000 -0.070000 0.010000 45.228881 0.000000 0.000000 134.970000 134.970000
590.801248 -0.270000 -0.340000 2.200000 0.000000 0.030000 -0.090000 48.462627 0.000000 0.000000 144.620000 144.620000
590.830731 0.620000 0.540000 1.950000 -0.000000 0.020000 -0.090000 46.398391 0.000000 0.000000 138.460000 138.460000
590.860466 1.400000 0.120000 0.200000 -0.050000 0.060000 -0.060000 47.172480 -0.138230 0.000000 138.460000 143.080000
590.890618 0.040000 0.150000 3.730000 -0.130000 -0.070000 0.030000 50.077825 0.000000 0.000000 149.440000 149.440000
590.920500 0.050000 -0.040000 -0.120000 0.090000 0.080000 -0.090000 50.077825 -0.288428 0.000000 144.620000 154.260000
590.950434 0.510000 1.400000 -0.310000 0.050000 -0.010000 0.120000 49.491394 0.000000 0.000000 147.690000 147.690000
590.979387 0.080000 0.240000 1.020000 0.000000 0.080000 -0.040000 52.500621 -0.144214 0.000000 154.260000 159.080000
591.015105 0.240000 -0.700000 -1.390000 -0.170000 0.010000 0.070000 51.693022 0.000000 0.000000 154.260000 154.260000
591.053880 -0.710000 -0.580000 -1.130000 0.210000 -0.090000 0.040000 50.885423 -0.144214 0.000000 149.440000 154.260000
591.086582 -0.710000 0.240000 -0.140000 0.050000 0.110000 0.010000 53.308220 0.000000 0.000000 159.080000 159.080000
591.124526 -0.210000 -0.950000 -1.670000 -0.050000 0.100000 0.020000 52.500621 -0.144214 0.000000 154.260000 159.080000
591.158428 -0.030000 -0.670000 -1.340000 0.080000 0.100000 -0.110000 51.811984 0.137931 0.000000 156.920000 152.310000
591.195152 -0.820000 0.770000 -0.500000 0.070000 -0.010000 0.110000 50.885423 -0.144214 0.000000 149.440000 154.260000
591.234670 -0.150000 -0.600000 0.490000 0.030000 0.110000 -0.070000 53.308220 0.000000 0.000000 159.080000 159.080000
591.268540 0.180000 0.140000 -0.500000 -0.140000 -0.050000 0.040000 51.039571 0.000000 0.000000 152.310000 152.310000
591.307491 0.470000 -1.090000 -1.390000 0.200000 0.140000 -0.090000 51.811984 -0.137931 0.000000 152.310000 156.920000
591.344383 1.110000 0.160000 -0.200000 -0.040000 0.190000 -0.060000 52.500621 -0.144214 0.000000 154.260000 159.080000
591.382126 0.430000 0.170000 4.810000 -0.170000 -0.090000 0.000000 46.845754 -1.154012 0.000000 120.510000 159.080000
591.412591 -2.190000 -2.440000 2.050000 -0.100000 -0.080000 -0.360000 41.758887 -1.104943 0.000000 106.150000 143.080000
591.440888 0.720000 1.080000 -0.360000 -0.110000 0.030000 -0.660000 40.384964 -1.730868 0.000000 91.590000 149.440000
591.474725 0.070000 -0.870000 0.220000 -0.010000 -0.080000 -0.990000 32.307301 -2.307425 0.000000 57.850000 134.970000
591.507619 0.530000 -0.460000 -2.080000 0.040000 0.000000 -1.140000 26.652434 -2.451938 0.000000 38.560000 120.510000
591.541657 -0.680000 -1.190000 0.910000 0.060000 0.090000 -1.290000 19.332105 -2.899840 0.000000 9.230000 106.150000
591.570210 -0.130000 0.160000 -0.410000 -0.060000 0.030000 -1.530000 17.768848 -3.173009 0.000000 0.000000 106.050000
591.598431 0.800000 0.530000 -1.800000 0.060000 0.130000 -1.840000 15.466689 -2.761909 0.000000 0.000000 92.310000
591.631859 0.870000 0.470000 -0.100000 -0.010000 -0.020000 -2.270000 13.730854 -2.451938 0.000000 0.000000 81.950000
591.669232 -0.020000 1.360000 -0.960000 0.030000 -0.030000 -2.380000 14.538453 -2.596152 0.000000 0.000000 86.770000
591.699125 -0.030000 1.090000 -1.160000 0.010000 -0.020000 -2.560000 11.308058 -2.884580 0.000000 -14.460000 81.950000
591.735193 -0.310000 0.870000 -0.730000 -0.010000 0.030000 -2.630000 10.053096 -2.899840 0.000000 -18.460000 78.460000
591.773122 0.370000 1.020000 0.090000 0.050000 -0.020000 -2.830000 8.885262 -3.028795 0.000000 -24.100000 77.130000
591.802411 -0.510000 0.610000 0.300000 0.030000 0.030000 -2.780000 8.077663 -3.173009 0.000000 -28.920000 77.130000
591.831625 0.020000 0.220000 1.140000 0.000000 -0.010000 -2.930000 6.960094 -3.176300 0.000000 -32.310000 73.850000
591.860230 -0.170000 0.780000 0.790000 -0.000000 -0.020000 -2.980000 5.946407 -3.080855 0.000000 -33.740000 69.230000
591.891420 -0.270000 -0.160000 0.950000 0.020000 -0.000000 -3.100000 6.462466 -3.461437 0.000000 -38.560000 77.130000
591.921294 -0.180000 0.630000 0.510000 0.000000 -0.040000 -3.240000 4.847268 -3.461437 0.000000 -43.380000 72.310000
591.951755 -0.200000 -0.190000 -0.160000 0.020000 0.020000 -3.210000 4.641180 -3.590392 0.000000 -46.150000 73.850000
591.979655 0.260000 0.380000 0.600000 0.010000 -0.000000 -3.320000 5.654867 -3.605651 0.000000 -43.380000 77.130000
592.013280 -0.290000 -0.660000 -0.060000 0.000000 0.020000 -3.390000 3.867091 -3.728622 0.000000 -50.770000 73.850000
592.048593 -0.000000 0.640000 -0.030000 0.020000 0.000000 -3.540000 4.845593 -3.750164 0.000000 -48.210000 77.130000
592.086247 -0.540000 0.150000 0.180000 0.000000 -0.050000 -3.440000 4.037994 -3.894378 0.000000 -53.030000 77.130000
592.121489 0.670000 0.660000 -0.030000 -0.040000 0.030000 -3.610000 4.845593 -4.038592 0.000000 -53.030000 81.950000
592.152889 -0.470000 0.890000 -0.610000 -0.020000 -0.020000 -3.300000 8.506595 -3.728322 0.000000 -36.920000 87.690000
592.182293 0.830000 0.980000 -1.280000 0.030000 -0.080000 -3.120000 9.692861 -3.749865 0.000000 -33.740000 91.590000
592.209872 -0.670000 1.030000 0.570000 0.010000 0.000000 -2.710000 17.768848 -2.884580 0.000000 4.820000 101.230000
592.244079 0.030000 -0.180000 0.200000 0.010000 -0.020000 -2.410000 18.559692 -2.485449 0.000000 13.850000 96.920000
592.281970 1.450000 -0.780000 -0.490000 -0.010000 0.020000 -2.380000 22.426783 -2.071357 0.000000 32.310000 101.540000
592.312308 -0.080000 0.800000 1.090000 -0.040000 -0.020000 -2.060000 27.461709 -2.018997 0.000000 48.210000 115.690000
592.341918 -0.700000 0.260000 -1.340000 -0.170000 0.040000 -1.510000 26.654110 -1.586355 0.000000 53.030000 106.050000
592.371901 0.020000 -0.910000 -1.270000 0.030000 -0.020000 -1.100000 30.159289 -1.518736 0.000000 64.620000 115.380000
592.400136 0.910000 -1.020000 -0.220000 0.170000 0.050000 -0.910000 33.922499 -1.442141 0.000000 77.130000 125.330000
592.431163 0.280000 -0.710000 -0.150000 -0.050000 -0.080000 -0.770000 36.345295 -0.721070 0.000000 96.410000 120.510000
592.460539 0.060000 0.240000 -1.000000 0.050000 0.060000 -0.570000 37.152894 -0.865284 0.000000 96.410000 125.330000
592.491733 -0.470000 0.150000 1.600000 -0.070000 -0.020000 -0.380000 39.575690 -0.721070 0.000000 106.050000 130.150000
592.521943 -0.660000 -1.090000 1.940000 -0.110000 -0.060000 -0.260000 42.806085 -0.432642 0.000000 120.510000 134.970000
592.551957 -0.610000 -1.330000 0.020000 -0.100000 -0.030000 -0.110000 41.758887 -0.276161 0.000000 120.000000 129.230000
592.582023 0.900000 -0.390000 0.620000 0.060000 -0.090000 -0.050000 40.383289 0.288428 0.000000 125.330000 115.690000
592.611618 0.720000 0.130000 2.430000 0.050000 0.060000 -0.010000 38.768091 0.576856 0.000000 125.330000 106.050000
592.641418 -0.140000 -0.560000 0.380000 0.010000 0.090000 0.100000 36.346970 0.966713 0.000000 124.620000 92.310000
592.671262 -0.670000 -0.710000 0.300000 -0.080000 -0.030000 0.350000 34.798794 0.690253 0.000000 115.380000 92.310000
592.699624 -0.690000 -0.910000 -1.380000 -0.040000 0.080000 0.540000 33.114900 0.721070 0.000000 110.870000 86.770000
592.736123 -0.480000 -1.050000 -1.280000 0.160000 -0.140000 0.570000 27.461709 1.153713 0.000000 101.230000 62.670000
592.773462 -0.150000 -1.790000 0.590000 -0.110000 -0.150000 0.770000 23.971609 1.519035 0.000000 96.920000 46.150000
592.810091 -0.060000 -0.090000 -1.130000 -0.060000 0.080000 1.090000 21.806842 1.875082 0.000000 96.410000 33.740000
592.846254 -0.570000 -0.020000 1.140000 0.110000 0.110000 1.360000 15.346052 2.451938 0.000000 86.770000 4.820000
592.880491 -1.450000 0.300000 0.650000 -0.060000 0.050000 1.690000 12.115657 2.451938 0.000000 77.130000 -4.820000
592.910286 -0.430000 0.580000 -0.670000 -0.020000 0.050000 2.030000 12.373686 2.209587 0.000000 73.850000 0.000000
592.939489 0.890000 1.250000 0.100000 -0.010000 0.040000 2.060000 12.115657 2.163510 0.000000 72.310000 0.000000
592.968374 0.430000 0.110000 -0.770000 0.060000 0.090000 2.150000 10.825509 2.209587 0.000000 69.230000 -4.620000
593.004241 0.550000 0.440000 0.990000 0.100000 0.070000 2.380000 8.885262 2.740366 0.000000 72.310000 -19.280000
593.038944 1.170000 -0.030000 1.770000 0.020000 0.080000 2.680000 8.077663 2.884580 0.000000 72.310000 -24.100000
593.076010 -0.150000 0.820000 -0.300000 -0.020000 0.030000 2.840000 5.946407 3.080855 0.000000 69.230000 -33.740000
593.110759 0.830000 0.050000 -0.750000 0.080000 0.120000 2.930000 5.413592 3.176001 0.000000 69.230000 -36.920000
593.138711 0.210000 0.470000 0.850000 0.050000 0.090000 2.960000 5.654867 3.317223 0.000000 72.310000 -38.560000
593.171328 0.110000 -0.180000 -1.180000 0.040000 0.100000 3.140000 4.037994 3.605950 0.000000 72.310000 -48.210000
593.202621 -0.610000 0.480000 -0.510000 0.030000 0.060000 3.240000 4.641180 3.590392 0.000000 73.850000 -46.150000
593.232219 -0.340000 -0.210000 -0.410000 0.010000 0.040000 3.340000 4.037994 3.605950 0.000000 72.310000 -48.210000
593.261117 -0.030000 0.400000 -0.470000 -0.010000 0.020000 3.380000 4.037994 3.894378 0.000000 77.130000 -53.030000
593.295315 -0.580000 0.340000 -0.030000 0.020000 0.040000 3.420000 3.230395 3.750164 0.000000 72.310000 -53.030000
593.328544 0.340000 0.190000 -0.590000 -0.000000 0.020000 3.460000 3.094678 3.866553 0.000000 73.850000 -55.380000
593.366469 -0.920000 0.980000 -0.220000 0.050000 0.070000 3.410000 3.230395 3.750164 0.000000 72.310000 -53.030000
593.401283 0.750000 1.030000 0.810000 -0.020000 0.030000 3.110000 5.413592 3.452461 0.000000 73.850000 -41.540000
593.429713 0.010000 0.240000 0.670000 -0.060000 -0.020000 2.830000 10.500459 2.740366 0.000000 77.130000 -14.460000
593.458683 -0.280000 0.900000 -0.640000 -0.110000 -0.030000 2.390000 13.730854 2.740366 0.000000 86.770000 -4.820000
593.495913 0.600000 0.170000 -1.580000 -0.020000 -0.040000 2.010000 18.576447 1.875082 0.000000 86.770000 24.100000
593.531747 -1.370000 2.750000 -1.810000 0.190000 0.110000 1.630000 21.652694 1.657265 0.000000 92.310000 36.920000
593.562034 -0.040000 0.010000 2.930000 0.050000 0.010000 1.240000 22.614441 1.730868 0.000000 96.410000 38.560000
593.589738 0.110000 -1.000000 2.070000 -0.100000 0.020000 1.020000 28.269307 1.297927 0.000000 106.050000 62.670000
593.627494 0.260000 -0.980000 -0.530000 -0.010000 -0.080000 0.710000 29.386877 0.828483 0.000000 101.540000 73.850000
593.661162 -0.050000 -1.050000 -0.690000 -0.010000 -0.000000 0.460000 33.252292 0.690552 0.000000 110.770000 87.690000
593.691634 0.090000 -0.830000 1.060000 -0.060000 -0.170000 0.380000 36.345295 0.432642 0.000000 115.690000 101.230000
593.721129 0.950000 0.180000 -0.400000 0.000000 -0.110000 0.120000 35.537696 0.288428 0.000000 110.870000 101.230000
593.751223 -0.450000 -0.860000 2.120000 -0.120000 -0.090000 0.230000 38.665885 0.276161 0.000000 120.000000 110.770000
593.779020 0.780000 -0.570000 -1.790000 0.090000 0.100000 0.050000 41.190887 0.144214 0.000000 125.330000 120.510000
593.816037 -0.120000 -0.610000 -0.570000 0.100000 0.070000 0.120000 43.613684 0.000000 0.000000 130.150000 130.150000
593.850796 0.510000 -1.420000 -3.680000 -0.110000 0.030000 -0.030000 42.806085 0.144214 0.000000 130.150000 125.330000
593.887785 -0.410000 -0.970000 1.720000 -0.100000 0.080000 0.070000 46.036480 0.144214 0.000000 139.790000 134.970000
593.921944 0.020000 -0.180000 1.140000 -0.030000 0.070000 -0.040000 46.844079 0.000000 0.000000 139.790000 139.790000
593.953379 -0.580000 -0.010000 1.060000 -0.130000 0.060000 0.050000 46.398391 0.000000 0.000000 138.460000 138.460000
593.985597 0.400000 -0.560000 -1.380000 -0.040000 -0.110000 -0.090000 46.844079 0.000000 0.000000 139.790000 139.790000
594.020466 -0.630000 -0.690000 1.460000 -0.130000 -0.150000 0.080000 50.077825 0.000000 0.000000 149.440000 149.440000
594.050456 -0.210000 -0.620000 0.380000 -0.110000 0.030000 -0.070000 47.946568 0.000000 0.000000 143.080000 143.080000
594.078298 0.680000 1.350000 -0.760000 -0.170000 0.080000 0.040000 49.491394 0.000000 0.000000 147.690000 147.690000
594.115994 0.270000 -0.150000 0.400000 -0.050000 0.070000 0.010000 50.885423 0.144214 0.000000 154.260000 149.440000
594.149735 0.620000 0.990000 -1.850000 -0.060000 -0.160000 0.040000 53.308220 0.000000 0.000000 159.080000 159.080000
594.180797 -0.100000 0.090000 -1.040000 0.120000 0.120000 -0.030000 49.491394 0.000000 0.000000 147.690000 147.690000
594.210526 0.530000 0.070000 -0.430000 -0.100000 0.130000 -0.050000 52.500621 -0.144214 0.000000 154.260000 159.080000
594.240348 0.090000 -0.150000 2.770000 -0.140000 -0.140000 0.060000 53.308220 0.000000 0.000000 159.080000 159.080000
594.269164 -0.190000 -0.500000 -0.980000 0.060000 -0.050000 -0.070000 50.077825 0.000000 0.000000 149.440000 149.440000
594.297591 -0.100000 0.370000 -1.950000 -0.140000 0.130000 0.040000 51.039571 0.000000 0.000000 152.310000 152.310000
594.331003 0.600000 0.510000 0.770000 0.070000 0.020000 -0.000000 53.308220 0.000000 0.000000 159.080000 159.080000
594.368883 -1.220000 -0.110000 -0.840000 0.100000 -0.090000 -0.070000 51.039571 0.000000 0.000000 152.310000 152.310000
594.402009 0.620000 0.530000 0.960000 0.080000 0.160000 -0.100000 49.270226 -0.144214 0.000000 144.620000 149.440000
594.436189 0.730000 0.050000 1.670000 -0.060000 -0.050000 -0.050000 49.270226 -0.144214 0.000000 144.620000 149.440000
594.470175 -0.510000 -0.680000 2.600000 -0.110000 -0.180000 -0.000000 46.844079 0.000000 0.000000 139.790000 139.790000
594.498745 -0.700000 0.280000 0.560000 -0.060000 -0.150000 -0.080000 43.305389 0.000000 0.000000 129.230000 129.230000
594.532380 0.220000 0.640000 -1.170000 0.000000 -0.020000 0.060000 42.806085 -0.144214 0.000000 125.330000 130.150000
594.568103 0.050000 -3.170000 3.280000 -0.100000 -0.120000 0.130000 35.537696 0.000000 0.000000 106.050000 106.050000
594.608874 -0.100000 -1.910000 -1.010000 -0.130000 -0.130000 0.030000 31.705791 -0.137931 0.000000 92.310000 96.920000
594.642306 -0.470000 0.200000 -3.570000 0.060000 -0.060000 -0.040000 25.519785 -0.137931 0.000000 73.850000 78.460000
594.671580 0.350000 -0.410000 0.850000 -0.030000 0.030000 0.030000 25.038912 -0.144214 0.000000 72.310000 77.130000
594.704652 0.190000 -0.150000 0.010000 0.010000 0.120000 -0.080000 19.385721 0.000000 0.000000 57.850000 57.850000
594.738301 -0.370000 -0.960000 -0.690000 0.020000 -0.020000 -0.020000 10.053096 -0.138230 0.000000 27.690000 32.310000
594.775417 -0.420000 0.530000 -0.370000 0.020000 -0.020000 0.020000 6.460790 0.000000 0.000000 19.280000 19.280000
594.806972 0.080000 1.360000 -0.480000 0.020000 -0.000000 0.020000 0.807599 0.144214 0.000000 4.820000 0.000000
594.839910 0.070000 1.910000 -0.740000 -0.020000 0.000000 -0.020000 0.000000 0.000000 0.000000 0.000000 0.000000
594.874627 -0.330000 1.780000 0.340000 0.030000 0.000000 0.010000 0.000000 0.000000 0.000000 0.000000 0.000000
594.903474 0.240000 1.550000 -0.530000 -0.020000 0.010000 0.000000 0.000000 0.000000 0.000000 0.000000 0.000000
594.932991 -0.460000 0.830000 0.310000 0.010000 0.010000 0.000000 0.000000 0.000000 0.000000 0.000000 0.000000
594.970753 0.120000 0.390000 -0.170000 -0.000000 -0.010000 -0.010000 0.000000 0.000000 0.000000 0.000000 0.000000
595.003373 0.440000 0.250000 -0.590000 0.010000 -0.000000 -0.000000 0.000000 0.000000 0.000000 0.000000 0.000000
595.034205 -0.230000 0.670000 0.190000 -0.000000 0.020000 0.010000 0.000000 0.000000 0.000000 0.000000 0.000000
595.069450 -0.190000 0.370000 -0.020000 -0.000000 0.000000 0.000000 0.000000 0.000000 0.000000 0.000000 0.000000
595.097036 0.090000 -0.120000 0.170000 -0.000000 -0.020000 -0.010000 0.000000 0.000000 0.000000 0.000000 0.000000
595.128873 0.230000 -0.450000 -0.150000 -0.000000 0.010000 0.000000 0.000000 0.000000 0.000000 0.000000 0.000000
595.161870 -0.120000 -0.190000 -0.040000 0.000000 0.010000 0.000000 0.000000 0.000000 0.000000 0.000000 0.000000
595.199478 -0.240000 0.100000 0.090000 0.000000 -0.010000 -0.000000 0.000000 0.000000 0.000000 0.000000 0.000000
595.228597 0.270000 0.070000 -0.140000 0.000000 0.000000 -0.000000 0.000000 0.000000 0.000000 0.000000 0.000000
595.260927 -0.030000 -0.130000 0.000000 -0.000000 0.020000 -0.000000 0.000000 0.000000 0.000000 0.000000 0.000000
595.290324 -0.210000 -0.250000 0.120000 0.000000 -0.000000 -0.000000 0.000000 0.000000 0.000000 0.000000 0.000000
595.317275 0.260000 -0.130000 -0.220000 0.000000 -0.010000 0.000000 0.000000 0.000000 0.000000 0.000000 0.000000
595.348396 0.240000 0.010000 0.080000 0.000000 0.010000 0.000000 0.000000 0.000000 0.000000 0.000000 0.000000
595.382174 -0.480000 -0.160000 -0.220000 -0.000000 0.010000 -0.000000 0.000000 0.000000 0.000000 0.000000 0.000000
595.409126 0.040000 0.060000 -0.160000 0.010000 -0.010000 0.000000 0.000000 0.000000 0.000000 0.000000 0.000000
595.444205 0.380000 -0.220000 0.400000 -0.010000 -0.000000 -0.000000 0.000000 0.000000 0.000000 0.000000 0.000000
595.479376 -0.150000 -0.310000 -0.000000 -0.010000 0.020000 -0.010000 0.000000 0.000000 0.000000 0.000000 0.000000
595.506886 -0.290000 -0.230000 -0.130000 0.000000 -0.000000 0.000000 0.000000 0.000000 0.000000 0.000000 0.000000
595.538939 0.300000 -0.010000 0.060000 -0.000000 -0.020000 0.000000 0.000000 0.000000 0.000000 0.000000 0.000000
595.576942 -0.020000 0.310000 -0.020000 -0.000000 0.010000 -0.000000 0.000000 0.000000 0.000000 0.000000 0.000000
595.613200 -0.370000 0.160000 0.150000 -0.000000 0.010000 0.000000 0.000000 0.000000 0.000000 0.000000 0.000000
595.642233 0.130000 -0.220000 -0.060000 -0.000000 -0.010000 0.000000 0.000000 0.000000 0.000000 0.000000 0.000000
595.669234 0.290000 -0.040000 0.200000 -0.000000 0.000000 -0.000000 0.000000 0.000000 0.000000 0.000000 0.000000
595.702559 -0.120000 -0.470000 -0.030000 -0.000000 0.010000 0.000000 0.000000 0.000000 0.000000 0.000000 0.000000
595.729890 0.010000 -0.460000 -0.050000 0.000000 -0.010000 -0.010000 0.000000 0.000000 0.000000 0.000000 0.000000
595.763225 0.150000 0.270000 0.050000 -0.000000 -0.000000 0.010000 0.000000 0.000000 0.000000 0.000000 0.000000
595.792654 -0.330000 0.320000 0.020000 -0.000000 0.010000 -0.000000 0.000000 0.000000 0.000000 0.000000 0.000000
595.819645 -0.230000 0.100000 0.070000 -0.000000 -0.010000 0.000000 0.000000 0.000000 0.000000 0.000000 0.000000
595.853547 0.380000 -0.370000 -0.100000 -0.000000 -0.010000 0.000000 0.000000 0.000000 0.000000 0.000000 0.000000
595.887986 0.030000 -0.260000 -0.000000 -0.000000 0.010000 -0.000000 0.000000 0.000000 0.000000 0.000000 0.000000
595.921514 -0.230000 -0.010000 0.100000 -0.000000 -0.010000 -0.000000 0.000000 0.000000 0.000000 0.000000 0.000000
595.950498 0.050000 0.080000 -0.140000 0.000000 -0.010000 0.000000 0.000000 0.000000 0.000000 0.000000 0.000000
595.980884 0.190000 0.210000 -0.170000 -0.000000 0.000000 0.000000 0.000000 0.000000 0.000000 0.000000 0.000000
596.008247 -0.250000 -0.100000 0.150000 -0.000000 -0.000000 -0.000000 0.000000 0.000000 0.000000 0.000000 0.000000
596.040961 -0.110000 -0.080000 -0.030000 0.000000 -0.020000 -0.000000 0.000000 0.000000 0.000000 0.000000 0.000000
596.073104 0.440000 0.170000 -0.360000 0.000000 -0.000000 0.000000 0.000000 0.000000 0.000000 0.000000 0.000000
596.100424 -0.240000 0.280000 0.010000 -0.000000 0.020000 -0.000000 0.000000 0.000000 0.000000 0.000000 0.000000
596.128096 -0.520000 0.360000 0.070000 -0.000000 -0.010000 -0.000000 0.000000 0.000000 0.000000 0.000000 0.000000
596.160259 0.440000 -0.300000 -0.050000 0.000000 -0.010000 -0.000000 0.000000 0.000000 0.000000 0.000000 0.000000
596.190467 0.290000 -0.410000 0.020000 -0.000000 0.010000 0.000000 0.000000 0.000000 0.000000 0.000000 0.000000
596.218872 -0.450000 -0.190000 0.160000 0.000000 0.000000 0.000000 0.000000 0.000000 0.000000 0.000000 0.000000
596.250547 -0.030000 0.180000 0.020000 0.000000 -0.020000 0.000000 0.000000 0.000000 0.000000 0.000000 0.000000
596.278407 0.440000 0.080000 -0.070000 -0.000000 0.000000 -0.000000 0.000000 0.000000 0.000000 0.000000 0.000000
596.315943 -0.120000 -0.340000 0.050000 -0.000000 0.010000 -0.010000 0.000000 0.000000 0.000000 0.000000 0.000000
596.350952 -0.300000 -0.260000 0.140000 0.000000 -0.010000 -0.000000 0.000000 0.000000 0.000000 0.000000 0.000000
596.382104 0.440000 0.240000 -0.090000 0.000000 -0.010000 0.010000 0.000000 0.000000 0.000000 0.000000 0.000000
596.412597 0.110000 0.300000 -0.000000 -0.000000 0.010000 -0.000000 0.000000 0.000000 0.000000 0.000000 0.000000
596.439961 -0.400000 -0.290000 0.100000 0.000000 -0.000000 -0.010000 0.000000 0.000000 0.000000 0.000000 0.000000
596.475370 0.140000 -0.240000 -0.030000 0.000000 -0.020000 0.000000 0.000000 0.000000 0.000000 0.000000 0.000000
596.508371 0.250000 0.230000 -0.170000 -0.000000 0.010000 0.010000 0.000000 0.000000 0.000000 0.000000 0.000000
596.542275 -0.380000 0.110000 0.070000 -0.000000 0.010000 -0.000000 0.000000 0.000000 0.000000 0.000000 0.000000
596.571391 -0.150000 -0.300000 0.020000 0.000000 -0.020000 -0.010000 0.000000 0.000000 0.000000 0.000000 0.000000
596.598286 0.370000 -0.130000 -0.060000 0.000000 -0.000000 0.000000 0.000000 0.000000 0.000000 0.000000 0.000000
596.630940 -0.170000 0.130000 0.040000 -0.000000 0.010000 0.000000 0.000000 0.000000 0.000000 0.000000 0.000000
596.658876 -0.350000 0.050000 0.110000 0.000000 -0.010000 0.000000 0.000000 0.000000 0.000000 0.000000 0.000000
596.691178 0.310000 -0.030000 -0.090000 0.000000 -0.010000 -0.000000 0.000000 0.000000 0.000000 0.000000 0.000000
596.718908 0.190000 -0.140000 -0.000000 -0.000000 0.010000 -0.000000 0.000000 0.000000 0.000000 0.000000 0.000000
596.751263 -0.350000 -0.060000 0.150000 0.000000 0.010000 0.000000 0.000000 0.000000 0.000000 0.000000 0.000000
596.778118 -0.020000 0.130000 0.010000 0.000000 -0.010000 0.000000 0.000000 0.000000 0.000000 0.000000 0.000000
596.810504 0.360000 0.070000 -0.070000 -0.000000 0.000000 -0.000000 0.000000 0.000000 0.000000 0.000000 0.000000
596.838907 -0.110000 -0.180000 0.080000 -0.010000 0.010000 -0.000000 0.000000 0.000000 0.000000 0.000000 0.000000
596.878065 -0.230000 -0.030000 0.040000 0.010000 -0.010000 -0.000000 0.000000 0.000000 0.000000 0.000000 0.000000
596.914024 0.290000 0.220000 -0.130000 0.000000 -0.000000 0.000000 0.000000 0.000000 0.000000 0.000000 0.000000
596.948061 0.000000 0.130000 -0.020000 -0.010000 0.010000 -0.000000 0.000000 0.000000 0.000000 0.000000 0.000000
596.985563 -0.300000 -0.220000 0.150000 -0.000000 -0.000000 -0.000000 0.000000 0.000000 0.000000 0.000000 0.000000
597.018217 0.130000 -0.010000 -0.070000 0.000000 -0.010000 -0.000000 0.000000 0.000000 0.000000 0.000000 0.000000
597.050088 0.190000 0.190000 -0.080000 -0.000000 0.010000 0.000000 0.000000 0.000000 0.000000 0.000000 0.000000
597.077322 -0.220000 0.060000 0.110000 -0.000000 0.010000 0.000000 0.000000 0.000000 0.000000 0.000000 0.000000
597.109314 -0.070000 -0.180000 0.030000 0.000000 -0.010000 -0.000000 0.000000 0.000000 0.000000 0.000000 0.000000
597.141890 0.300000 0.020000 -0.130000 -0.000000 -0.000000 -0.000000 0.000000 0.000000 0.000000 0.000000 0.000000
597.172082 -0.070000 0.060000 0.030000 -0.000000 0.010000 0.000000 0.000000 0.000000 0.000000 0.000000 0.000000
597.199207 -0.250000 0.070000 0.030000 0.000000 -0.010000 -0.000000 0.000000 0.000000 0.000000 0.000000 0.000000
597.231500 0.220000 -0.080000 -0.090000 -0.000000 -0.010000 -0.000000 0.000000 0.000000 0.000000 0.000000 0.000000
597.258944 0.150000 -0.020000 -0.050000 -0.000000 0.010000 0.000000 0.000000 0.000000 0.000000 0.000000 0.000000
597.295689 -0.300000 0.020000 0.100000 0.000000 0.000000 -0.000000 0.000000 0.000000 0.000000 0.000000 0.000000
597.328196 0.000000 0.050000 -0.090000 0.000000 -0.010000 -0.000000 0.000000 0.000000 0.000000 0.000000 0.000000
597.365486 0.300000 -0.010000 -0.040000 -0.000000 0.000000 0.000000 0.000000 0.000000 0.000000 0.000000 0.000000
597.399109 -0.110000 -0.150000 0.080000 -0.000000 0.010000 0.000000 0.000000 0.000000 0.000000 0.000000 0.000000
597.425997 -0.150000 0.040000 0.080000 0.000000 -0.010000 0.000000 0.000000 0.000000 0.000000 0.000000 0.000000
597.461736 0.170000 0.160000 -0.080000 0.000000 -0.000000 0.000000 0.000000 0.000000 0.000000 0.000000 0.000000
597.488889 0.050000 0.030000 -0.010000 -0.000000 0.010000 -0.000000 0.000000 0.000000 0.000000 0.000000 0.000000
597.521469 -0.290000 -0.180000 0.120000 -0.000000 -0.000000 -0.000000 0.000000 0.000000 0.000000 0.000000 0.000000
597.550237 0.100000 0.030000 -0.020000 0.000000 -0.010000 0.000000 0.000000 0.000000 0.000000 0.000000 0.000000
597.577659 0.190000 0.130000 -0.040000 0.000000 0.010000 0.000000 0.000000 0.000000 0.000000 0.000000 0.000000
597.612989 -0.220000 -0.030000 0.060000 -0.000000 0.010000 -0.000000 0.000000 0.000000 0.000000 0.000000 0.000000
597.641621 -0.060000 -0.150000 -0.010000 0.000000 -0.010000 -0.000000 0.000000 0.000000 0.000000 0.000000 0.000000
597.671406 0.210000 0.030000 -0.180000 0.000000 -0.000000 -0.000000 0.000000 0.000000 0.000000 0.000000 0.000000
597.703316 -0.100000 0.020000 0.030000 -0.000000 0.010000 -0.000000 0.000000 0.000000 0.000000 0.000000 0.000000
597.733191 -0.180000 -0.070000 0.060000 0.000000 -0.000000 -0.000000 0.000000 0.000000 0.000000 0.000000 0.000000
597.762794 0.170000 -0.050000 -0.150000 -0.000000 -0.000000 0.000000 0.000000 0.000000 0.000000 0.000000 0.000000
597.791064 0.160000 0.000000 -0.020000 0.000000 0.010000 0.000000 0.000000 0.000000 0.000000 0.000000 0.000000
597.829273 -0.210000 0.020000 0.070000 -0.000000 0.000000 -0.000000 0.000000 0.000000 0.000000 0.000000 0.000000
597.856440 0.060000 0.040000 0.110000 0.000000 -0.010000 -0.000000 0.000000 0.000000 0.000000 0.000000 0.000000
597.889052 0.150000 -0.030000 -0.040000 -0.000000 0.000000 0.000000 0.000000 0.000000 0.000000 0.000000 0.000000
597.916457 -0.120000 -0.050000 0.100000 -0.000000 0.000000 -0.000000 0.000000 0.000000 0.000000 0.000000 0.000000
597.950590 -0.110000 0.060000 0.100000 0.000000 -0.000000 0.000000 0.000000 0.000000 0.000000 0.000000 0.000000
597.990179 0.180000 0.140000 -0.130000 -0.000000 -0.000000 0.000000 0.000000 0.000000 0.000000 0.000000 0.000000
598.018503 0.040000 -0.020000 0.020000 -0.000000 0.010000 -0.000000 0.000000 0.000000 0.000000 0.000000 0.000000
598.050913 -0.180000 -0.110000 0.100000 -0.000000 -0.000000 0.000000 0.000000 0.000000 0.000000 0.000000 0.000000
598.077730 0.120000 0.040000 -0.090000 0.010000 -0.010000 0.000000 0.000000 0.000000 0.000000 0.000000 0.000000
598.111181 0.140000 0.090000 -0.070000 0.000000 0.000000 -0.000000 0.000000 0.000000 0.000000 0.000000 0.000000
598.141011 -0.190000 -0.070000 0.050000 -0.000000 0.000000 0.000000 0.000000 0.000000 0.000000 0.000000 0.000000
598.168107 -0.040000 -0.100000 0.050000 0.000000 -0.010000 0.000000 0.000000 0.000000 0.000000 0.000000 0.000000
598.204906 0.200000 0.040000 -0.120000 -0.000000 -0.000000 0.000000 0.000000 0.000000 0.000000 0.000000 0.000000
598.240234 -0.080000 0.070000 0.010000 0.000000 0.010000 -0.000000 0.000000 0.000000 0.000000 0.000000 0.000000
598.269078 -0.170000 -0.070000 0.110000 0.000000 -0.000000 -0.000000 0.000000 0.000000 0.000000 0.000000 0.000000
598.306251 0.140000 -0.040000 -0.080000 -0.000000 -0.010000 -0.000000 0.000000 0.000000 0.000000 0.000000 0.000000
598.337652 0.040000 0.020000 -0.010000 -0.000000 0.010000 0.000000 0.000000 0.000000 0.000000 0.000000 0.000000
598.371010 -0.190000 0.020000 0.120000 0.000000 0.000000 0.000000 0.000000 0.000000 0.000000 0.000000 0.000000
598.397705 0.040000 0.020000 -0.110000 -0.000000 -0.010000 0.000000 0.000000 0.000000 0.000000 0.000000 0.000000
598.434319 0.200000 -0.000000 -0.070000 -0.000000 0.000000 0.000000 0.000000 0.000000 0.000000 0.000000 0.000000
598.465898 -0.190000 0.050000 0.040000 -0.000000 0.010000 0.000000 0.000000 0.000000 0.000000 0.000000 0.000000
598.500488 -0.130000 0.000000 0.060000 0.010000 -0.000000 -0.000000 0.000000 0.000000 0.000000 0.000000 0.000000
598.527317 0.210000 0.020000 -0.050000 0.000000 -0.000000 0.000000 0.000000 0.000000 0.000000 0.000000 0.000000
598.559952 -0.010000 -0.090000 0.020000 -0.000000 0.010000 -0.000000 0.000000 0.000000 0.000000 0.000000 0.000000
598.597522 -0.180000 -0.040000 0.010000 0.000000 0.000000 0.000000 0.000000 0.000000 0.000000 0.000000 0.000000
598.631635 0.140000 0.070000 -0.090000 0.000000 -0.010000 -0.000000 0.000000 0.000000 0.000000 0.000000 0.000000
598.658485 0.130000 -0.020000 0.010000 -0.000000 0.010000 0.000000 0.000000 0.000000 0.000000 0.000000 0.000000
598.691590 -0.190000 -0.120000 -0.020000 -0.000000 0.000000 0.000000 0.000000 0.000000 0.000000 0.000000 0.000000
598.722643 0.030000 -0.010000 0.080000 0.000000 -0.010000 0.000000 0.000000 0.000000 0.000000 0.000000 0.000000
598.751270 0.180000 0.100000 -0.040000 0.000000 0.000000 0.000000 0.000000 0.000000 0.000000 0.000000 0.000000
598.779366 -0.100000 0.000000 0.030000 -0.000000 0.010000 0.000000 0.000000 0.000000 0.000000 0.000000 0.000000
598.816910 -0.130000 -0.130000 0.060000 -0.000000 -0.000000 -0.000000 0.000000 0.000000 0.000000 0.000000 0.000000
598.853236 0.120000 0.040000 -0.040000 0.000000 -0.010000 0.000000 0.000000 0.000000 0.000000 0.000000 0.000000
598.887719 0.030000 0.080000 -0.060000 0.000000 0.010000 -0.000000 0.000000 0.000000 0.000000 0.000000 0.000000
598.925979 -0.230000 -0.030000 0.100000 0.000000 -0.000000 -0.000000 0.000000 0.000000 0.000000 0.000000 0.000000
598.957737 0.030000 0.010000 -0.040000 0.000000 -0.010000 -0.000000 0.000000 0.000000 0.000000 0.000000 0.000000
598.995995 0.200000 0.040000 0.000000 -0.000000 0.000000 0.000000 0.000000 0.000000 0.000000 0.000000 0.000000
599.032387 -0.040000 0.010000 -0.010000 -0.000000 0.000000 -0.000000 0.000000 0.000000 0.000000 0.000000 0.000000
599.060899 -0.080000 0.050000 0.090000 0.000000 -0.000000 0.000000 0.000000 0.000000 0.000000 0.000000 0.000000
599.090386 0.090000 -0.010000 -0.040000 -0.000000 0.000000 0.000000 0.000000 0.000000 0.000000 0.000000 0.000000
599.117684 0.000000 -0.010000 -0.030000 -0.000000 0.010000 0.000000 0.000000 0.000000 0.000000 0.000000 0.000000
599.152052 -0.040000 0.040000 -0.030000 0.000000 -0.000000 0.000000 0.000000 0.000000 0.000000 0.000000 0.000000
599.179153 0.080000 0.060000 -0.060000 0.000000 -0.000000 -0.000000 0.000000 0.000000 0.000000 0.000000 0.000000
599.214574 0.080000 -0.030000 -0.040000 -0.000000 0.000000 -0.000000 0.000000 0.000000 0.000000 0.000000 0.000000
599.246585 -0.140000 -0.060000 -0.010000 -0.000000 0.000000 0.000000 0.000000 0.000000 0.000000 0.000000 0.000000
599.281027 -0.050000 -0.020000 -0.060000 -0.000000 -0.000000 -0.000000 0.000000 0.000000 0.000000 0.000000 0.000000
599.313506 0.140000 0.080000 -0.090000 -0.000000 0.000000 -0.000000 0.000000 0.000000 0.000000 0.000000 0.000000
599.350163 -0.030000 0.010000 0.140000 -0.000000 0.000000 -0.000000 0.000000 0.000000 0.000000 0.000000 0.000000
599.378216 -0.030000 -0.080000 0.020000 0.000000 -0.000000 -0.000000 0.000000 0.000000 0.000000 0.000000 0.000000
599.412391 0.050000 0.040000 -0.110000 0.000000 -0.000000 -0.000000 0.000000 0.000000 0.000000 0.000000 0.000000
599.441703 -0.020000 0.060000 -0.000000 -0.000000 0.000000 0.000000 0.000000 0.000000 0.000000 0.000000 0.000000
599.470506 -0.130000 -0.090000 0.070000 -0.000000 -0.000000 0.000000 0.000000 0.000000 0.000000 0.000000 0.000000
599.499359 0.070000 0.000000 -0.030000 -0.000000 -0.000000 0.000000 0.000000 0.000000 0.000000 0.000000 0.000000
599.532294 0.040000 -0.040000 0.030000 -0.000000 -0.000000 0.000000 0.000000 0.000000 0.000000 0.000000 0.000000
599.563166 -0.070000 -0.000000 0.110000 -0.000000 0.000000 0.000000 0.000000 0.000000 0.000000 0.000000 0.000000
599.590591 -0.010000 -0.010000 0.030000 0.000000 -0.000000 -0.000000 0.000000 0.000000 0.000000 0.000000 0.000000
599.617477 0.090000 -0.010000 0.040000 0.000000 -0.000000 0.000000 0.000000 0.000000 0.000000 0.000000 0.000000
599.651733 -0.040000 0.020000 -0.070000 0.000000 0.000000 0.000000 0.000000 0.000000 0.000000 0.000000 0.000000
599.678810 -0.130000 -0.010000 0.150000 0.000000 -0.000000 0.000000 0.000000 0.000000 0.000000 0.000000 0.000000
599.711471 0.150000 0.090000 0.010000 0.000000 -0.000000 0.000000 0.000000 0.000000 0.000000 0.000000 0.000000
599.739291 0.050000 -0.010000 -0.030000 0.000000 0.000000 -0.000000 0.000000 0.000000 0.000000 0.000000 0.000000
0.000000 0.000000 0.000000 0.000000 0.000000 0.000000 0.000000 0.000000 0.000000 0.000000 0.000000 0.000000
0.000000 0.000000 0.000000 0.000000 0.000000 0.000000 0.000000 0.000000 0.000000 0.000000 0.000000 0.000000
0.000000 0.000000 0.000000 0.000000 0.000000 0.000000 0.000000 0.000000 0.000000 0.000000 0.000000 0.000000
0.000000 0.000000 0.000000 0.000000 0.000000 0.000000 0.000000 0.000000 0.000000 0.000000 0.000000 0.000000
0.000000 0.000000 0.000000 0.000000 0.000000 0.000000 0.000000 0.000000 0.000000 0.000000 0.000000 0.000000
0.000000 0.000000 0.000000 0.000000 0.000000 0.000000 0.000000 0.000000 0.000000 0.000000 0.000000 0.000000
0.000000 0.000000 0.000000 0.000000 0.000000 0.000000 0.000000 0.000000 0.000000 0.000000 0.000000 0.000000
0.000000 0.000000 0.000000 0.000000 0.000000 0.000000 0.000000 0.000000 0.000000 0.000000 0.000000 0.000000
0.000000 0.000000 0.000000 0.000000 0.000000 0.000000 0.000000 0.000000 0.000000 0.000000 0.000000 0.000000
0.000000 0.000000 0.000000 0.000000 0.000000 0.000000 0.000000 0.000000 0.000000 0.000000 0.000000 0.000000
0.000000 0.000000 0.000000 0.000000 0.000000 0.000000 0.000000 0.000000 0.000000 0.000000 0.000000 0.000000
0.000000 0.000000 0.000000 0.000000 0.000000 0.000000 0.000000 0.000000 0.000000 0.000000 0.000000 0.000000
0.000000 0.000000 0.000000 0.000000 0.000000 0.000000 0.000000 0.000000 0.000000 0.000000 0.000000 0.000000
0.000000 0.000000 0.000000 0.000000 0.000000 0.000000 0.000000 0.000000 0.000000 0.000000 0.000000 0.000000
0.000000 0.000000 0.000000 0.000000 0.000000 0.000000 0.000000 0.000000 0.000000 0.000000 0.000000 0.000000
0.000000 0.000000 0.000000 0.000000 0.000000 0.000000 0.000000 0.000000 0.000000 0.000000 0.000000 0.000000
0.000000 0.000000 0.000000 0.000000 0.000000 0.000000 0.000000 0.000000 0.000000 0.000000 0.000000 0.000000
0.000000 0.000000 0.000000 0.000000 0.000000 0.000000 0.000000 0.000000 0.000000 0.000000 0.000000 0.000000
0.000000 0.000000 0.000000 0.000000 0.000000 0.000000 0.000000 0.000000 0.000000 0.000000 0.000000 0.000000
0.000000 0.000000 0.000000 0.000000 0.000000 0.000000 0.000000 0.000000 0.000000 0.000000 0.000000 0.000000
0.000000 0.000000 0.000000 0.000000 0.000000 0.000000 0.000000 0.000000 0.000000 0.000000 0.000000 0.000000
0.000000 0.000000 0.000000 0.000000 0.000000 0.000000 0.000000 0.000000 0.000000 0.000000 0.000000 0.000000
0.000000 0.000000 0.000000 0.000000 0.000000 0.000000 0.000000 0.000000 0.000000 0.000000 0.000000 0.000000
0.000000 0.000000 0.000000 0.000000 0.000000 0.000000 0.000000 0.000000 0.000000 0.000000 0.000000 0.000000
0.000000 0.000000 0.000000 0.000000 0.000000 0.000000 0.000000 0.000000 0.000000 0.000000 0.000000 0.000000
0.000000 0.000000 0.000000 0.000000 0.000000 0.000000 0.000000 0.000000 0.000000 0.000000 0.000000 0.000000
0.000000 0.000000 0.000000 0.000000 0.000000 0.000000 0.000000 0.000000 0.000000 0.000000 0.000000 0.000000
0.000000 0.000000 0.000000 0.000000 0.000000 0.000000 0.000000 0.000000 0.000000 0.000000 0.000000 0.000000
0.000000 0.000000 0.000000 0.000000 0.000000 0.000000 0.000000 0.000000 0.000000 0.000000 0.000000 0.000000
0.000000 0.000000 0.000000 0.000000 0.000000 0.000000 0.000000 0.000000 0.000000 0.000000 0.000000 0.000000
0.000000 0.000000 0.000000 0.000000 0.000000 0.000000 0.000000 0.000000 0.000000 0.000000 0.000000 0.000000
0.000000 0.000000 0.000000 0.000000 0.000000 0.000000 0.000000 0.000000 0.000000 0.000000 0.000000 0.000000
0.000000 0.000000 0.000000 0.000000 0.000000 0.000000 0.000000 0.000000 0.000000 0.000000 0.000000 0.000000
0.000000 0.000000 0.000000 0.000000 0.000000 0.000000 0.000000 0.000000 0.000000 0.000000 0.000000 0.000000
0.000000 0.000000 0.000000 0.000000 0.000000 0.000000 0.000000 0.000000 0.000000 0.000000 0.000000 0.000000
0.000000 0.000000 0.000000 0.000000 0.000000 0.000000 0.000000 0.000000 0.000000 0.000000 0.000000 0.000000
0.000000 0.000000 0.000000 0.000000 0.000000 0.000000 0.000000 0.000000 0.000000 0.000000 0.000000 0.000000
0.000000 0.000000 0.000000 0.000000 0.000000 0.000000 0.000000 0.000000 0.000000 0.000000 0.000000 0.000000
0.000000 0.000000 0.000000 0.000000 0.000000 0.000000 0.000000 0.000000 0.000000 0.000000 0.000000 0.000000
0.000000 0.000000 0.000000 0.000000 0.000000 0.000000 0.000000 0.000000 0.000000 0.000000 0.000000 0.000000
0.000000 0.000000 0.000000 0.000000 0.000000 0.000000 0.000000 0.000000 0.000000 0.000000 0.000000 0.000000
0.000000 0.000000 0.000000 0.000000 0.000000 0.000000 0.000000 0.000000 0.000000 0.000000 0.000000 0.000000
0.000000 0.000000 0.000000 0.000000 0.000000 0.000000 0.000000 0.000000 0.000000 0.000000 0.000000 0.000000
0.000000 0.000000 0.000000 0.000000 0.000000 0.000000 0.000000 0.000000 0.000000 0.000000 0.000000 0.000000
0.000000 0.000000 0.000000 0.000000 0.000000 0.000000 0.000000 0.000000 0.000000 0.000000 0.000000 0.000000
0.000000 0.000000 0.000000 0.000000 0.000000 0.000000 0.000000 0.000000 0.000000 0.000000 0.000000 0.000000
0.000000 0.000000 0.000000 0.000000 0.000000 0.000000 0.000000 0.000000 0.000000 0.000000 0.000000 0.000000
0.000000 0.000000 0.000000 0.000000 0.000000 0.000000 0.000000 0.000000 0.000000 0.000000 0.000000 0.000000
0.000000 0.000000 0.000000 0.000000 0.000000 0.000000 0.000000 0.000000 0.000000 0.000000 0.000000 0.000000
0.000000 0.000000 0.000000 0.000000 0.000000 0.000000 0.000000 0.000000 0.000000 0.000000 0.000000 0.000000
0.000000 0.000000 0.000000 0.000000 0.000000 0.000000 0.000000 0.000000 0.000000 0.000000 0.000000 0.000000
0.000000 0.000000 0.000000 0.000000 0.000000 0.000000 0.000000 0.000000 0.000000 0.000000 0.000000 0.000000
0.000000 0.000000 0.000000 0.000000 0.000000 0.000000 0.000000 0.000000 0.000000 0.000000 0.000000 0.000000
0.000000 0.000000 0.000000 0.000000 0.000000 0.000000 0.000000 0.000000 0.000000 0.000000 0.000000 0.000000
0.000000 0.000000 0.000000 0.000000 0.000000 0.000000 0.000000 0.000000 0.000000 0.000000 0.000000 0.000000
0.000000 0.000000 0.000000 0.000000 0.000000 0.000000 0.000000 0.000000 0.000000 0.000000 0.000000 0.000000
0.000000 0.000000 0.000000 0.000000 0.000000 0.000000 0.000000 0.000000 0.000000 0.000000 0.000000 0.000000
0.000000 0.000000 0.000000 0.000000 0.000000 0.000000 0.000000 0.000000 0.000000 0.000000 0.000000 0.000000
0.000000 0.000000 0.000000 0.000000 0.000000 0.000000 0.000000 0.000000 0.000000 0.000000 0.000000 0.000000
0.000000 0.000000 0.000000 0.000000 0.000000 0.000000 0.000000 0.000000 0.000000 0.000000 0.000000 0.000000
0.000000 0.000000 0.000000 0.000000 0.000000 0.000000 0.000000 0.000000 0.000000 0.000000 0.000000 0.000000
0.000000 0.000000 0.000000 0.000000 0.000000 0.000000 0.000000 0.000000 0.000000 0.000000 0.000000 0.000000
0.000000 0.000000 0.000000 0.000000 0.000000 0.000000 0.000000 0.000000 0.000000 0.000000 0.000000 0.000000
0.000000 0.000000 0.000000 0.000000 0.000000 0.000000 0.000000 0.000000 0.000000 0.000000 0.000000 0.000000
0.000000 0.000000 0.000000 0.000000 0.000000 0.000000 0.000000 0.000000 0.000000 0.000000 0.000000 0.000000
0.000000 0.000000 0.000000 0.000000 0.000000 0.000000 0.000000 0.000000 0.000000 0.000000 0.000000 0.000000
0.000000 0.000000 0.000000 0.000000 0.000000 0.000000 0.000000 0.000000 0.000000 0.000000 0.000000 0.000000
0.000000 0.000000 0.000000 0.000000 0.000000 0.000000 0.000000 0.000000 0.000000 0.000000 0.000000 0.000000
0.000000 0.000000 0.000000 0.000000 0.000000 0.000000 0.000000 0.000000 0.000000 0.000000 0.000000 0.000000
0.000000 0.000000 0.000000 0.000000 0.000000 0.000000 0.000000 0.000000 0.000000 0.000000 0.000000 0.000000
0.000000 0.000000 0.000000 0.000000 0.000000 0.000000 0.000000 0.000000 0.000000 0.000000 0.000000 0.000000
0.000000 0.000000 0.000000 0.000000 0.000000 0.000000 0.000000 0.000000 0.000000 0.000000 0.000000 0.000000
0.000000 0.000000 0.000000 0.000000 0.000000 0.000000 0.000000 0.000000 0.000000 0.000000 0.000000 0.000000
0.000000 0.000000 0.000000 0.000000 0.000000 0.000000 0.000000 0.000000 0.000000 0.000000 0.000000 0.000000
0.000000 0.000000 0.000000 0.000000 0.000000 0.000000 0.000000 0.000000 0.000000 0.000000 0.000000 0.000000
0.000000 0.000000 0.000000 0.000000 0.000000 0.000000 0.000000 0.000000 0.000000 0.000000 0.000000 0.000000
0.000000 0.000000 0.000000 0.000000 0.000000 0.000000 0.000000 0.000000 0.000000 0.000000 0.000000 0.000000
0.000000 0.000000 0.000000 0.000000 0.000000 0.000000 0.000000 0.000000 0.000000 0.000000 0.000000 0.000000
0.000000 0.000000 0.000000 0.000000 0.000000 0.000000 0.000000 0.000000 0.000000 0.000000 0.000000 0.000000
0.000000 0.000000 0.000000 0.000000 0.000000 0.000000 0.000000 0.000000 0.000000 0.000000 0.000000 0.000000
0.000000 0.000000 0.000000 0.000000 0.000000 0.000000 0.000000 0.000000 0.000000 0.000000 0.000000 0.000000
0.000000 0.000000 0.000000 0.000000 0.000000 0.000000 0.000000 0.000000 0.000000 0.000000 0.000000 0.000000
0.000000 0.000000 0.000000 0.000000 0.000000 0.000000 0.000000 0.000000 0.000000 0.000000 0.000000 0.000000
0.000000 0.000000 0.000000 0.000000 0.000000 0.000000 0.000000 0.000000 0.000000 0.000000 0.000000 0.000000
0.000000 0.000000 0.000000 0.000000 0.000000 0.000000 0.000000 0.000000 0.000000 0.000000 0.000000 0.000000
0.000000 0.000000 0.000000 0.000000 0.000000 0.000000 0.000000 0.000000 0.000000 0.000000 0.000000 0.000000
0.000000 0.000000 0.000000 0.000000 0.000000 0.000000 0.000000 0.000000 0.000000 0.000000 0.000000 0.000000
0.000000 0.000000 0.000000 0.000000 0.000000 0.000000 0.000000 0.000000 0.000000 0.000000 0.000000 0.000000
0.000000 0.000000 0.000000 0.000000 0.000000 0.000000 0.000000 0.000000 0.000000 0.000000 0.000000 0.000000
0.000000 0.000000 0.000000 0.000000 0.000000 0.000000 0.000000 0.000000 0.000000 0.000000 0.000000 0.000000
