2123.670562 -0.110000 0.000000 -9.990000 0.000000 0.000000 -0.000000 0.000000 0.000000 0.000000 0.000000 0.000000
2123.701264 -0.020000 -0.030000 -8.900000 -0.000000 0.000000 0.000000 0.000000 0.000000 0.000000 0.000000 0.000000
2123.729181 -0.260000 0.310000 -7.760000 0.010000 0.000000 -0.020000 1.615198 0.000000 0.000000 4.820000 4.820000
2123.769427 -0.220000 0.390000 -6.710000 -0.000000 -0.000000 -0.020000 3.094678 0.276161 0.000000 13.850000 4.620000
2123.797524 0.660000 1.190000 -5.860000 -0.020000 0.010000 -0.110000 5.653191 0.432642 0.000000 24.100000 9.640000
2123.831469 -0.380000 2.390000 -3.980000 0.030000 -0.010000 0.180000 10.498784 0.432642 0.000000 38.560000 24.100000
2123.858536 0.050000 -0.420000 -2.560000 -0.040000 0.000000 -0.030000 11.306383 0.000000 0.000000 33.740000 33.740000
2123.894557 -0.220000 0.650000 -2.710000 -0.090000 0.010000 -0.060000 18.559692 -0.276161 0.000000 50.770000 60.000000
2123.929024 0.310000 1.040000 -0.540000 -0.030000 0.020000 -0.030000 22.616116 0.000000 0.000000 67.490000 67.490000
2123.962415 -0.240000 -0.330000 0.730000 0.020000 -0.060000 0.090000 23.199196 0.000000 0.000000 69.230000 69.230000
2123.992607 -0.220000 -0.850000 0.840000 -0.080000 0.000000 -0.040000 28.269307 0.144214 0.000000 86.770000 81.950000
2124.019786 -0.590000 -0.760000 -1.710000 0.070000 0.040000 0.020000 31.499702 -0.144214 0.000000 91.590000 96.410000
2124.055304 0.600000 0.170000 -1.000000 -0.050000 0.030000 0.010000 32.478204 0.000000 0.000000 96.920000 96.920000
2124.087595 -0.100000 -1.850000 2.020000 0.060000 -0.030000 -0.090000 35.571206 0.000000 0.000000 106.150000 106.150000
2124.125307 -0.530000 0.160000 -0.780000 -0.210000 0.050000 -0.110000 39.575690 -0.144214 0.000000 115.690000 120.510000
2124.157979 0.250000 -1.320000 -1.500000 -0.070000 -0.050000 -0.010000 41.998486 0.000000 0.000000 125.330000 125.330000
2124.195430 0.590000 -0.680000 -1.770000 0.230000 0.090000 0.040000 40.212386 0.000000 0.000000 120.000000 120.000000
2124.232672 0.200000 -0.890000 0.750000 0.000000 0.110000 0.010000 43.613684 0.000000 0.000000 130.150000 130.150000
2124.260544 -0.070000 -1.850000 -1.020000 0.140000 0.150000 -0.020000 46.844079 0.000000 0.000000 139.790000 139.790000
2124.287605 0.220000 1.100000 0.240000 0.010000 0.030000 -0.040000 44.421282 -0.144214 0.000000 130.150000 134.970000
2124.324637 0.220000 -1.000000 -2.000000 0.240000 0.090000 0.030000 45.625978 -0.137931 0.000000 133.850000 138.460000
2124.361059 1.030000 0.170000 1.150000 0.060000 -0.010000 -0.110000 49.270226 -0.144214 0.000000 144.620000 149.440000
2124.390713 -0.270000 -1.030000 0.340000 -0.030000 -0.130000 -0.000000 47.172480 -0.138230 0.000000 138.460000 143.080000
2124.420216 0.120000 0.510000 2.740000 0.020000 -0.060000 -0.060000 47.653353 -0.144513 0.000000 139.790000 144.620000
2124.447457 -0.370000 0.770000 3.950000 -0.110000 -0.160000 0.010000 50.077825 0.000000 0.000000 149.440000 149.440000
2124.483154 -0.350000 0.380000 0.600000 -0.000000 -0.020000 0.040000 50.077825 0.000000 0.000000 149.440000 149.440000
2124.513485 -0.040000 -0.030000 -3.700000 -0.040000 0.090000 0.090000 50.265482 -0.138230 0.000000 147.690000 152.310000
2124.548690 -0.520000 -1.580000 -1.890000 -0.020000 0.010000 0.040000 51.693022 0.000000 0.000000 154.260000 154.260000
2124.584211 -0.100000 0.050000 -0.550000 -0.070000 -0.030000 -0.050000 52.500621 -0.144214 0.000000 154.260000 159.080000
2124.617437 0.060000 -0.810000 -1.390000 0.230000 0.040000 0.010000 50.265482 -0.414092 0.000000 143.080000 156.920000
2124.651092 -0.710000 0.490000 -1.500000 -0.040000 0.220000 -0.060000 51.039571 0.000000 0.000000 152.310000 152.310000
2124.688065 0.480000 1.170000 3.470000 -0.170000 -0.080000 -0.030000 53.308220 0.000000 0.000000 159.080000 159.080000
2124.726380 -0.120000 0.040000 2.430000 0.040000 -0.030000 -0.140000 50.077825 0.000000 0.000000 149.440000 149.440000
2124.761794 0.630000 -0.740000 -2.800000 -0.140000 0.110000 0.040000 51.811984 -0.137931 0.000000 152.310000 156.920000
2124.792507 -0.720000 -0.500000 1.110000 0.000000 0.100000 -0.060000 53.308220 0.000000 0.000000 159.080000 159.080000
2124.821892 0.580000 -0.070000 0.340000 0.010000 -0.170000 -0.090000 53.308220 0.000000 0.000000 159.080000 159.080000
2124.850632 1.400000 0.750000 -0.400000 0.090000 0.090000 -0.060000 50.077825 -0.288428 0.000000 144.620000 154.260000
2124.879369 1.680000 1.320000 1.560000 -0.000000 -0.030000 -0.030000 54.923417 0.000000 0.000000 163.900000 163.900000
2124.908283 -1.960000 0.000000 2.870000 -0.080000 -0.180000 0.070000 54.115818 -0.144214 0.000000 159.080000 163.900000
2124.943690 0.010000 -0.440000 -1.470000 -0.030000 -0.010000 -0.010000 51.811984 0.137931 0.000000 156.920000 152.310000
2124.981918 -0.430000 0.130000 -1.530000 -0.280000 0.080000 0.110000 50.885423 -0.144214 0.000000 149.440000 154.260000
2125.010972 -0.210000 0.470000 -0.900000 0.160000 -0.030000 0.030000 54.115818 -0.144214 0.000000 159.080000 163.900000
2125.038183 0.780000 1.180000 -0.550000 0.150000 0.140000 -0.130000 51.039571 0.000000 0.000000 152.310000 152.310000
2125.073151 -1.680000 -1.130000 3.240000 -0.080000 -0.020000 -0.030000 51.039571 0.000000 0.000000 152.310000 152.310000
2125.108894 0.130000 -0.550000 1.910000 0.010000 0.010000 -0.110000 54.115818 -0.144214 0.000000 159.080000 163.900000
2125.145748 -1.100000 0.360000 -2.670000 -0.230000 -0.030000 0.050000 54.923417 0.288428 0.000000 168.720000 159.080000
2125.178084 1.420000 0.240000 -2.020000 0.140000 -0.010000 -0.040000 51.039571 0.000000 0.000000 152.310000 152.310000
2125.213206 -0.540000 0.160000 0.930000 0.180000 -0.190000 -0.010000 53.308220 0.000000 0.000000 159.080000 159.080000
2125.242589 -0.490000 -0.700000 -1.330000 0.230000 0.100000 0.010000 46.036480 -0.144214 0.000000 134.970000 139.790000
2125.280296 0.050000 -0.010000 -1.180000 0.090000 -0.030000 -0.050000 42.806085 -0.144214 0.000000 125.330000 130.150000
2125.310245 -0.030000 -1.620000 -0.470000 -0.140000 -0.060000 0.110000 34.798794 -0.137931 0.000000 101.540000 106.150000
2125.337786 0.060000 -1.570000 -2.260000 0.030000 0.010000 -0.000000 33.922499 0.000000 0.000000 101.230000 101.230000
2125.372254 -0.330000 -1.590000 2.260000 0.010000 -0.010000 -0.010000 30.159289 -0.138230 0.000000 87.690000 92.310000
2125.400610 -0.370000 0.420000 1.670000 -0.110000 0.050000 0.040000 23.423715 -0.144214 0.000000 67.490000 72.310000
2125.429546 0.590000 0.160000 0.080000 -0.110000 0.010000 -0.210000 21.000919 -0.576856 0.000000 53.030000 72.310000
2125.463168 0.110000 -0.340000 -0.260000 -0.010000 0.050000 -0.150000 14.538453 -1.154012 0.000000 24.100000 62.670000
2125.491538 -0.450000 0.830000 0.270000 0.070000 0.080000 -0.160000 13.147775 -1.519035 0.000000 13.850000 64.620000
2125.519906 1.660000 2.080000 0.870000 -0.040000 -0.080000 -1.080000 9.692861 -1.730868 0.000000 0.000000 57.850000
2125.556246 -0.130000 0.840000 -0.440000 0.020000 -0.070000 -1.360000 7.270064 -1.586654 0.000000 -4.820000 48.210000
2125.587396 1.130000 1.860000 -1.300000 0.060000 0.000000 -1.510000 7.732507 -1.657265 0.000000 -4.620000 50.770000
2125.619419 -0.150000 0.870000 -0.160000 0.010000 0.010000 -1.730000 6.924908 -1.525019 0.000000 -4.820000 46.150000
2125.656024 0.340000 0.700000 -0.190000 0.000000 -0.040000 -1.900000 7.270064 -2.163510 0.000000 -14.460000 57.850000
2125.690381 0.050000 0.720000 -1.170000 0.010000 0.010000 -2.110000 5.654867 -2.163510 0.000000 -19.280000 53.030000
2125.717700 0.200000 0.190000 0.960000 -0.060000 0.040000 -2.330000 4.639504 -2.485449 0.000000 -27.690000 55.380000
2125.756722 -0.350000 0.360000 -0.370000 -0.020000 0.020000 -2.450000 4.847268 -2.884580 0.000000 -33.740000 62.670000
2125.788707 0.050000 0.200000 0.960000 -0.020000 -0.020000 -2.580000 3.865416 -2.623679 0.000000 -32.310000 55.380000
2125.824533 -0.330000 -0.050000 1.070000 0.060000 -0.020000 -2.660000 4.039669 -2.740366 0.000000 -33.740000 57.850000
2125.861216 -0.180000 0.410000 -0.080000 0.060000 -0.030000 -2.760000 3.232071 -3.173009 0.000000 -43.380000 62.670000
2125.891154 -0.170000 -0.180000 -0.440000 0.040000 -0.010000 -2.870000 3.232071 -3.173009 0.000000 -43.380000 62.670000
2125.919459 0.210000 -0.390000 0.160000 0.010000 0.020000 -2.900000 3.094678 -3.314231 0.000000 -46.150000 64.620000
2125.951928 -0.310000 -0.080000 -1.090000 -0.000000 0.020000 -3.070000 4.037994 -3.605950 0.000000 -48.210000 72.310000
2125.979730 0.170000 -0.520000 0.410000 -0.010000 0.050000 -3.070000 3.230395 -3.461736 0.000000 -48.210000 67.490000
2126.011577 0.050000 0.180000 0.640000 0.000000 0.010000 -3.170000 3.094678 -3.314231 0.000000 -46.150000 64.620000
2126.040613 -0.260000 -0.600000 0.080000 0.000000 0.040000 -3.070000 3.093003 -3.590392 0.000000 -50.770000 69.230000
2126.067802 -0.300000 -0.160000 0.020000 0.000000 0.040000 -3.130000 2.422796 -3.605950 0.000000 -53.030000 67.490000
2126.101965 -0.530000 0.110000 0.830000 0.040000 -0.010000 -3.150000 1.615198 -3.461736 0.000000 -53.030000 62.670000
2126.137501 -0.020000 0.350000 -0.210000 0.020000 -0.090000 -3.170000 2.320590 -3.452461 0.000000 -50.770000 64.620000
2126.173662 0.130000 -0.510000 1.010000 0.020000 -0.040000 -3.120000 2.422796 -3.605950 0.000000 -53.030000 67.490000
2126.208904 -0.160000 0.400000 0.280000 0.030000 0.010000 -3.150000 2.422796 -3.605950 0.000000 -53.030000 67.490000
2126.236741 -0.370000 -0.620000 -0.200000 0.060000 -0.030000 -3.040000 3.230395 -3.461736 0.000000 -48.210000 67.490000
2126.272270 -0.170000 -0.220000 0.070000 0.020000 -0.010000 -3.020000 1.615198 -3.750164 0.000000 -57.850000 67.490000
2126.307033 0.260000 0.020000 -0.810000 0.020000 -0.080000 -3.010000 2.422796 -3.605950 0.000000 -53.030000 67.490000
2126.342471 0.440000 -0.000000 -0.990000 -0.010000 0.020000 -3.010000 2.320590 -3.452461 0.000000 -50.770000 64.620000
2126.370488 0.550000 0.390000 -0.940000 -0.080000 0.080000 -3.120000 2.422796 -3.317522 0.000000 -48.210000 62.670000
2126.398574 0.410000 0.220000 0.410000 -0.050000 0.040000 -3.080000 2.422796 -3.605950 0.000000 -53.030000 67.490000
2126.430464 -0.070000 0.300000 0.170000 0.000000 0.010000 -3.120000 1.548177 -3.590392 0.000000 -55.380000 64.620000
2126.458920 -0.390000 0.070000 0.390000 0.060000 -0.080000 -3.170000 2.320590 -3.452461 0.000000 -50.770000 64.620000
2126.487953 -0.280000 -0.140000 0.650000 -0.010000 0.010000 -3.190000 2.422796 -3.605950 0.000000 -53.030000 67.490000
2126.522719 -0.570000 -0.050000 0.320000 0.010000 -0.000000 -3.140000 4.037994 -3.605950 0.000000 -48.210000 72.310000
2126.556667 0.330000 0.160000 -0.400000 -0.020000 0.040000 -3.140000 1.548177 -3.590392 0.000000 -55.380000 64.620000
2126.590604 -0.370000 -0.420000 -0.120000 0.040000 -0.020000 -3.080000 2.422796 -3.605950 0.000000 -53.030000 67.490000
2126.618871 -0.210000 -0.200000 0.290000 -0.040000 0.060000 -3.090000 1.615198 -3.750164 0.000000 -57.850000 67.490000
2126.652953 0.280000 -0.280000 -0.060000 -0.010000 0.030000 -3.100000 2.422796 -3.605950 0.000000 -53.030000 67.490000
2126.679509 0.460000 0.110000 0.370000 0.000000 0.020000 -3.110000 1.615198 -3.750164 0.000000 -57.850000 67.490000
2126.714163 0.380000 -0.170000 0.680000 0.110000 -0.100000 -3.110000 2.422796 -3.605950 0.000000 -53.030000 67.490000
2126.748419 0.160000 0.050000 -0.330000 -0.000000 0.030000 -3.010000 2.320590 -3.728322 0.000000 -55.380000 69.230000
2126.782038 0.180000 0.050000 -0.900000 -0.020000 0.050000 -3.050000 1.615198 -3.461736 0.000000 -53.030000 62.670000
2126.811526 -0.160000 0.410000 -0.730000 -0.010000 0.030000 -3.000000 1.615198 -3.750164 0.000000 -57.850000 67.490000
2126.839419 0.700000 -0.300000 -0.200000 0.000000 0.010000 -3.120000 1.548177 -3.590392 0.000000 -55.380000 64.620000
2126.873624 0.160000 -0.150000 0.630000 -0.010000 -0.020000 -3.090000 2.320590 -3.452461 0.000000 -50.770000 64.620000
2126.907377 -0.160000 -0.190000 -0.310000 0.030000 -0.030000 -3.140000 2.422796 -3.894378 0.000000 -57.850000 72.310000
2126.941190 -0.400000 -0.280000 -0.190000 0.030000 0.050000 -3.040000 1.615198 -3.750164 0.000000 -57.850000 67.490000
2126.968281 0.140000 0.470000 -0.530000 -0.010000 0.020000 -3.140000 2.320590 -3.452461 0.000000 -50.770000 64.620000
2127.003116 -0.080000 -0.230000 -0.050000 0.010000 0.030000 -3.090000 1.615198 -3.750164 0.000000 -57.850000 67.490000
2127.031205 0.180000 0.170000 -0.170000 -0.030000 0.060000 -3.170000 1.615198 -3.750164 0.000000 -57.850000 67.490000
2127.061502 0.390000 -0.160000 -0.220000 0.030000 0.020000 -3.200000 2.422796 -3.317522 0.000000 -48.210000 62.670000
2127.088459 -0.530000 0.610000 0.350000 0.010000 0.050000 -3.250000 2.320590 -3.452461 0.000000 -50.770000 64.620000
2127.122369 0.060000 -0.190000 -0.300000 0.010000 -0.030000 -3.290000 2.422796 -3.605950 0.000000 -53.030000 67.490000
2127.151145 -0.260000 0.080000 -0.210000 -0.010000 -0.030000 -3.210000 1.548177 -3.590392 0.000000 -55.380000 64.620000
2127.186758 0.040000 0.040000 -0.710000 -0.010000 0.010000 -3.250000 2.422796 -3.605950 0.000000 -53.030000 67.490000
2127.219435 0.250000 0.090000 -0.220000 -0.020000 0.030000 -3.240000 1.615198 -3.750164 0.000000 -57.850000 67.490000
2127.252924 -0.070000 0.010000 0.750000 0.030000 -0.000000 -3.360000 2.422796 -3.894378 0.000000 -57.850000 72.310000
2127.288745 -0.700000 0.200000 0.410000 0.010000 -0.000000 -3.340000 1.548177 -3.590392 0.000000 -55.380000 64.620000
2127.322467 -0.170000 0.110000 0.230000 -0.030000 0.020000 -3.420000 2.422796 -3.894378 0.000000 -57.850000 72.310000
2127.351964 -0.130000 -0.050000 0.020000 0.030000 -0.020000 -3.350000 1.615198 -4.038592 0.000000 -62.670000 72.310000
2127.380736 0.260000 0.070000 1.080000 -0.000000 0.040000 -3.520000 3.094678 -3.866553 0.000000 -55.380000 73.850000
2127.410936 0.210000 -0.460000 -0.030000 -0.030000 -0.040000 -3.420000 1.615198 -3.750164 0.000000 -57.850000 67.490000
2127.439482 -0.080000 0.430000 0.060000 0.010000 0.000000 -3.510000 2.422796 -3.894378 0.000000 -57.850000 72.310000
2127.476388 -0.100000 -0.480000 -0.110000 0.000000 -0.010000 -3.420000 3.230395 -3.750164 0.000000 -53.030000 72.310000
2127.512013 -0.030000 0.240000 0.710000 -0.020000 0.050000 -3.490000 1.546501 -3.866553 0.000000 -60.000000 69.230000
2127.540648 -0.060000 -0.250000 -0.770000 -0.010000 0.000000 -3.420000 3.230395 -4.038592 0.000000 -57.850000 77.130000
2127.567893 0.040000 0.250000 -0.740000 -0.010000 0.010000 -3.440000 2.320590 -3.728322 0.000000 -55.380000 69.230000
2127.604892 -0.180000 -0.310000 0.600000 0.020000 -0.010000 -3.360000 2.422796 -3.605950 0.000000 -53.030000 67.490000
2127.636255 0.170000 0.190000 0.190000 -0.020000 0.020000 -3.450000 2.422796 -3.894378 0.000000 -57.850000 72.310000
2127.669065 -0.230000 -0.290000 -0.580000 0.000000 0.040000 -3.370000 2.422796 -3.894378 0.000000 -57.850000 72.310000
2127.705763 0.450000 0.440000 -0.030000 0.020000 0.010000 -3.400000 2.320590 -3.728322 0.000000 -55.380000 69.230000
2127.738522 -0.030000 -0.190000 0.700000 -0.000000 0.000000 -3.310000 2.422796 -3.894378 0.000000 -57.850000 72.310000
2127.771256 -0.720000 0.110000 -0.320000 -0.050000 0.020000 -3.350000 2.422796 -3.894378 0.000000 -57.850000 72.310000
2127.809159 0.400000 -0.150000 0.230000 -0.010000 -0.010000 -3.240000 2.320590 -3.728322 0.000000 -55.380000 69.230000
2127.837562 -0.080000 0.050000 0.940000 0.010000 -0.050000 -3.220000 3.093003 -3.590392 0.000000 -50.770000 69.230000
2127.874257 -0.340000 -0.490000 -0.060000 0.040000 -0.070000 -3.180000 1.615198 -3.750164 0.000000 -57.850000 67.490000
2127.912740 -0.550000 -0.090000 -0.730000 -0.040000 -0.000000 -3.130000 2.422796 -3.605950 0.000000 -53.030000 67.490000
2127.942048 -0.260000 -0.310000 -1.230000 -0.010000 0.020000 -3.200000 1.548177 -3.590392 0.000000 -55.380000 64.620000
2127.970586 0.560000 0.320000 0.180000 -0.030000 0.090000 -3.110000 2.422796 -3.894378 0.000000 -57.850000 72.310000
2127.999613 0.430000 -0.300000 0.570000 -0.040000 0.020000 -3.140000 1.615198 -3.750164 0.000000 -57.850000 67.490000
2128.036800 0.140000 0.450000 -0.020000 -0.000000 0.030000 -3.140000 2.422796 -3.605950 0.000000 -53.030000 67.490000
2128.073778 0.270000 -0.160000 0.160000 0.000000 -0.080000 -3.140000 1.615198 -3.750164 0.000000 -57.850000 67.490000
2128.106763 -0.510000 0.120000 0.630000 -0.010000 -0.040000 -3.070000 2.422796 -3.605950 0.000000 -53.030000 67.490000
2128.141527 -0.220000 0.080000 0.930000 0.050000 -0.050000 -3.130000 2.320590 -3.452461 0.000000 -50.770000 64.620000
2128.168720 -0.340000 -0.220000 0.600000 0.010000 -0.000000 -3.110000 1.615198 -3.461736 0.000000 -53.030000 62.670000
2128.203874 -0.380000 0.030000 -0.070000 -0.010000 0.020000 -3.100000 2.422796 -3.605950 0.000000 -53.030000 67.490000
2128.238303 0.060000 0.050000 0.250000 0.040000 -0.010000 -3.060000 2.320590 -3.452461 0.000000 -50.770000 64.620000
2128.276980 0.110000 -0.320000 -0.560000 0.030000 -0.010000 -3.020000 1.548177 -3.590392 0.000000 -55.380000 64.620000
2128.313238 -0.390000 -0.620000 -1.200000 0.010000 0.010000 -3.020000 2.422796 -3.605950 0.000000 -53.030000 67.490000
2128.340621 0.480000 0.120000 -0.410000 -0.050000 0.070000 -2.990000 3.230395 -3.461736 0.000000 -48.210000 67.490000
2128.370645 -0.340000 -0.330000 -0.870000 0.030000 -0.010000 -3.000000 2.320590 -3.452461 0.000000 -50.770000 64.620000
2128.401904 0.800000 0.220000 -1.290000 -0.030000 0.040000 -2.980000 2.422796 -3.605950 0.000000 -53.030000 67.490000
2128.430184 0.540000 0.340000 1.040000 0.070000 -0.030000 -3.100000 1.615198 -3.461736 0.000000 -53.030000 62.670000
2128.457528 0.630000 0.450000 -0.470000 -0.010000 -0.010000 -3.080000 2.422796 -3.317522 0.000000 -48.210000 62.670000
2128.490775 0.300000 -0.040000 -0.140000 -0.040000 0.050000 -3.110000 2.422796 -3.605950 0.000000 -53.030000 67.490000
2128.527786 0.260000 -0.370000 0.930000 -0.050000 0.040000 -3.160000 2.422796 -3.605950 0.000000 -53.030000 67.490000
2128.563602 -0.620000 0.460000 0.390000 -0.020000 0.040000 -3.160000 2.320590 -3.452461 0.000000 -50.770000 64.620000
2128.598717 -0.180000 0.700000 -0.060000 -0.010000 -0.010000 -3.160000 2.422796 -3.317522 0.000000 -48.210000 62.670000
2128.632001 0.170000 0.480000 0.400000 0.010000 -0.090000 -3.160000 2.422796 -3.605950 0.000000 -53.030000 67.490000
2128.660732 0.150000 -0.910000 0.680000 0.010000 -0.030000 -3.130000 1.548177 -3.590392 0.000000 -55.380000 64.620000
2128.690269 0.130000 0.340000 0.240000 0.010000 -0.040000 -3.190000 3.093003 -3.590392 0.000000 -50.770000 69.230000
2128.717683 -0.090000 -0.230000 0.320000 0.010000 -0.070000 -3.170000 2.422796 -3.605950 0.000000 -53.030000 67.490000
2128.755280 -0.260000 0.080000 -0.620000 0.020000 -0.020000 -3.160000 3.230395 -3.750164 0.000000 -53.030000 72.310000
2128.789474 0.120000 -0.450000 -0.320000 0.020000 -0.030000 -3.200000 2.320590 -3.452461 0.000000 -50.770000 64.620000
2128.817948 0.070000 0.260000 -0.420000 -0.020000 0.040000 -3.120000 2.422796 -3.605950 0.000000 -53.030000 67.490000
2128.853601 0.370000 -0.200000 -1.200000 -0.030000 0.010000 -3.220000 2.422796 -3.605950 0.000000 -53.030000 67.490000
2128.890663 -0.120000 -0.270000 -0.440000 -0.060000 0.090000 -3.170000 1.615198 -3.461736 0.000000 -53.030000 62.670000
2128.918792 -0.060000 0.060000 0.480000 -0.050000 0.040000 -3.220000 2.320590 -3.728322 0.000000 -55.380000 69.230000
2128.950566 0.610000 0.080000 1.020000 -0.020000 0.050000 -3.200000 2.422796 -3.605950 0.000000 -53.030000 67.490000
2128.982019 -0.530000 -0.050000 1.060000 -0.020000 0.130000 -3.230000 1.548177 -3.590392 0.000000 -55.380000 64.620000
2129.008928 0.040000 -0.030000 1.310000 0.030000 0.030000 -3.220000 1.615198 -3.461736 0.000000 -53.030000 62.670000
2129.043236 -0.720000 0.160000 -0.160000 0.010000 -0.030000 -3.160000 3.230395 -3.750164 0.000000 -53.030000 72.310000
2129.070669 -0.580000 0.210000 0.460000 0.010000 -0.000000 -3.200000 1.615198 -3.750164 0.000000 -57.850000 67.490000
2129.104442 -0.080000 0.150000 -0.360000 0.000000 0.000000 -3.160000 2.320590 -3.452461 0.000000 -50.770000 64.620000
2129.139544 0.020000 -0.240000 -0.160000 0.010000 -0.010000 -3.120000 1.615198 -3.750164 0.000000 -57.850000 67.490000
2129.175620 0.260000 -0.030000 0.030000 -0.020000 -0.050000 -3.140000 2.422796 -3.605950 0.000000 -53.030000 67.490000
2129.210131 0.510000 -0.260000 -0.950000 0.030000 -0.020000 -3.200000 2.320590 -3.452461 0.000000 -50.770000 64.620000
2129.245304 -0.270000 0.220000 -0.680000 -0.030000 0.050000 -3.140000 1.134324 -3.664294 0.000000 -57.850000 64.620000
2129.282801 0.540000 0.070000 -0.410000 -0.020000 0.030000 -3.210000 1.615198 -3.750164 0.000000 -57.850000 67.490000
2129.319876 -0.210000 0.150000 0.150000 -0.020000 0.050000 -3.110000 2.422796 -3.605950 0.000000 -53.030000 67.490000
2129.353961 0.740000 0.410000 0.860000 -0.020000 0.010000 -3.200000 1.548177 -3.590392 0.000000 -55.380000 64.620000
2129.388286 -0.030000 0.040000 -0.370000 0.020000 -0.020000 -3.130000 2.422796 -3.894378 0.000000 -57.850000 72.310000
2129.422722 0.120000 0.110000 0.510000 0.050000 -0.100000 -3.240000 1.548177 -3.590392 0.000000 -55.380000 64.620000
2129.450737 -0.320000 -0.330000 0.760000 0.020000 -0.040000 -3.320000 2.422796 -3.605950 0.000000 -53.030000 67.490000
2129.486204 -0.510000 0.380000 0.320000 -0.010000 0.020000 -3.370000 2.422796 -3.894378 0.000000 -57.850000 72.310000
2129.521942 -0.460000 -0.400000 -0.040000 0.000000 0.020000 -3.350000 2.422796 -3.894378 0.000000 -57.850000 72.310000
2129.550649 -0.220000 0.350000 0.260000 0.000000 0.010000 -3.430000 2.320590 -3.728322 0.000000 -55.380000 69.230000
2129.579807 -0.040000 -0.200000 0.260000 -0.010000 -0.020000 -3.360000 2.422796 -3.894378 0.000000 -57.850000 72.310000
2129.613096 -0.550000 0.260000 -0.080000 -0.020000 -0.010000 -3.420000 2.422796 -3.894378 0.000000 -57.850000 72.310000
2129.642896 -0.060000 -0.200000 -0.140000 0.030000 0.020000 -3.370000 2.320590 -3.728322 0.000000 -55.380000 69.230000
2129.670417 -0.410000 0.020000 -0.570000 -0.020000 0.000000 -3.420000 1.546501 -3.866553 0.000000 -60.000000 69.230000
2129.697909 0.190000 -0.590000 -0.800000 -0.010000 0.020000 -3.400000 2.422796 -3.894378 0.000000 -57.850000 72.310000
2129.732322 0.350000 0.330000 -0.840000 0.020000 0.020000 -3.470000 2.422796 -3.605950 0.000000 -53.030000 67.490000
2129.766811 0.110000 -0.510000 0.280000 -0.020000 -0.030000 -3.400000 2.320590 -3.728322 0.000000 -55.380000 69.230000
2129.799408 0.160000 0.300000 -0.310000 -0.000000 -0.030000 -3.450000 2.422796 -3.894378 0.000000 -57.850000 72.310000
2129.832961 0.000000 -0.540000 0.110000 -0.000000 0.010000 -3.440000 2.422796 -3.894378 0.000000 -57.850000 72.310000
2129.860337 0.200000 0.260000 -0.070000 -0.000000 0.030000 -3.460000 3.230395 -3.750164 0.000000 -53.030000 72.310000
2129.896273 -0.070000 -0.790000 0.310000 -0.000000 0.030000 -3.410000 1.615198 -3.750164 0.000000 -57.850000 67.490000
2129.932523 0.110000 0.020000 -0.260000 -0.010000 0.040000 -3.450000 2.422796 -4.182806 0.000000 -62.670000 77.130000
2129.959425 0.330000 -0.010000 0.470000 0.030000 0.040000 -3.430000 2.320590 -3.728322 0.000000 -55.380000 69.230000
2129.994338 0.130000 0.460000 0.610000 -0.000000 -0.020000 -3.440000 1.615198 -3.750164 0.000000 -57.850000 67.490000
2130.029190 0.200000 -0.210000 0.050000 -0.020000 -0.040000 -3.380000 2.422796 -3.894378 0.000000 -57.850000 72.310000
2130.057220 -0.100000 0.330000 0.010000 0.020000 -0.030000 -3.400000 3.093003 -3.590392 0.000000 -50.770000 69.230000
2130.091595 0.060000 -0.150000 0.200000 0.040000 -0.030000 -3.310000 2.320590 -3.728322 0.000000 -55.380000 69.230000
2130.120926 0.050000 0.190000 0.380000 0.040000 -0.030000 -3.310000 2.422796 -3.894378 0.000000 -57.850000 72.310000
2130.148506 -0.200000 -0.460000 0.420000 -0.010000 -0.010000 -3.300000 3.230395 -3.750164 0.000000 -53.030000 72.310000
2130.182340 -0.750000 0.550000 -0.740000 -0.000000 -0.000000 -3.290000 2.320590 -3.728322 0.000000 -55.380000 69.230000
2130.209936 -0.130000 -0.210000 -1.080000 0.030000 0.020000 -3.190000 2.422796 -3.605950 0.000000 -53.030000 67.490000
2130.247765 0.380000 -0.350000 -1.050000 0.010000 0.070000 -3.230000 3.230395 -3.750164 0.000000 -53.030000 72.310000
2130.280642 0.120000 0.250000 -0.570000 0.010000 -0.030000 -3.310000 1.615198 -3.461736 0.000000 -53.030000 62.670000
2130.318141 -0.010000 -0.150000 -0.420000 0.000000 -0.020000 -3.180000 2.422796 -3.605950 0.000000 -53.030000 67.490000
2130.353254 0.240000 0.130000 -0.340000 -0.010000 -0.030000 -3.240000 3.230395 -3.750164 0.000000 -53.030000 72.310000
2130.381385 0.280000 0.070000 0.150000 -0.010000 -0.000000 -3.130000 1.548177 -3.590392 0.000000 -55.380000 64.620000
2130.410589 0.250000 0.130000 0.380000 0.000000 -0.020000 -3.140000 2.422796 -3.605950 0.000000 -53.030000 67.490000
2130.439727 0.540000 -0.180000 0.030000 -0.030000 0.010000 -3.110000 2.422796 -3.605950 0.000000 -53.030000 67.490000
2130.476340 -0.070000 0.460000 1.290000 -0.010000 0.030000 -3.100000 2.320590 -3.452461 0.000000 -50.770000 64.620000
2130.508155 -0.260000 -0.020000 1.030000 0.020000 -0.050000 -3.080000 3.093003 -3.590392 0.000000 -50.770000 69.230000
2130.545223 -0.750000 0.260000 -1.240000 0.030000 0.010000 -3.070000 1.615198 -3.750164 0.000000 -57.850000 67.490000
2130.581037 0.070000 -0.230000 0.160000 0.030000 -0.030000 -3.050000 2.422796 -3.605950 0.000000 -53.030000 67.490000
2130.609252 -0.180000 0.360000 0.430000 -0.040000 0.020000 -3.070000 3.093003 -3.590392 0.000000 -50.770000 69.230000
2130.642160 0.090000 -0.310000 -1.060000 -0.060000 0.040000 -3.030000 1.615198 -3.750164 0.000000 -57.850000 67.490000
2130.677954 0.710000 0.190000 0.440000 -0.030000 0.030000 -3.080000 1.615198 -3.750164 0.000000 -57.850000 67.490000
2130.712027 0.440000 -0.510000 0.330000 -0.000000 -0.000000 -3.120000 1.615198 -3.461736 0.000000 -53.030000 62.670000
2130.742197 -0.340000 0.320000 0.170000 0.030000 -0.010000 -3.080000 2.320590 -3.452461 0.000000 -50.770000 64.620000
2130.771197 -0.040000 0.110000 0.320000 -0.000000 -0.040000 -3.180000 2.422796 -3.605950 0.000000 -53.030000 67.490000
2130.800470 0.160000 -0.500000 0.620000 -0.000000 -0.010000 -3.130000 0.774088 -3.452162 0.000000 -55.380000 60.000000
2130.829590 -0.090000 0.090000 -0.310000 -0.010000 -0.030000 -3.150000 2.422796 -3.605950 0.000000 -53.030000 67.490000
2130.864228 0.230000 -0.200000 0.220000 0.020000 -0.010000 -3.130000 1.615198 -3.750164 0.000000 -57.850000 67.490000
2130.899973 0.270000 0.030000 -0.530000 -0.010000 0.010000 -3.230000 1.615198 -3.750164 0.000000 -57.850000 67.490000
2130.929513 -0.420000 -0.050000 0.060000 0.050000 -0.020000 -3.220000 2.320590 -3.452461 0.000000 -50.770000 64.620000
2130.965338 -0.030000 -0.110000 -0.410000 0.010000 -0.020000 -3.260000 2.422796 -3.894378 0.000000 -57.850000 72.310000
2130.998456 0.350000 -0.100000 0.590000 0.000000 -0.000000 -3.200000 1.615198 -3.750164 0.000000 -57.850000 67.490000
2131.035948 -0.730000 -0.180000 0.690000 -0.020000 -0.050000 -3.250000 3.093003 -3.590392 0.000000 -50.770000 69.230000
2131.068912 -0.700000 -0.420000 -0.280000 0.010000 -0.000000 -3.270000 1.615198 -3.750164 0.000000 -57.850000 67.490000
2131.096430 -0.410000 0.260000 0.210000 0.020000 -0.020000 -3.280000 2.422796 -3.894378 0.000000 -57.850000 72.310000
2131.130199 -0.220000 -0.330000 -0.280000 0.070000 0.010000 -3.230000 2.422796 -3.605950 0.000000 -53.030000 67.490000
2131.159676 0.060000 0.300000 0.780000 0.030000 -0.020000 -3.220000 1.548177 -3.590392 0.000000 -55.380000 64.620000
2131.197598 -0.130000 -0.290000 -0.460000 0.020000 -0.040000 -3.240000 2.422796 -3.605950 0.000000 -53.030000 67.490000
2131.231806 0.080000 0.340000 -0.860000 0.000000 0.050000 -3.210000 2.320590 -3.728322 0.000000 -55.380000 69.230000
2131.267713 0.240000 0.230000 -0.770000 0.020000 -0.020000 -3.330000 2.422796 -3.605950 0.000000 -53.030000 67.490000
2131.302885 0.400000 -0.070000 0.140000 -0.010000 -0.040000 -3.200000 1.615198 -3.750164 0.000000 -57.850000 67.490000
2131.332957 0.530000 -0.270000 0.190000 -0.030000 0.020000 -3.280000 2.422796 -3.605950 0.000000 -53.030000 67.490000
2131.360422 0.360000 -0.180000 -0.030000 -0.050000 0.010000 -3.220000 2.320590 -3.728322 0.000000 -55.380000 69.230000
2131.397171 -0.060000 0.180000 0.120000 -0.010000 0.050000 -3.270000 2.422796 -3.605950 0.000000 -53.030000 67.490000
2131.433176 0.380000 0.110000 0.190000 0.010000 0.010000 -3.190000 3.230395 -3.750164 0.000000 -53.030000 72.310000
2131.462732 -0.340000 0.250000 0.130000 -0.010000 -0.000000 -3.260000 1.548177 -3.590392 0.000000 -55.380000 64.620000
2131.492609 -0.620000 0.120000 -0.010000 -0.030000 -0.000000 -3.260000 1.548177 -3.590392 0.000000 -55.380000 64.620000
2131.522094 -0.350000 0.160000 -0.250000 0.010000 -0.010000 -3.340000 2.422796 -3.894378 0.000000 -57.850000 72.310000
2131.550955 -0.430000 -0.430000 -0.180000 0.010000 0.060000 -3.390000 2.422796 -3.605950 0.000000 -53.030000 67.490000
2131.580227 -0.060000 0.450000 0.440000 -0.010000 0.010000 -3.430000 3.093003 -3.590392 0.000000 -50.770000 69.230000
2131.609122 0.240000 -0.610000 0.440000 -0.010000 0.010000 -3.440000 1.615198 -4.038592 0.000000 -62.670000 72.310000
2131.636751 -0.100000 0.520000 -0.100000 -0.020000 -0.020000 -3.500000 3.230395 -4.038592 0.000000 -57.850000 77.130000
2131.668980 0.070000 -0.270000 0.980000 0.040000 -0.020000 -3.370000 1.615198 -3.750164 0.000000 -57.850000 67.490000
2131.703612 -0.040000 0.100000 0.600000 -0.020000 -0.020000 -3.420000 2.422796 -3.894378 0.000000 -57.850000 72.310000
2131.735793 0.160000 -0.350000 -0.980000 0.000000 0.030000 -3.440000 2.422796 -3.894378 0.000000 -57.850000 72.310000
2131.770984 0.030000 0.540000 -0.310000 0.010000 0.010000 -3.430000 2.320590 -3.728322 0.000000 -55.380000 69.230000
2131.799212 0.120000 -0.350000 0.700000 0.000000 -0.020000 -3.400000 2.422796 -3.894378 0.000000 -57.850000 72.310000
2131.832742 0.650000 0.550000 -0.120000 -0.010000 -0.000000 -3.380000 2.422796 -3.894378 0.000000 -57.850000 72.310000
2131.863046 0.180000 -0.230000 0.430000 0.040000 -0.030000 -3.380000 1.546501 -3.866553 0.000000 -60.000000 69.230000
2131.889998 0.000000 0.050000 0.210000 0.000000 -0.020000 -3.150000 2.320590 -3.452461 0.000000 -50.770000 64.620000
2131.919172 -0.190000 -0.350000 -0.530000 -0.010000 0.030000 -2.870000 2.422796 -3.317522 0.000000 -48.210000 62.670000
2131.954747 0.040000 0.110000 -0.220000 -0.000000 0.010000 -2.420000 2.424472 -3.028795 0.000000 -43.380000 57.850000
2131.988473 0.210000 0.100000 -0.380000 0.010000 0.020000 -2.430000 0.772413 -2.623679 0.000000 -41.540000 46.150000
2132.024524 -0.090000 0.080000 -0.150000 -0.000000 -0.000000 -2.110000 2.424472 -2.451938 0.000000 -33.740000 48.210000
2132.058236 -0.110000 0.030000 -0.600000 -0.020000 0.010000 -1.920000 1.615198 -2.307425 0.000000 -33.740000 43.380000
2132.095326 -0.210000 -0.260000 -0.160000 -0.010000 0.010000 -1.940000 1.615198 -2.018997 0.000000 -28.920000 38.560000
2132.129365 -0.260000 0.030000 0.170000 -0.000000 0.020000 -1.660000 0.807599 -2.163211 0.000000 -33.740000 38.560000
2132.157934 0.480000 0.000000 -0.070000 0.020000 0.020000 -1.410000 0.807599 -1.586355 0.000000 -24.100000 28.920000
2132.191797 0.370000 0.070000 -0.290000 0.020000 0.010000 -1.150000 0.772413 -1.519035 0.000000 -23.080000 27.690000
2132.220458 -0.360000 -0.220000 0.200000 0.010000 0.020000 -0.510000 0.000000 -0.288428 0.000000 -4.820000 4.820000
2132.251511 -0.020000 -0.430000 -0.100000 -0.000000 0.000000 0.050000 0.807599 -0.144214 0.000000 0.000000 4.820000
2132.285556 0.110000 0.020000 0.160000 0.000000 0.010000 -0.020000 0.000000 0.000000 0.000000 0.000000 0.000000
2132.317160 -0.110000 0.180000 -0.030000 -0.000000 -0.000000 -0.010000 0.000000 0.000000 0.000000 0.000000 0.000000
2132.351229 -0.320000 0.160000 -0.060000 0.000000 0.000000 0.000000 0.000000 0.000000 0.000000 0.000000 0.000000
2132.376990 -0.140000 0.120000 0.060000 0.000000 0.000000 0.010000 0.000000 0.000000 0.000000 0.000000 0.000000
2132.411047 0.030000 0.070000 -0.080000 0.000000 0.000000 0.010000 0.000000 0.000000 0.000000 0.000000 0.000000
2132.447062 -0.090000 0.040000 -0.100000 -0.000000 0.000000 -0.000000 0.000000 0.000000 0.000000 0.000000 0.000000
2132.479501 -0.080000 0.100000 0.040000 0.000000 -0.000000 -0.000000 0.000000 0.000000 0.000000 0.000000 0.000000
2132.513964 -0.040000 0.130000 -0.070000 0.000000 -0.000000 0.000000 0.000000 0.000000 0.000000 0.000000 0.000000
2132.548365 -0.050000 0.000000 0.000000 0.000000 0.000000 0.000000 0.000000 0.000000 0.000000 0.000000 0.000000
2132.585183 -0.090000 -0.040000 -0.090000 -0.000000 -0.000000 0.000000 0.000000 0.000000 0.000000 0.000000 0.000000
2132.616092 -0.020000 0.070000 0.110000 0.000000 -0.000000 0.000000 0.000000 0.000000 0.000000 0.000000 0.000000
2132.649216 0.050000 0.040000 0.020000 0.000000 0.000000 0.000000 0.000000 0.000000 0.000000 0.000000 0.000000
2132.686384 -0.040000 0.010000 -0.050000 -0.000000 0.000000 -0.000000 0.000000 0.000000 0.000000 0.000000 0.000000
2132.717691 0.020000 -0.000000 -0.020000 0.000000 0.000000 0.000000 0.000000 0.000000 0.000000 0.000000 0.000000
2132.750070 -0.000000 0.060000 0.090000 -0.000000 -0.000000 -0.000000 0.000000 0.000000 0.000000 0.000000 0.000000
2132.778041 0.060000 -0.020000 -0.010000 -0.000000 0.000000 0.000000 0.000000 0.000000 0.000000 0.000000 0.000000
2132.812449 -0.040000 -0.050000 0.050000 -0.000000 -0.000000 0.000000 0.000000 0.000000 0.000000 0.000000 0.000000
2132.840788 -0.010000 0.020000 -0.010000 0.000000 0.000000 0.000000 0.000000 0.000000 0.000000 0.000000 0.000000
2132.868273 0.110000 0.020000 0.060000 0.000000 0.000000 0.000000 0.000000 0.000000 0.000000 0.000000 0.000000
2132.900071 -0.020000 0.010000 -0.010000 0.000000 0.000000 -0.000000 0.000000 0.000000 0.000000 0.000000 0.000000
2132.928166 -0.050000 -0.030000 0.020000 0.000000 0.000000 0.000000 0.000000 0.000000 0.000000 0.000000 0.000000
2132.961954 0.020000 -0.030000 -0.050000 0.000000 0.000000 -0.000000 0.000000 0.000000 0.000000 0.000000 0.000000
2132.990453 0.140000 0.070000 -0.040000 -0.000000 0.000000 0.000000 0.000000 0.000000 0.000000 0.000000 0.000000
2133.018600 -0.020000 -0.010000 -0.050000 -0.000000 -0.000000 -0.000000 0.000000 0.000000 0.000000 0.000000 0.000000
2133.051382 0.020000 0.080000 0.070000 0.000000 -0.000000 -0.000000 0.000000 0.000000 0.000000 0.000000 0.000000
2133.083125 0.040000 -0.000000 -0.010000 0.000000 -0.000000 0.000000 0.000000 0.000000 0.000000 0.000000 0.000000
2133.109912 -0.000000 -0.010000 0.040000 0.000000 0.000000 0.000000 0.000000 0.000000 0.000000 0.000000 0.000000
2133.141075 0.090000 0.090000 0.060000 0.000000 -0.000000 -0.000000 0.000000 0.000000 0.000000 0.000000 0.000000
2133.168818 0.020000 0.020000 -0.070000 -0.000000 -0.000000 0.000000 0.000000 0.000000 0.000000 0.000000 0.000000
2133.202052 0.090000 0.060000 0.020000 0.000000 -0.000000 -0.000000 0.000000 0.000000 0.000000 0.000000 0.000000
2133.229238 -0.030000 0.030000 0.040000 -0.000000 -0.000000 0.000000 0.000000 0.000000 0.000000 0.000000 0.000000
2133.262212 0.060000 0.030000 -0.010000 0.000000 -0.000000 -0.000000 0.000000 0.000000 0.000000 0.000000 0.000000
2133.290187 0.100000 0.030000 -0.050000 -0.000000 0.000000 -0.000000 0.000000 0.000000 0.000000 0.000000 0.000000
2133.324364 0.050000 -0.030000 0.040000 -0.000000 -0.000000 0.000000 0.000000 0.000000 0.000000 0.000000 0.000000
0.000000 0.000000 0.000000 0.000000 0.000000 0.000000 0.000000 0.000000 0.000000 0.000000 0.000000 0.000000
0.000000 0.000000 0.000000 0.000000 0.000000 0.000000 0.000000 0.000000 0.000000 0.000000 0.000000 0.000000
0.000000 0.000000 0.000000 0.000000 0.000000 0.000000 0.000000 0.000000 0.000000 0.000000 0.000000 0.000000
0.000000 0.000000 0.000000 0.000000 0.000000 0.000000 0.000000 0.000000 0.000000 0.000000 0.000000 0.000000
0.000000 0.000000 0.000000 0.000000 0.000000 0.000000 0.000000 0.000000 0.000000 0.000000 0.000000 0.000000
0.000000 0.000000 0.000000 0.000000 0.000000 0.000000 0.000000 0.000000 0.000000 0.000000 0.000000 0.000000
0.000000 0.000000 0.000000 0.000000 0.000000 0.000000 0.000000 0.000000 0.000000 0.000000 0.000000 0.000000
0.000000 0.000000 0.000000 0.000000 0.000000 0.000000 0.000000 0.000000 0.000000 0.000000 0.000000 0.000000
0.000000 0.000000 0.000000 0.000000 0.000000 0.000000 0.000000 0.000000 0.000000 0.000000 0.000000 0.000000
0.000000 0.000000 0.000000 0.000000 0.000000 0.000000 0.000000 0.000000 0.000000 0.000000 0.000000 0.000000
0.000000 0.000000 0.000000 0.000000 0.000000 0.000000 0.000000 0.000000 0.000000 0.000000 0.000000 0.000000
0.000000 0.000000 0.000000 0.000000 0.000000 0.000000 0.000000 0.000000 0.000000 0.000000 0.000000 0.000000
0.000000 0.000000 0.000000 0.000000 0.000000 0.000000 0.000000 0.000000 0.000000 0.000000 0.000000 0.000000
0.000000 0.000000 0.000000 0.000000 0.000000 0.000000 0.000000 0.000000 0.000000 0.000000 0.000000 0.000000
0.000000 0.000000 0.000000 0.000000 0.000000 0.000000 0.000000 0.000000 0.000000 0.000000 0.000000 0.000000
0.000000 0.000000 0.000000 0.000000 0.000000 0.000000 0.000000 0.000000 0.000000 0.000000 0.000000 0.000000
0.000000 0.000000 0.000000 0.000000 0.000000 0.000000 0.000000 0.000000 0.000000 0.000000 0.000000 0.000000
0.000000 0.000000 0.000000 0.000000 0.000000 0.000000 0.000000 0.000000 0.000000 0.000000 0.000000 0.000000
0.000000 0.000000 0.000000 0.000000 0.000000 0.000000 0.000000 0.000000 0.000000 0.000000 0.000000 0.000000
0.000000 0.000000 0.000000 0.000000 0.000000 0.000000 0.000000 0.000000 0.000000 0.000000 0.000000 0.000000
0.000000 0.000000 0.000000 0.000000 0.000000 0.000000 0.000000 0.000000 0.000000 0.000000 0.000000 0.000000
0.000000 0.000000 0.000000 0.000000 0.000000 0.000000 0.000000 0.000000 0.000000 0.000000 0.000000 0.000000
0.000000 0.000000 0.000000 0.000000 0.000000 0.000000 0.000000 0.000000 0.000000 0.000000 0.000000 0.000000
0.000000 0.000000 0.000000 0.000000 0.000000 0.000000 0.000000 0.000000 0.000000 0.000000 0.000000 0.000000
0.000000 0.000000 0.000000 0.000000 0.000000 0.000000 0.000000 0.000000 0.000000 0.000000 0.000000 0.000000
0.000000 0.000000 0.000000 0.000000 0.000000 0.000000 0.000000 0.000000 0.000000 0.000000 0.000000 0.000000
0.000000 0.000000 0.000000 0.000000 0.000000 0.000000 0.000000 0.000000 0.000000 0.000000 0.000000 0.000000
0.000000 0.000000 0.000000 0.000000 0.000000 0.000000 0.000000 0.000000 0.000000 0.000000 0.000000 0.000000
0.000000 0.000000 0.000000 0.000000 0.000000 0.000000 0.000000 0.000000 0.000000 0.000000 0.000000 0.000000
0.000000 0.000000 0.000000 0.000000 0.000000 0.000000 0.000000 0.000000 0.000000 0.000000 0.000000 0.000000
0.000000 0.000000 0.000000 0.000000 0.000000 0.000000 0.000000 0.000000 0.000000 0.000000 0.000000 0.000000
0.000000 0.000000 0.000000 0.000000 0.000000 0.000000 0.000000 0.000000 0.000000 0.000000 0.000000 0.000000
0.000000 0.000000 0.000000 0.000000 0.000000 0.000000 0.000000 0.000000 0.000000 0.000000 0.000000 0.000000
0.000000 0.000000 0.000000 0.000000 0.000000 0.000000 0.000000 0.000000 0.000000 0.000000 0.000000 0.000000
0.000000 0.000000 0.000000 0.000000 0.000000 0.000000 0.000000 0.000000 0.000000 0.000000 0.000000 0.000000
0.000000 0.000000 0.000000 0.000000 0.000000 0.000000 0.000000 0.000000 0.000000 0.000000 0.000000 0.000000
0.000000 0.000000 0.000000 0.000000 0.000000 0.000000 0.000000 0.000000 0.000000 0.000000 0.000000 0.000000
0.000000 0.000000 0.000000 0.000000 0.000000 0.000000 0.000000 0.000000 0.000000 0.000000 0.000000 0.000000
0.000000 0.000000 0.000000 0.000000 0.000000 0.000000 0.000000 0.000000 0.000000 0.000000 0.000000 0.000000
0.000000 0.000000 0.000000 0.000000 0.000000 0.000000 0.000000 0.000000 0.000000 0.000000 0.000000 0.000000
0.000000 0.000000 0.000000 0.000000 0.000000 0.000000 0.000000 0.000000 0.000000 0.000000 0.000000 0.000000
0.000000 0.000000 0.000000 0.000000 0.000000 0.000000 0.000000 0.000000 0.000000 0.000000 0.000000 0.000000
0.000000 0.000000 0.000000 0.000000 0.000000 0.000000 0.000000 0.000000 0.000000 0.000000 0.000000 0.000000
0.000000 0.000000 0.000000 0.000000 0.000000 0.000000 0.000000 0.000000 0.000000 0.000000 0.000000 0.000000
0.000000 0.000000 0.000000 0.000000 0.000000 0.000000 0.000000 0.000000 0.000000 0.000000 0.000000 0.000000
0.000000 0.000000 0.000000 0.000000 0.000000 0.000000 0.000000 0.000000 0.000000 0.000000 0.000000 0.000000
0.000000 0.000000 0.000000 0.000000 0.000000 0.000000 0.000000 0.000000 0.000000 0.000000 0.000000 0.000000
0.000000 0.000000 0.000000 0.000000 0.000000 0.000000 0.000000 0.000000 0.000000 0.000000 0.000000 0.000000
0.000000 0.000000 0.000000 0.000000 0.000000 0.000000 0.000000 0.000000 0.000000 0.000000 0.000000 0.000000
0.000000 0.000000 0.000000 0.000000 0.000000 0.000000 0.000000 0.000000 0.000000 0.000000 0.000000 0.000000
0.000000 0.000000 0.000000 0.000000 0.000000 0.000000 0.000000 0.000000 0.000000 0.000000 0.000000 0.000000
0.000000 0.000000 0.000000 0.000000 0.000000 0.000000 0.000000 0.000000 0.000000 0.000000 0.000000 0.000000
0.000000 0.000000 0.000000 0.000000 0.000000 0.000000 0.000000 0.000000 0.000000 0.000000 0.000000 0.000000
0.000000 0.000000 0.000000 0.000000 0.000000 0.000000 0.000000 0.000000 0.000000 0.000000 0.000000 0.000000
0.000000 0.000000 0.000000 0.000000 0.000000 0.000000 0.000000 0.000000 0.000000 0.000000 0.000000 0.000000
0.000000 0.000000 0.000000 0.000000 0.000000 0.000000 0.000000 0.000000 0.000000 0.000000 0.000000 0.000000
0.000000 0.000000 0.000000 0.000000 0.000000 0.000000 0.000000 0.000000 0.000000 0.000000 0.000000 0.000000
0.000000 0.000000 0.000000 0.000000 0.000000 0.000000 0.000000 0.000000 0.000000 0.000000 0.000000 0.000000
0.000000 0.000000 0.000000 0.000000 0.000000 0.000000 0.000000 0.000000 0.000000 0.000000 0.000000 0.000000
0.000000 0.000000 0.000000 0.000000 0.000000 0.000000 0.000000 0.000000 0.000000 0.000000 0.000000 0.000000
0.000000 0.000000 0.000000 0.000000 0.000000 0.000000 0.000000 0.000000 0.000000 0.000000 0.000000 0.000000
0.000000 0.000000 0.000000 0.000000 0.000000 0.000000 0.000000 0.000000 0.000000 0.000000 0.000000 0.000000
0.000000 0.000000 0.000000 0.000000 0.000000 0.000000 0.000000 0.000000 0.000000 0.000000 0.000000 0.000000
0.000000 0.000000 0.000000 0.000000 0.000000 0.000000 0.000000 0.000000 0.000000 0.000000 0.000000 0.000000
0.000000 0.000000 0.000000 0.000000 0.000000 0.000000 0.000000 0.000000 0.000000 0.000000 0.000000 0.000000
0.000000 0.000000 0.000000 0.000000 0.000000 0.000000 0.000000 0.000000 0.000000 0.000000 0.000000 0.000000
0.000000 0.000000 0.000000 0.000000 0.000000 0.000000 0.000000 0.000000 0.000000 0.000000 0.000000 0.000000
0.000000 0.000000 0.000000 0.000000 0.000000 0.000000 0.000000 0.000000 0.000000 0.000000 0.000000 0.000000
0.000000 0.000000 0.000000 0.000000 0.000000 0.000000 0.000000 0.000000 0.000000 0.000000 0.000000 0.000000
0.000000 0.000000 0.000000 0.000000 0.000000 0.000000 0.000000 0.000000 0.000000 0.000000 0.000000 0.000000
0.000000 0.000000 0.000000 0.000000 0.000000 0.000000 0.000000 0.000000 0.000000 0.000000 0.000000 0.000000
0.000000 0.000000 0.000000 0.000000 0.000000 0.000000 0.000000 0.000000 0.000000 0.000000 0.000000 0.000000
0.000000 0.000000 0.000000 0.000000 0.000000 0.000000 0.000000 0.000000 0.000000 0.000000 0.000000 0.000000
0.000000 0.000000 0.000000 0.000000 0.000000 0.000000 0.000000 0.000000 0.000000 0.000000 0.000000 0.000000
0.000000 0.000000 0.000000 0.000000 0.000000 0.000000 0.000000 0.000000 0.000000 0.000000 0.000000 0.000000
0.000000 0.000000 0.000000 0.000000 0.000000 0.000000 0.000000 0.000000 0.000000 0.000000 0.000000 0.000000
0.000000 0.000000 0.000000 0.000000 0.000000 0.000000 0.000000 0.000000 0.000000 0.000000 0.000000 0.000000
0.000000 0.000000 0.000000 0.000000 0.000000 0.000000 0.000000 0.000000 0.000000 0.000000 0.000000 0.000000
0.000000 0.000000 0.000000 0.000000 0.000000 0.000000 0.000000 0.000000 0.000000 0.000000 0.000000 0.000000
0.000000 0.000000 0.000000 0.000000 0.000000 0.000000 0.000000 0.000000 0.000000 0.000000 0.000000 0.000000
0.000000 0.000000 0.000000 0.000000 0.000000 0.000000 0.000000 0.000000 0.000000 0.000000 0.000000 0.000000
0.000000 0.000000 0.000000 0.000000 0.000000 0.000000 0.000000 0.000000 0.000000 0.000000 0.000000 0.000000
0.000000 0.000000 0.000000 0.000000 0.000000 0.000000 0.000000 0.000000 0.000000 0.000000 0.000000 0.000000
0.000000 0.000000 0.000000 0.000000 0.000000 0.000000 0.000000 0.000000 0.000000 0.000000 0.000000 0.000000
0.000000 0.000000 0.000000 0.000000 0.000000 0.000000 0.000000 0.000000 0.000000 0.000000 0.000000 0.000000
0.000000 0.000000 0.000000 0.000000 0.000000 0.000000 0.000000 0.000000 0.000000 0.000000 0.000000 0.000000
0.000000 0.000000 0.000000 0.000000 0.000000 0.000000 0.000000 0.000000 0.000000 0.000000 0.000000 0.000000
0.000000 0.000000 0.000000 0.000000 0.000000 0.000000 0.000000 0.000000 0.000000 0.000000 0.000000 0.000000
0.000000 0.000000 0.000000 0.000000 0.000000 0.000000 0.000000 0.000000 0.000000 0.000000 0.000000 0.000000
0.000000 0.000000 0.000000 0.000000 0.000000 0.000000 0.000000 0.000000 0.000000 0.000000 0.000000 0.000000
