1483.293603 0.100000 -0.030000 -10.040000 0.000000 0.000000 0.000000 0.000000 0.000000 0.000000 0.000000 0.000000
1483.333994 0.060000 0.010000 -8.840000 -0.000000 0.000000 -0.000000 0.000000 0.000000 0.000000 0.000000 0.000000
1483.364876 0.040000 0.000000 -7.750000 -0.000000 0.000000 -0.000000 0.000000 0.000000 0.000000 0.000000 0.000000
1483.403483 0.050000 0.030000 -6.690000 0.000000 0.000000 0.000000 1.615198 0.000000 0.000000 4.820000 4.820000
1483.437208 0.040000 1.030000 -5.030000 0.010000 -0.050000 0.140000 5.653191 0.144214 0.000000 19.280000 14.460000
1483.472366 0.480000 0.510000 -4.690000 0.040000 0.080000 0.260000 6.186005 0.000000 0.000000 18.460000 18.460000
1483.502951 -0.610000 0.720000 -3.050000 0.000000 0.040000 0.080000 8.075988 -0.288428 0.000000 19.280000 28.920000
1483.532081 0.240000 0.120000 -2.820000 -0.030000 0.050000 0.000000 11.306383 0.000000 0.000000 33.740000 33.740000
1483.561368 0.200000 -0.100000 -1.430000 -0.040000 0.060000 0.020000 11.306383 0.000000 0.000000 33.740000 33.740000
1483.588503 0.010000 -0.110000 0.050000 -0.020000 0.030000 -0.060000 15.000895 -0.082878 0.000000 43.380000 46.150000
1483.621420 0.120000 -0.640000 -0.350000 0.000000 0.060000 0.010000 17.770524 0.000000 0.000000 53.030000 53.030000
1483.650133 -0.170000 -0.310000 -0.400000 0.120000 0.100000 -0.030000 18.558016 0.000000 0.000000 55.380000 55.380000
1483.677680 -0.150000 0.030000 1.300000 -0.110000 0.000000 0.010000 19.385721 0.000000 0.000000 57.850000 57.850000
1483.714240 0.230000 -0.170000 -0.430000 -0.100000 0.020000 -0.040000 21.808517 0.144214 0.000000 67.490000 62.670000
1483.747495 -0.270000 0.440000 1.370000 0.030000 0.000000 0.000000 21.654370 0.000000 0.000000 64.620000 64.620000
1483.781083 -0.010000 -0.470000 0.400000 0.040000 -0.040000 0.000000 23.199196 0.000000 0.000000 69.230000 69.230000
1483.817397 -0.040000 1.220000 0.160000 -0.040000 0.050000 -0.010000 24.231314 0.000000 0.000000 72.310000 72.310000
1483.853666 -0.230000 -1.150000 -0.240000 0.070000 0.050000 -0.030000 25.846511 0.000000 0.000000 77.130000 77.130000
1483.886668 0.490000 0.530000 0.700000 0.030000 0.060000 0.020000 26.292198 0.000000 0.000000 78.460000 78.460000
1483.923377 -0.530000 -1.020000 -0.600000 -0.070000 -0.080000 -0.030000 25.846511 0.000000 0.000000 77.130000 77.130000
1483.957431 0.580000 0.470000 0.110000 -0.020000 -0.020000 -0.040000 27.461709 0.000000 0.000000 81.950000 81.950000
1483.992370 -0.930000 -1.600000 0.860000 -0.080000 -0.010000 -0.060000 25.846511 0.000000 0.000000 77.130000 77.130000
1484.024600 0.380000 0.470000 -1.560000 0.080000 -0.020000 0.060000 27.066287 -0.138230 0.000000 78.460000 83.080000
1484.059992 0.700000 0.020000 -0.790000 0.090000 0.080000 0.010000 29.076906 0.000000 0.000000 86.770000 86.770000
1484.088812 -0.680000 -0.760000 1.230000 -0.070000 -0.080000 0.010000 27.066287 0.138230 0.000000 83.080000 78.460000
1484.124585 -0.220000 0.260000 -1.100000 -0.010000 0.020000 -0.050000 28.269307 -0.144214 0.000000 81.950000 86.770000
1484.157780 -0.290000 0.060000 0.890000 -0.100000 0.010000 -0.010000 29.076906 0.000000 0.000000 86.770000 86.770000
1484.191544 0.990000 -0.060000 -1.020000 0.010000 0.120000 0.000000 29.076906 0.000000 0.000000 86.770000 86.770000
1484.220102 -0.550000 -0.560000 1.420000 -0.030000 0.030000 -0.020000 27.840375 0.000000 0.000000 83.080000 83.080000
1484.247742 -0.630000 0.180000 -0.450000 -0.210000 -0.070000 0.070000 29.884505 -0.144214 0.000000 86.770000 91.590000
1484.280116 0.440000 -0.070000 -1.240000 0.030000 -0.050000 -0.080000 29.884505 0.144214 0.000000 91.590000 86.770000
1484.309592 -0.380000 -1.040000 1.230000 -0.040000 0.010000 -0.020000 27.840375 0.000000 0.000000 83.080000 83.080000
1484.344609 0.360000 0.210000 0.420000 -0.120000 0.070000 -0.010000 28.458641 0.110405 0.000000 86.770000 83.080000
1484.379437 -0.210000 1.060000 0.050000 -0.110000 0.020000 -0.020000 29.076906 0.000000 0.000000 86.770000 86.770000
1484.407674 0.160000 -0.290000 -1.520000 0.100000 0.060000 0.070000 27.461709 0.000000 0.000000 81.950000 81.950000
1484.439287 0.510000 0.050000 1.190000 0.150000 -0.000000 -0.070000 27.840375 0.000000 0.000000 83.080000 83.080000
1484.468581 -0.850000 0.130000 0.440000 -0.180000 -0.060000 0.050000 29.884505 0.144214 0.000000 91.590000 86.770000
1484.502740 0.460000 0.290000 -2.030000 0.010000 -0.120000 -0.030000 27.840375 0.000000 0.000000 83.080000 83.080000
1484.540130 0.120000 -0.000000 1.390000 0.130000 -0.070000 -0.050000 27.461709 0.000000 0.000000 81.950000 81.950000
1484.567112 0.110000 0.310000 0.160000 -0.060000 -0.070000 0.110000 29.884505 0.144214 0.000000 91.590000 86.770000
1484.603083 -0.170000 0.090000 0.130000 -0.130000 0.030000 -0.090000 29.884505 0.144214 0.000000 91.590000 86.770000
1484.631965 0.130000 -1.170000 -1.570000 0.130000 0.020000 0.080000 28.612788 -0.137931 0.000000 83.080000 87.690000
1484.659828 0.750000 0.440000 0.950000 0.120000 -0.110000 0.020000 29.076906 0.000000 0.000000 86.770000 86.770000
1484.694445 -0.340000 -0.030000 0.410000 -0.050000 -0.030000 -0.070000 29.076906 0.000000 0.000000 86.770000 86.770000
1484.729393 0.510000 0.520000 -1.350000 0.150000 0.020000 0.030000 28.612788 -0.137931 0.000000 83.080000 87.690000
1484.757571 0.090000 -0.290000 0.060000 0.170000 0.040000 0.040000 28.612788 0.137931 0.000000 87.690000 83.080000
1484.793966 -0.990000 -1.030000 1.130000 0.020000 -0.130000 0.030000 28.269307 -0.144214 0.000000 81.950000 86.770000
1484.828866 0.180000 0.480000 0.660000 -0.090000 -0.010000 -0.070000 27.461709 0.000000 0.000000 81.950000 81.950000
1484.860572 0.540000 1.600000 -1.300000 -0.100000 0.030000 0.050000 28.612788 0.137931 0.000000 87.690000 83.080000
1484.897225 -0.300000 -0.920000 -0.520000 0.110000 0.150000 0.030000 29.076906 0.000000 0.000000 86.770000 86.770000
1484.931450 0.090000 0.670000 0.660000 -0.030000 -0.030000 -0.050000 29.076906 0.000000 0.000000 86.770000 86.770000
1484.960421 0.070000 0.400000 -1.530000 -0.060000 -0.040000 0.030000 28.269307 -0.144214 0.000000 81.950000 86.770000
1484.990991 0.580000 0.980000 -0.700000 -0.050000 -0.080000 -0.010000 29.884505 0.144214 0.000000 91.590000 86.770000
1485.018576 0.270000 -0.100000 0.280000 0.080000 -0.020000 -0.040000 29.076906 0.000000 0.000000 86.770000 86.770000
1485.054801 -0.530000 -0.480000 2.000000 -0.050000 0.040000 0.040000 27.066287 -0.414092 0.000000 73.850000 87.690000
1485.088429 -1.140000 0.010000 -0.830000 -0.280000 0.030000 -0.110000 27.461709 0.000000 0.000000 81.950000 81.950000
1485.120708 -0.220000 -0.470000 -1.290000 0.070000 0.040000 0.030000 29.076906 0.000000 0.000000 86.770000 86.770000
1485.158400 -0.580000 -0.440000 2.770000 0.010000 -0.150000 -0.060000 27.840375 0.000000 0.000000 83.080000 83.080000
1485.194238 -0.660000 -0.120000 0.760000 -0.170000 -0.070000 0.010000 27.840375 0.000000 0.000000 83.080000 83.080000
1485.227466 0.550000 0.340000 -0.850000 0.020000 -0.070000 0.040000 29.076906 0.000000 0.000000 86.770000 86.770000
1485.263995 0.060000 -0.270000 -0.090000 0.260000 0.010000 -0.050000 29.884505 -0.144214 0.000000 86.770000 91.590000
1485.301579 0.030000 0.420000 1.780000 0.030000 -0.030000 0.060000 27.840375 0.000000 0.000000 83.080000 83.080000
1485.328766 -0.120000 -1.430000 -1.050000 -0.070000 0.100000 -0.050000 29.884505 -0.144214 0.000000 86.770000 91.590000
1485.364489 0.020000 -0.370000 -3.020000 0.190000 -0.010000 -0.020000 29.884505 -0.144214 0.000000 86.770000 91.590000
1485.395744 1.120000 -0.130000 0.040000 0.080000 0.020000 0.100000 28.269307 0.144214 0.000000 86.770000 81.950000
1485.431219 -0.190000 0.200000 0.350000 -0.040000 0.000000 -0.080000 29.076906 0.000000 0.000000 86.770000 86.770000
1485.460299 0.010000 0.750000 0.240000 -0.050000 -0.030000 0.090000 29.076906 0.000000 0.000000 86.770000 86.770000
1485.488474 0.540000 0.780000 -1.430000 0.060000 0.060000 -0.040000 29.385201 0.000000 0.000000 87.690000 87.690000
1485.520538 -0.670000 -1.100000 1.780000 -0.000000 -0.090000 -0.020000 27.461709 0.000000 0.000000 81.950000 81.950000
1485.550252 0.620000 0.840000 -0.920000 -0.030000 0.030000 0.050000 29.884505 -0.144214 0.000000 86.770000 91.590000
1485.577332 -0.570000 0.230000 0.060000 -0.030000 0.040000 -0.040000 27.066287 0.138230 0.000000 83.080000 78.460000
1485.612438 0.170000 -0.120000 -0.510000 0.050000 0.160000 0.060000 27.840375 0.000000 0.000000 83.080000 83.080000
1485.639570 -0.280000 -0.280000 1.260000 0.000000 -0.080000 -0.030000 29.076906 0.000000 0.000000 86.770000 86.770000
1485.672054 -0.770000 -0.060000 1.170000 -0.150000 0.010000 0.030000 29.884505 -0.144214 0.000000 86.770000 91.590000
1485.709229 0.470000 0.590000 -1.830000 0.010000 -0.020000 -0.030000 27.840375 0.000000 0.000000 83.080000 83.080000
1485.742939 0.490000 0.480000 0.690000 0.060000 0.170000 -0.030000 29.076906 0.000000 0.000000 86.770000 86.770000
1485.772468 -0.150000 -0.120000 0.980000 -0.080000 0.020000 0.070000 29.076906 0.000000 0.000000 86.770000 86.770000
1485.808314 -0.150000 0.520000 -0.620000 -0.190000 0.070000 -0.040000 29.076906 0.000000 0.000000 86.770000 86.770000
1485.841052 -0.170000 -0.380000 -1.430000 0.040000 -0.010000 0.030000 27.840375 0.000000 0.000000 83.080000 83.080000
1485.877412 0.910000 -0.290000 0.630000 0.200000 -0.030000 -0.050000 29.884505 0.144214 0.000000 91.590000 86.770000
1485.914964 0.080000 0.200000 2.860000 -0.090000 -0.020000 -0.040000 28.612788 -0.137931 0.000000 83.080000 87.690000
1485.946928 -0.220000 -0.440000 -0.390000 -0.140000 0.040000 0.040000 27.461709 0.000000 0.000000 81.950000 81.950000
1485.981750 0.030000 -0.690000 -2.010000 0.190000 0.160000 -0.130000 29.884505 -0.144214 0.000000 86.770000 91.590000
1486.012375 -1.030000 -0.990000 1.140000 0.040000 -0.020000 0.140000 28.612788 0.137931 0.000000 87.690000 83.080000
1486.040656 -0.610000 -0.130000 1.150000 -0.170000 0.030000 -0.050000 27.066287 0.138230 0.000000 83.080000 78.460000
1486.071244 0.120000 -0.340000 -2.460000 0.080000 -0.070000 0.030000 29.076906 0.000000 0.000000 86.770000 86.770000
1486.104773 0.930000 1.190000 -0.210000 0.150000 0.020000 0.120000 29.884505 0.144214 0.000000 91.590000 86.770000
1486.138703 -0.430000 -0.550000 2.660000 0.050000 -0.100000 -0.060000 27.840375 0.000000 0.000000 83.080000 83.080000
1486.176996 -0.600000 -0.720000 0.090000 -0.030000 -0.010000 0.080000 29.076906 0.000000 0.000000 86.770000 86.770000
1486.212352 0.520000 1.180000 -0.640000 0.070000 -0.030000 -0.020000 29.884505 0.144214 0.000000 91.590000 86.770000
1486.238669 0.300000 -0.090000 0.720000 0.090000 0.050000 -0.050000 28.269307 -0.144214 0.000000 81.950000 86.770000
1486.274221 0.700000 0.700000 0.400000 -0.090000 0.070000 0.030000 27.840375 0.000000 0.000000 83.080000 83.080000
1486.307311 -0.680000 -0.490000 -0.560000 -0.150000 -0.020000 -0.020000 29.076906 -0.288428 0.000000 81.950000 91.590000
1486.342120 0.290000 -0.060000 -2.260000 0.100000 0.020000 0.040000 27.066287 -0.138230 0.000000 78.460000 83.080000
1486.370436 0.220000 0.060000 1.140000 -0.050000 -0.010000 -0.050000 27.461709 0.000000 0.000000 81.950000 81.950000
1486.399073 -0.500000 0.060000 -0.180000 -0.120000 0.020000 0.000000 29.076906 0.000000 0.000000 86.770000 86.770000
1486.435392 0.820000 1.090000 -0.260000 -0.210000 0.050000 0.020000 29.884505 0.144214 0.000000 91.590000 86.770000
1486.468435 0.090000 -0.480000 -0.710000 0.090000 0.110000 -0.070000 27.840375 0.000000 0.000000 83.080000 83.080000
1486.504478 -0.130000 -0.250000 1.470000 0.090000 0.020000 0.050000 29.076906 0.000000 0.000000 86.770000 86.770000
1486.537327 -0.460000 -0.220000 0.460000 -0.250000 -0.090000 -0.010000 29.076906 0.288428 0.000000 91.590000 81.950000
1486.573780 -0.400000 -0.680000 -2.130000 0.050000 -0.150000 -0.020000 25.519785 0.137931 0.000000 78.460000 73.850000
1486.606742 0.410000 -0.230000 1.490000 0.140000 0.090000 -0.030000 22.425107 0.690552 0.000000 78.460000 55.380000
1486.640961 0.500000 -1.280000 1.610000 -0.060000 0.020000 0.050000 21.000919 0.865284 0.000000 77.130000 48.210000
1486.667857 0.290000 -0.790000 0.150000 -0.040000 -0.110000 0.400000 17.768848 1.154012 0.000000 72.310000 33.740000
1486.704302 0.030000 -0.170000 0.030000 0.050000 0.070000 0.600000 14.694276 1.242874 0.000000 64.620000 23.080000
1486.739996 -0.060000 0.320000 -1.010000 -0.070000 -0.050000 0.500000 12.923256 1.442440 0.000000 62.670000 14.460000
1486.771464 0.270000 -0.520000 -1.420000 0.090000 0.120000 0.700000 8.506595 1.519035 0.000000 50.770000 0.000000
1486.798141 -0.420000 -0.040000 0.670000 -0.100000 -0.130000 0.830000 8.077663 1.442440 0.000000 48.210000 0.000000
1486.837296 -0.430000 0.790000 -0.860000 0.000000 -0.040000 1.120000 8.077663 1.442440 0.000000 48.210000 0.000000
1486.872311 0.190000 0.300000 -0.180000 0.020000 -0.010000 1.300000 8.077663 1.442440 0.000000 48.210000 0.000000
1486.900104 -0.390000 0.810000 1.560000 0.020000 0.070000 1.330000 5.411917 1.242874 0.000000 36.920000 -4.620000
1486.928909 0.070000 0.630000 -0.620000 0.020000 0.030000 1.300000 5.653191 1.586355 0.000000 43.380000 -9.640000
1486.963641 0.230000 0.290000 -0.590000 0.010000 0.040000 1.330000 4.845593 1.442141 0.000000 38.560000 -9.640000
1486.998249 -0.500000 0.210000 0.770000 0.020000 0.010000 1.460000 3.865416 1.519035 0.000000 36.920000 -13.850000
1487.031516 -0.080000 0.230000 -0.430000 -0.020000 0.020000 1.520000 3.093003 1.656966 0.000000 36.920000 -18.460000
1487.069579 0.060000 0.450000 0.090000 0.010000 -0.010000 1.590000 3.230395 1.730569 0.000000 38.560000 -19.280000
1487.098880 0.040000 0.280000 0.110000 -0.020000 -0.020000 1.640000 2.422796 1.586355 0.000000 33.740000 -19.280000
1487.135897 -0.050000 -0.370000 -0.080000 -0.000000 -0.010000 1.760000 2.318914 1.795196 0.000000 36.920000 -23.080000
1487.170723 0.180000 0.260000 -0.410000 0.020000 0.010000 1.760000 1.615198 2.018997 0.000000 38.560000 -28.920000
1487.199035 -0.480000 -0.120000 0.320000 0.000000 0.010000 1.850000 1.615198 2.018997 0.000000 38.560000 -28.920000
1487.235059 -0.260000 0.240000 -0.090000 -0.020000 0.010000 1.940000 1.615198 2.018997 0.000000 38.560000 -28.920000
1487.270974 0.260000 0.210000 -0.440000 0.020000 -0.010000 1.900000 1.615198 2.307425 0.000000 43.380000 -33.740000
1487.300984 0.490000 -0.070000 -0.160000 -0.010000 -0.010000 1.980000 1.615198 2.307425 0.000000 43.380000 -33.740000
1487.329361 0.330000 0.370000 0.720000 -0.020000 -0.040000 2.000000 2.320590 2.071357 0.000000 41.540000 -27.690000
1487.358032 0.040000 0.060000 -0.430000 -0.030000 -0.030000 1.980000 0.807599 2.163211 0.000000 38.560000 -33.740000
1487.392362 0.300000 0.240000 -0.160000 0.020000 0.020000 1.930000 1.615198 2.307425 0.000000 43.380000 -33.740000
1487.428414 0.070000 -0.090000 0.000000 0.000000 -0.010000 1.900000 1.546501 1.933127 0.000000 36.920000 -27.690000
1487.463105 -0.340000 0.100000 -0.850000 0.020000 -0.010000 1.900000 0.772413 2.071357 0.000000 36.920000 -32.310000
1487.492021 -0.270000 -0.360000 0.340000 0.000000 0.010000 1.890000 1.615198 2.018997 0.000000 38.560000 -28.920000
1487.521378 -0.260000 -0.350000 0.350000 -0.010000 -0.000000 1.910000 1.615198 2.307425 0.000000 43.380000 -33.740000
1487.549571 0.130000 0.060000 -0.610000 -0.010000 -0.000000 1.890000 0.772413 2.071357 0.000000 36.920000 -32.310000
1487.586434 -0.210000 -0.240000 -0.220000 0.010000 -0.020000 1.930000 1.615198 2.018997 0.000000 38.560000 -28.920000
1487.618050 -0.090000 0.040000 0.280000 0.010000 0.020000 1.950000 0.807599 2.163211 0.000000 38.560000 -33.740000
1487.653493 0.430000 0.200000 0.170000 0.010000 0.030000 1.930000 2.422796 2.163211 0.000000 43.380000 -28.920000
1487.685410 0.060000 0.110000 0.440000 -0.020000 -0.040000 1.920000 1.047198 2.120425 0.000000 38.560000 -32.310000
1487.722891 -0.270000 -0.140000 0.100000 -0.020000 -0.010000 1.930000 1.615198 2.018997 0.000000 38.560000 -28.920000
1487.749917 0.140000 -0.110000 -0.920000 0.000000 -0.020000 1.870000 0.772413 2.071357 0.000000 36.920000 -32.310000
1487.785683 0.280000 -0.050000 0.230000 0.030000 0.020000 1.910000 1.615198 2.018997 0.000000 38.560000 -28.920000
1487.820646 -0.140000 0.040000 0.010000 0.010000 0.020000 1.840000 0.807599 2.163211 0.000000 38.560000 -33.740000
1487.848386 -0.060000 0.010000 -0.130000 -0.020000 0.010000 1.840000 2.320590 2.071357 0.000000 41.540000 -27.690000
1487.885886 0.040000 -0.060000 0.300000 0.010000 0.020000 1.840000 1.546501 1.933127 0.000000 36.920000 -27.690000
1487.917473 -0.370000 -0.010000 0.030000 0.010000 0.010000 1.880000 1.615198 2.307425 0.000000 43.380000 -33.740000
1487.952287 -0.380000 0.090000 0.150000 -0.000000 0.030000 1.930000 1.615198 2.018997 0.000000 38.560000 -28.920000
1487.979062 0.420000 0.060000 0.160000 0.010000 -0.000000 1.910000 0.772413 2.071357 0.000000 36.920000 -32.310000
1488.007624 0.190000 0.070000 0.110000 -0.000000 0.010000 1.940000 1.615198 2.307425 0.000000 43.380000 -33.740000
1488.042653 0.280000 0.010000 0.150000 0.010000 0.010000 2.010000 0.807599 2.163211 0.000000 38.560000 -33.740000
1488.072121 0.020000 -0.270000 -0.070000 -0.000000 0.010000 1.970000 2.422796 2.163211 0.000000 43.380000 -28.920000
1488.099599 -0.050000 0.020000 -0.180000 -0.000000 0.020000 1.930000 0.772413 2.071357 0.000000 36.920000 -32.310000
1488.135071 -0.200000 0.110000 -0.060000 0.020000 0.020000 1.960000 1.615198 2.307425 0.000000 43.380000 -33.740000
1488.168499 -0.460000 -0.370000 -0.240000 -0.000000 -0.010000 1.970000 1.546501 2.209587 0.000000 41.540000 -32.310000
1488.202748 -0.250000 0.370000 -0.560000 -0.000000 0.010000 2.020000 2.422796 2.163211 0.000000 43.380000 -28.920000
1488.233055 -0.020000 -0.120000 0.090000 -0.010000 0.010000 1.970000 0.807599 2.163211 0.000000 38.560000 -33.740000
1488.269583 -0.740000 0.170000 -0.200000 -0.040000 -0.020000 1.980000 1.615198 2.307425 0.000000 43.380000 -33.740000
1488.297879 -0.300000 0.040000 -0.280000 0.010000 0.010000 1.960000 0.772413 2.071357 0.000000 36.920000 -32.310000
1488.333812 0.600000 0.020000 0.120000 0.030000 0.030000 1.950000 1.615198 2.307425 0.000000 43.380000 -33.740000
1488.368878 0.040000 0.250000 0.030000 -0.040000 -0.020000 1.930000 0.807599 2.163211 0.000000 38.560000 -33.740000
1488.401778 -0.130000 -0.060000 -0.370000 -0.010000 0.020000 1.950000 1.546501 2.209587 0.000000 41.540000 -32.310000
1488.437674 0.310000 0.080000 0.660000 0.010000 0.020000 1.930000 1.546501 2.209587 0.000000 41.540000 -32.310000
1488.472573 0.150000 -0.050000 0.130000 0.000000 0.010000 1.920000 1.615198 2.307425 0.000000 43.380000 -33.740000
1488.502353 -0.110000 0.200000 -0.210000 -0.000000 -0.000000 1.920000 0.807599 2.163211 0.000000 38.560000 -33.740000
1488.531333 -0.080000 -0.160000 0.160000 -0.020000 -0.020000 1.930000 0.772413 2.071357 0.000000 36.920000 -32.310000
1488.559851 0.240000 -0.090000 -0.930000 -0.010000 -0.010000 1.890000 1.615198 2.018997 0.000000 38.560000 -28.920000
1488.596225 0.040000 -0.360000 0.850000 -0.010000 0.010000 1.890000 2.114501 2.108158 0.000000 41.540000 -28.920000
1488.631939 -0.100000 0.130000 -0.190000 -0.060000 -0.020000 1.880000 1.615198 2.018997 0.000000 38.560000 -28.920000
1488.660994 -0.370000 -0.010000 0.160000 -0.010000 -0.010000 1.870000 1.615198 2.307425 0.000000 43.380000 -33.740000
1488.688777 0.220000 0.270000 0.640000 0.000000 -0.000000 1.860000 1.615198 2.018997 0.000000 38.560000 -28.920000
1488.720542 -0.140000 0.050000 -0.200000 0.010000 -0.010000 1.860000 0.772413 2.071357 0.000000 36.920000 -32.310000
1488.750310 0.300000 -0.290000 0.140000 -0.000000 0.020000 1.860000 0.807599 2.163211 0.000000 38.560000 -33.740000
1488.778098 0.050000 0.090000 0.130000 0.010000 0.010000 1.850000 2.422796 2.163211 0.000000 43.380000 -28.920000
1488.810962 0.140000 0.330000 -0.020000 0.010000 0.010000 1.870000 1.546501 1.933127 0.000000 36.920000 -27.690000
1488.842155 -0.160000 -0.100000 0.260000 -0.010000 -0.000000 1.870000 1.546501 1.933127 0.000000 36.920000 -27.690000
1488.870843 -0.020000 -0.040000 0.190000 -0.010000 0.010000 1.900000 0.807599 2.163211 0.000000 38.560000 -33.740000
1488.900485 0.090000 0.100000 0.070000 -0.010000 -0.000000 1.850000 1.615198 2.018997 0.000000 38.560000 -28.920000
1488.929260 0.650000 0.080000 0.090000 0.010000 0.020000 1.890000 1.546501 2.209587 0.000000 41.540000 -32.310000
1488.963729 0.110000 -0.080000 0.240000 0.020000 0.030000 1.850000 1.615198 2.018997 0.000000 38.560000 -28.920000
1488.997649 0.100000 -0.310000 -0.020000 -0.010000 0.010000 1.810000 1.615198 2.018997 0.000000 38.560000 -28.920000
1489.034290 0.130000 -0.070000 0.320000 -0.010000 0.000000 1.820000 1.615198 2.018997 0.000000 38.560000 -28.920000
1489.065835 0.210000 -0.230000 0.050000 -0.020000 -0.030000 1.840000 0.807599 2.163211 0.000000 38.560000 -33.740000
1489.100423 -0.540000 0.170000 -0.210000 -0.010000 -0.020000 1.910000 1.615198 2.018997 0.000000 38.560000 -28.920000
1489.129108 -0.190000 -0.000000 -0.130000 0.010000 0.010000 1.880000 0.772413 2.071357 0.000000 36.920000 -32.310000
1489.165275 -0.030000 0.080000 -0.070000 -0.000000 -0.010000 1.890000 1.615198 2.018997 0.000000 38.560000 -28.920000
1489.199101 0.340000 -0.090000 0.230000 -0.010000 -0.030000 1.900000 0.807599 2.163211 0.000000 38.560000 -33.740000
1489.233541 -0.050000 0.040000 -0.300000 -0.010000 0.000000 1.910000 0.772413 2.071357 0.000000 36.920000 -32.310000
1489.266442 0.360000 -0.020000 0.130000 0.000000 0.000000 1.890000 0.772413 2.071357 0.000000 36.920000 -32.310000
1489.302049 0.140000 -0.020000 0.050000 -0.020000 -0.020000 1.890000 2.422796 2.163211 0.000000 43.380000 -28.920000
1489.330441 -0.140000 0.430000 -0.300000 0.040000 0.000000 1.950000 0.807599 2.163211 0.000000 38.560000 -33.740000
1489.359353 -0.180000 -0.510000 -0.270000 -0.000000 -0.020000 1.930000 1.546501 1.933127 0.000000 36.920000 -27.690000
1489.395587 0.300000 0.050000 0.030000 0.030000 0.040000 1.930000 1.615198 2.307425 0.000000 43.380000 -33.740000
1489.426757 0.200000 -0.070000 0.150000 0.000000 0.010000 1.900000 1.615198 2.018997 0.000000 38.560000 -28.920000
1489.463560 -0.110000 0.080000 -0.150000 0.010000 0.000000 1.880000 0.807599 2.163211 0.000000 38.560000 -33.740000
1489.499811 0.040000 0.090000 -0.280000 0.020000 -0.010000 1.900000 1.546501 1.933127 0.000000 36.920000 -27.690000
1489.526911 0.630000 -0.050000 0.090000 -0.010000 0.010000 1.890000 0.807599 2.163211 0.000000 38.560000 -33.740000
1489.562774 -0.180000 0.200000 0.350000 -0.010000 -0.020000 1.890000 1.546501 2.209587 0.000000 41.540000 -32.310000
1489.589752 -0.260000 0.080000 0.010000 0.020000 -0.000000 1.890000 1.615198 2.018997 0.000000 38.560000 -28.920000
1489.621502 0.080000 0.190000 -0.190000 0.010000 0.010000 1.900000 0.807599 2.163211 0.000000 38.560000 -33.740000
1489.653914 -0.000000 -0.130000 0.270000 0.010000 0.010000 1.870000 1.615198 2.018997 0.000000 38.560000 -28.920000
1489.689603 -0.480000 0.350000 -0.130000 0.010000 0.020000 1.990000 1.546501 2.209587 0.000000 41.540000 -32.310000
1489.716246 0.010000 -0.210000 0.080000 0.010000 0.030000 1.940000 0.807599 2.163211 0.000000 38.560000 -33.740000
1489.748103 -0.040000 0.030000 -0.150000 -0.000000 0.000000 1.900000 0.807599 2.163211 0.000000 38.560000 -33.740000
1489.780656 -0.070000 -0.040000 -0.090000 0.010000 0.010000 1.860000 0.772413 2.071357 0.000000 36.920000 -32.310000
1489.817938 -0.130000 -0.050000 -0.210000 -0.010000 -0.000000 1.910000 1.854796 2.264640 0.000000 43.380000 -32.310000
1489.849839 0.210000 0.190000 0.120000 0.030000 0.030000 1.760000 1.615198 2.018997 0.000000 38.560000 -28.920000
1489.880523 -0.130000 -0.240000 -0.070000 0.000000 -0.010000 1.750000 0.807599 1.874783 0.000000 33.740000 -28.920000
1489.908878 -0.270000 0.160000 -0.130000 0.010000 -0.000000 1.790000 1.546501 1.933127 0.000000 36.920000 -27.690000
1489.946300 0.470000 -0.300000 0.010000 0.010000 0.010000 1.800000 0.807599 2.163211 0.000000 38.560000 -33.740000
1489.977464 0.140000 0.170000 -0.060000 0.020000 0.020000 1.770000 0.774088 1.795196 0.000000 32.310000 -27.690000
1490.011232 -0.040000 -0.230000 -0.380000 -0.000000 -0.020000 1.790000 0.807599 1.874783 0.000000 33.740000 -28.920000
1490.040535 0.020000 0.170000 -0.040000 0.010000 -0.010000 1.810000 0.807599 2.163211 0.000000 38.560000 -33.740000
1490.067565 0.410000 -0.230000 0.550000 -0.010000 0.020000 1.850000 0.807599 2.163211 0.000000 38.560000 -33.740000
1490.103440 -0.040000 0.070000 -0.040000 -0.020000 -0.000000 1.860000 0.772413 2.071357 0.000000 36.920000 -32.310000
1490.132566 -0.530000 0.300000 0.150000 0.010000 0.020000 1.920000 1.615198 2.018997 0.000000 38.560000 -28.920000
1490.163038 0.380000 -0.130000 0.080000 -0.010000 -0.000000 1.930000 0.807599 2.163211 0.000000 38.560000 -33.740000
1490.192448 0.080000 -0.210000 0.160000 0.000000 0.000000 1.880000 0.772413 2.071357 0.000000 36.920000 -32.310000
1490.222071 -0.090000 0.250000 -0.280000 0.010000 0.000000 1.900000 0.772413 2.071357 0.000000 36.920000 -32.310000
1490.250690 -0.220000 -0.360000 0.060000 -0.000000 0.010000 1.950000 1.615198 2.307425 0.000000 43.380000 -33.740000
1490.279927 0.040000 0.060000 -0.080000 -0.010000 -0.030000 1.960000 0.807599 1.874783 0.000000 33.740000 -28.920000
1490.315103 -0.310000 -0.280000 0.010000 -0.020000 0.000000 1.930000 0.772413 2.071357 0.000000 36.920000 -32.310000
1490.350403 -0.500000 -0.030000 -0.150000 -0.030000 -0.010000 1.910000 0.807599 2.163211 0.000000 38.560000 -33.740000
1490.377135 -0.210000 -0.370000 0.210000 -0.010000 0.010000 1.970000 0.807599 2.163211 0.000000 38.560000 -33.740000
1490.410251 0.150000 0.380000 -0.380000 0.010000 0.010000 1.920000 1.615198 2.018997 0.000000 38.560000 -28.920000
1490.437073 0.210000 -0.340000 -0.080000 -0.000000 0.010000 1.870000 0.807599 2.163211 0.000000 38.560000 -33.740000
1490.472449 -0.150000 0.150000 0.400000 -0.010000 -0.010000 1.910000 0.807599 2.163211 0.000000 38.560000 -33.740000
1490.499024 0.670000 -0.330000 -0.370000 0.030000 0.000000 1.860000 1.546501 1.933127 0.000000 36.920000 -27.690000
1490.533891 0.080000 -0.170000 -0.060000 -0.010000 0.010000 1.880000 0.807599 2.163211 0.000000 38.560000 -33.740000
1490.564997 0.060000 0.060000 0.170000 0.010000 0.020000 1.860000 1.615198 2.018997 0.000000 38.560000 -28.920000
1490.599138 0.350000 -0.010000 -0.030000 -0.010000 0.020000 1.870000 0.772413 2.071357 0.000000 36.920000 -32.310000
1490.631414 0.320000 0.080000 0.720000 -0.040000 -0.040000 1.860000 1.546501 1.933127 0.000000 36.920000 -27.690000
1490.661470 -0.350000 0.000000 0.570000 -0.020000 0.000000 1.890000 0.807599 2.163211 0.000000 38.560000 -33.740000
1490.689586 0.310000 0.230000 -0.240000 -0.000000 -0.010000 1.890000 0.807599 2.163211 0.000000 38.560000 -33.740000
1490.717997 -0.140000 0.120000 0.490000 -0.020000 0.010000 1.880000 1.546501 1.933127 0.000000 36.920000 -27.690000
1490.751282 -0.220000 -0.090000 -0.070000 -0.020000 -0.020000 1.920000 0.807599 2.163211 0.000000 38.560000 -33.740000
1490.788283 -0.510000 -0.150000 0.340000 -0.020000 0.000000 1.920000 1.615198 2.307425 0.000000 43.380000 -33.740000
1490.824969 -0.260000 0.170000 -0.420000 -0.010000 -0.000000 1.960000 1.615198 2.018997 0.000000 38.560000 -28.920000
1490.860832 -0.040000 0.010000 -0.610000 -0.020000 0.010000 1.900000 1.546501 1.933127 0.000000 36.920000 -27.690000
1490.890439 -0.290000 0.010000 0.280000 -0.020000 0.010000 1.890000 0.807599 2.163211 0.000000 38.560000 -33.740000
1490.918266 0.010000 0.270000 -0.090000 0.000000 0.000000 1.830000 1.546501 2.209587 0.000000 41.540000 -32.310000
1490.951929 0.360000 0.050000 0.050000 0.010000 0.010000 1.840000 0.807599 2.163211 0.000000 38.560000 -33.740000
1490.980217 0.250000 -0.060000 -0.190000 -0.010000 -0.020000 1.840000 1.615198 2.018997 0.000000 38.560000 -28.920000
1491.011106 0.160000 -0.140000 0.280000 -0.000000 0.020000 1.860000 1.340413 1.969928 0.000000 36.920000 -28.920000
1491.038312 -0.140000 -0.290000 0.120000 0.000000 -0.010000 1.830000 0.772413 2.071357 0.000000 36.920000 -32.310000
1491.070603 0.130000 -0.040000 -0.560000 0.020000 0.010000 1.890000 1.615198 2.018997 0.000000 38.560000 -28.920000
1491.099477 0.090000 0.210000 0.110000 -0.010000 0.010000 1.900000 0.807599 2.163211 0.000000 38.560000 -33.740000
1491.135793 0.010000 -0.020000 0.140000 0.010000 0.000000 1.920000 0.772413 2.071357 0.000000 36.920000 -32.310000
1491.166969 0.040000 0.060000 -0.290000 0.020000 0.010000 1.850000 1.615198 2.018997 0.000000 38.560000 -28.920000
1491.200665 0.180000 -0.020000 -0.110000 0.000000 0.010000 1.840000 1.615198 2.018997 0.000000 38.560000 -28.920000
1491.229145 -0.400000 -0.040000 -0.400000 -0.010000 0.000000 1.840000 1.615198 2.018997 0.000000 38.560000 -28.920000
1491.265054 -0.640000 -0.170000 -0.210000 0.010000 -0.010000 1.900000 1.546501 1.933127 0.000000 36.920000 -27.690000
1491.299865 0.090000 0.190000 -0.580000 -0.000000 -0.020000 1.790000 2.422796 2.163211 0.000000 43.380000 -28.920000
1491.327688 -0.320000 0.060000 0.090000 0.010000 0.010000 1.850000 0.772413 2.071357 0.000000 36.920000 -32.310000
1491.364093 -0.170000 -0.020000 0.290000 0.050000 0.050000 1.800000 1.615198 2.018997 0.000000 38.560000 -28.920000
1491.399236 0.290000 -0.130000 -0.140000 0.010000 -0.000000 1.800000 0.807599 2.163211 0.000000 38.560000 -33.740000
1491.427471 0.220000 0.130000 -0.110000 0.010000 0.010000 1.810000 2.422796 2.163211 0.000000 43.380000 -28.920000
1491.458986 0.080000 -0.200000 0.250000 0.030000 0.010000 1.860000 0.772413 2.071357 0.000000 36.920000 -32.310000
1491.494502 0.230000 -0.080000 -0.090000 0.010000 0.000000 1.860000 1.615198 2.018997 0.000000 38.560000 -28.920000
1491.525575 -0.360000 0.160000 0.360000 0.010000 0.010000 1.880000 0.807599 2.163211 0.000000 38.560000 -33.740000
1491.558758 -0.370000 -0.110000 0.540000 0.010000 0.010000 1.960000 1.546501 2.209587 0.000000 41.540000 -32.310000
1491.593693 0.190000 0.270000 -0.030000 0.010000 0.010000 1.990000 1.546501 2.209587 0.000000 41.540000 -32.310000
1491.630666 -0.130000 0.100000 -0.110000 0.010000 -0.000000 1.940000 1.615198 2.018997 0.000000 38.560000 -28.920000
1491.659601 -0.210000 -0.030000 0.070000 0.020000 0.030000 1.960000 0.807599 2.163211 0.000000 38.560000 -33.740000
1491.692803 0.480000 -0.010000 0.050000 -0.000000 0.010000 1.940000 1.546501 1.933127 0.000000 36.920000 -27.690000
1491.721485 0.120000 -0.070000 -0.350000 -0.010000 -0.020000 1.960000 1.615198 2.307425 0.000000 43.380000 -33.740000
1491.750404 -0.190000 0.280000 -0.150000 0.000000 0.010000 1.920000 1.615198 2.307425 0.000000 43.380000 -33.740000
1491.779068 0.170000 -0.050000 -0.040000 0.010000 -0.010000 1.890000 1.615198 2.018997 0.000000 38.560000 -28.920000
1491.815465 0.380000 0.030000 0.100000 -0.000000 -0.030000 1.880000 1.615198 2.307425 0.000000 43.380000 -33.740000
1491.850595 -0.460000 -0.210000 0.390000 -0.040000 -0.010000 1.940000 1.615198 2.018997 0.000000 38.560000 -28.920000
1491.879684 -0.090000 0.310000 -1.060000 0.030000 0.030000 1.900000 1.546501 2.209587 0.000000 41.540000 -32.310000
1491.908085 0.010000 -0.350000 0.410000 -0.010000 0.010000 1.900000 1.615198 2.018997 0.000000 38.560000 -28.920000
1491.943420 -0.340000 -0.130000 0.290000 -0.020000 0.010000 1.890000 1.615198 2.307425 0.000000 43.380000 -33.740000
1491.972603 0.160000 -0.020000 -0.120000 0.020000 0.020000 1.830000 1.546501 1.933127 0.000000 36.920000 -27.690000
1491.999659 0.450000 -0.040000 0.100000 -0.020000 -0.000000 1.850000 1.546501 1.933127 0.000000 36.920000 -27.690000
1492.036893 0.100000 0.220000 0.360000 0.020000 0.000000 1.830000 1.615198 2.307425 0.000000 43.380000 -33.740000
1492.069893 -0.080000 -0.050000 0.030000 0.050000 0.020000 1.820000 0.807599 1.874783 0.000000 33.740000 -28.920000
1492.108016 -0.180000 -0.110000 0.140000 -0.010000 0.000000 1.810000 0.772413 2.071357 0.000000 36.920000 -32.310000
1492.142735 0.050000 0.140000 0.230000 0.000000 0.020000 1.800000 2.422796 2.163211 0.000000 43.380000 -28.920000
1492.169735 0.010000 -0.130000 0.470000 -0.030000 -0.030000 1.840000 1.615198 2.018997 0.000000 38.560000 -28.920000
1492.203450 0.110000 0.190000 -0.140000 -0.010000 -0.000000 1.860000 0.807599 1.874783 0.000000 33.740000 -28.920000
1492.233388 0.660000 -0.070000 -0.090000 0.010000 -0.010000 1.760000 1.615198 2.018997 0.000000 38.560000 -28.920000
1492.263912 -0.190000 0.170000 0.310000 0.010000 0.010000 1.770000 1.615198 2.307425 0.000000 43.380000 -33.740000
1492.298360 0.350000 -0.120000 -0.550000 -0.010000 -0.020000 1.680000 0.774088 1.795196 0.000000 32.310000 -27.690000
1492.336562 -0.660000 0.010000 0.160000 -0.040000 0.000000 1.750000 0.807599 1.874783 0.000000 33.740000 -28.920000
1492.372153 -0.360000 0.320000 -0.060000 0.000000 0.000000 1.770000 1.615198 2.018997 0.000000 38.560000 -28.920000
1492.400990 0.190000 -0.090000 0.040000 -0.020000 0.010000 1.790000 1.546501 1.933127 0.000000 36.920000 -27.690000
1492.428452 -0.260000 0.360000 0.270000 0.000000 -0.010000 1.810000 1.546501 1.933127 0.000000 36.920000 -27.690000
1492.464591 0.360000 -0.100000 -0.570000 0.010000 0.030000 1.780000 0.807599 1.874783 0.000000 33.740000 -28.920000
1492.500667 -0.190000 0.050000 -0.240000 -0.040000 -0.050000 1.800000 1.615198 2.018997 0.000000 38.560000 -28.920000
1492.529076 0.260000 0.170000 0.260000 -0.010000 -0.010000 1.800000 1.546501 1.933127 0.000000 36.920000 -27.690000
1492.562311 -0.460000 0.110000 -0.330000 0.010000 0.010000 1.800000 1.615198 2.018997 0.000000 38.560000 -28.920000
1492.598850 -0.320000 -0.160000 -0.160000 -0.010000 0.010000 1.850000 0.807599 1.874783 0.000000 33.740000 -28.920000
1492.633421 0.210000 -0.120000 0.250000 -0.000000 0.010000 1.800000 1.615198 2.018997 0.000000 38.560000 -28.920000
1492.664821 -0.080000 -0.180000 -0.320000 0.010000 0.010000 1.850000 0.772413 2.071357 0.000000 36.920000 -32.310000
1492.700586 0.120000 -0.150000 -0.020000 -0.010000 0.020000 1.850000 1.615198 2.018997 0.000000 38.560000 -28.920000
1492.727988 -0.070000 -0.000000 -0.120000 -0.020000 -0.010000 1.790000 1.546501 1.933127 0.000000 36.920000 -27.690000
1492.764943 -0.460000 -0.070000 0.360000 -0.010000 0.000000 1.830000 1.615198 2.018997 0.000000 38.560000 -28.920000
1492.799445 -0.120000 0.130000 -0.050000 -0.010000 -0.010000 1.880000 0.807599 2.163211 0.000000 38.560000 -33.740000
1492.832712 0.400000 -0.050000 0.250000 0.020000 0.020000 1.890000 0.807599 2.163211 0.000000 38.560000 -33.740000
1492.867848 0.520000 0.090000 0.400000 -0.020000 0.010000 1.860000 1.546501 1.933127 0.000000 36.920000 -27.690000
1492.899512 0.170000 0.050000 -0.180000 0.000000 0.010000 1.900000 0.807599 2.163211 0.000000 38.560000 -33.740000
1492.928587 0.460000 -0.060000 0.230000 0.010000 0.000000 1.880000 2.422796 2.163211 0.000000 43.380000 -28.920000
1492.960239 0.000000 0.020000 0.090000 0.000000 -0.010000 1.860000 0.772413 2.071357 0.000000 36.920000 -32.310000
1492.990845 -0.100000 0.110000 -0.280000 -0.010000 0.010000 1.890000 1.546501 1.933127 0.000000 36.920000 -27.690000
1493.017992 -0.230000 -0.160000 0.220000 -0.000000 0.010000 1.870000 0.807599 2.163211 0.000000 38.560000 -33.740000
1493.057912 -0.420000 0.310000 -0.890000 -0.030000 -0.020000 1.860000 1.615198 2.018997 0.000000 38.560000 -28.920000
1493.094089 -0.300000 -0.180000 -0.070000 0.010000 0.000000 1.860000 1.546501 1.933127 0.000000 36.920000 -27.690000
1493.128582 0.370000 -0.030000 0.170000 -0.020000 -0.020000 1.850000 0.807599 2.163211 0.000000 38.560000 -33.740000
1493.162292 0.330000 0.170000 -0.090000 0.010000 0.010000 1.890000 1.306903 2.252372 0.000000 41.540000 -33.740000
1493.191015 0.680000 -0.050000 0.620000 0.030000 0.030000 1.840000 1.615198 2.018997 0.000000 38.560000 -28.920000
1493.221346 0.280000 -0.050000 -0.370000 -0.010000 -0.000000 1.830000 0.807599 2.163211 0.000000 38.560000 -33.740000
1493.248893 0.100000 -0.220000 -0.150000 0.000000 0.000000 1.880000 0.807599 2.163211 0.000000 38.560000 -33.740000
1493.283046 -0.560000 -0.000000 0.240000 0.020000 -0.000000 1.940000 2.320590 2.071357 0.000000 41.540000 -27.690000
1493.312915 -0.160000 -0.060000 -0.030000 0.010000 0.010000 1.950000 1.615198 2.018997 0.000000 38.560000 -28.920000
1493.342644 0.210000 -0.150000 -0.040000 0.010000 0.020000 1.940000 0.807599 2.163211 0.000000 38.560000 -33.740000
1493.369236 0.240000 0.010000 0.170000 -0.000000 0.020000 1.900000 0.772413 2.071357 0.000000 36.920000 -32.310000
1493.402554 0.170000 0.270000 -0.220000 0.020000 0.010000 1.910000 0.772413 2.071357 0.000000 36.920000 -32.310000
1493.435539 0.140000 -0.210000 -0.060000 0.010000 0.020000 1.830000 1.615198 2.018997 0.000000 38.560000 -28.920000
1493.469865 -0.080000 -0.090000 -0.100000 -0.020000 -0.000000 1.770000 0.000000 2.018997 0.000000 33.740000 -33.740000
1493.499118 -0.170000 0.170000 0.080000 0.010000 0.010000 1.770000 0.000000 1.933426 0.000000 32.310000 -32.310000
1493.536411 -0.560000 0.320000 0.040000 0.010000 -0.010000 1.840000 1.615198 2.018997 0.000000 38.560000 -28.920000
1493.573281 0.210000 0.060000 -0.160000 0.000000 -0.010000 1.870000 0.807599 1.874783 0.000000 33.740000 -28.920000
1493.601870 0.390000 0.180000 -0.050000 -0.020000 0.010000 1.800000 1.615198 2.018997 0.000000 38.560000 -28.920000
1493.628901 0.100000 -0.160000 -0.060000 0.010000 -0.000000 1.800000 0.807599 2.163211 0.000000 38.560000 -33.740000
1493.668698 -0.040000 -0.070000 -0.900000 -0.020000 -0.030000 1.810000 0.000000 2.018997 0.000000 33.740000 -33.740000
1493.703122 -0.160000 -0.120000 0.170000 0.010000 0.010000 1.880000 0.772413 2.071357 0.000000 36.920000 -32.310000
1493.732426 -0.200000 0.140000 -0.140000 0.010000 0.010000 1.860000 0.807599 2.163211 0.000000 38.560000 -33.740000
1493.761271 -0.470000 -0.070000 0.570000 -0.010000 -0.010000 1.940000 0.807599 2.163211 0.000000 38.560000 -33.740000
1493.787724 -0.090000 0.050000 0.730000 0.010000 0.010000 1.960000 0.772413 2.071357 0.000000 36.920000 -32.310000
1493.819160 0.340000 -0.100000 0.190000 0.020000 0.000000 1.900000 1.546501 2.209587 0.000000 41.540000 -32.310000
1493.856734 0.140000 -0.110000 0.070000 -0.010000 -0.020000 1.930000 0.807599 2.163211 0.000000 38.560000 -33.740000
1493.888442 0.120000 -0.030000 0.220000 0.020000 -0.010000 1.900000 0.807599 2.163211 0.000000 38.560000 -33.740000
1493.920848 0.170000 -0.310000 0.350000 -0.000000 -0.010000 1.930000 0.772413 2.071357 0.000000 36.920000 -32.310000
1493.951854 0.040000 0.180000 -0.010000 -0.010000 0.000000 1.900000 0.807599 2.163211 0.000000 38.560000 -33.740000
1493.980810 0.150000 0.070000 -0.440000 0.010000 0.030000 1.950000 0.807599 2.163211 0.000000 38.560000 -33.740000
1494.009657 -0.230000 -0.090000 -0.070000 -0.040000 -0.030000 1.930000 1.615198 2.018997 0.000000 38.560000 -28.920000
1494.043575 -0.140000 0.140000 -0.340000 0.020000 0.020000 1.860000 0.772413 2.071357 0.000000 36.920000 -32.310000
1494.076879 0.180000 -0.030000 0.160000 0.020000 0.020000 1.810000 0.807599 2.163211 0.000000 38.560000 -33.740000
1494.110731 -0.440000 0.070000 -0.160000 -0.020000 -0.010000 1.840000 1.546501 1.933127 0.000000 36.920000 -27.690000
1494.139860 0.040000 0.160000 -0.290000 0.000000 0.010000 1.840000 1.615198 2.018997 0.000000 38.560000 -28.920000
1494.173130 0.040000 -0.060000 0.180000 -0.010000 -0.000000 1.810000 0.807599 2.163211 0.000000 38.560000 -33.740000
1494.202416 -0.260000 0.280000 -0.100000 0.010000 0.010000 1.800000 0.532814 2.114142 0.000000 36.920000 -33.740000
1494.231347 0.270000 -0.130000 -0.080000 -0.000000 -0.010000 1.800000 1.546501 1.933127 0.000000 36.920000 -27.690000
1494.261494 0.040000 -0.070000 -0.180000 -0.040000 -0.030000 1.840000 0.807599 2.163211 0.000000 38.560000 -33.740000
1494.289226 -0.150000 -0.180000 0.020000 0.030000 -0.010000 1.810000 1.615198 2.018997 0.000000 38.560000 -28.920000
1494.324251 -0.100000 -0.100000 0.040000 -0.010000 -0.010000 1.840000 1.546501 1.933127 0.000000 36.920000 -27.690000
1494.359240 -0.200000 -0.370000 0.470000 -0.030000 0.010000 1.920000 1.047198 2.120425 0.000000 38.560000 -32.310000
1494.397326 -0.140000 -0.060000 -0.150000 0.010000 0.040000 1.900000 1.615198 2.307425 0.000000 43.380000 -33.740000
1494.432059 0.230000 0.060000 -0.250000 0.010000 0.030000 1.910000 0.807599 1.874783 0.000000 33.740000 -28.920000
1494.458758 0.340000 0.140000 0.060000 -0.000000 0.010000 1.920000 1.546501 1.933127 0.000000 36.920000 -27.690000
1494.493313 0.360000 0.200000 -0.010000 0.020000 -0.010000 1.830000 0.807599 2.163211 0.000000 38.560000 -33.740000
1494.520716 -0.110000 -0.120000 0.090000 0.000000 -0.000000 1.820000 0.772413 2.071357 0.000000 36.920000 -32.310000
1494.550742 -0.090000 -0.140000 -0.060000 0.010000 0.020000 1.800000 1.615198 2.018997 0.000000 38.560000 -28.920000
1494.578096 -0.110000 -0.040000 -0.100000 0.020000 0.010000 1.800000 0.807599 2.163211 0.000000 38.560000 -33.740000
1494.614347 -0.120000 -0.200000 0.310000 -0.020000 -0.000000 1.830000 1.615198 2.018997 0.000000 38.560000 -28.920000
1494.645695 0.040000 -0.020000 0.120000 -0.010000 0.010000 1.860000 0.772413 2.071357 0.000000 36.920000 -32.310000
1494.680328 0.670000 0.070000 -0.510000 -0.010000 0.010000 1.820000 1.615198 2.018997 0.000000 38.560000 -28.920000
1494.709914 -0.020000 0.070000 0.720000 -0.010000 0.020000 1.840000 0.807599 2.163211 0.000000 38.560000 -33.740000
1494.738692 0.190000 0.190000 0.170000 0.010000 0.010000 1.860000 1.546501 1.933127 0.000000 36.920000 -27.690000
1494.774540 -0.120000 -0.250000 -0.550000 0.010000 0.020000 1.820000 1.546501 1.933127 0.000000 36.920000 -27.690000
1494.805651 -0.600000 0.230000 0.010000 0.010000 0.010000 1.840000 1.615198 2.307425 0.000000 43.380000 -33.740000
1494.840719 -0.230000 -0.230000 -0.010000 0.010000 0.020000 1.870000 0.807599 1.874783 0.000000 33.740000 -28.920000
1494.874540 0.050000 -0.180000 -1.180000 0.010000 0.030000 1.850000 0.772413 2.071357 0.000000 36.920000 -32.310000
1494.910532 -0.220000 0.040000 -0.080000 -0.010000 -0.010000 1.830000 1.615198 2.018997 0.000000 38.560000 -28.920000
1494.937565 -0.130000 0.220000 -0.070000 0.010000 0.020000 1.830000 1.615198 2.307425 0.000000 43.380000 -33.740000
1494.971137 -0.060000 0.010000 0.570000 0.010000 0.000000 1.930000 0.807599 1.874783 0.000000 33.740000 -28.920000
1494.997646 0.560000 0.040000 0.110000 0.020000 0.020000 1.860000 1.615198 2.307425 0.000000 43.380000 -33.740000
1495.034092 -0.230000 -0.170000 0.420000 0.030000 0.020000 1.850000 0.807599 2.163211 0.000000 38.560000 -33.740000
1495.067535 0.220000 -0.060000 0.010000 0.000000 0.000000 1.890000 2.320590 2.071357 0.000000 41.540000 -27.690000
1495.100966 0.130000 0.010000 0.010000 -0.010000 0.020000 1.910000 1.615198 2.018997 0.000000 38.560000 -28.920000
1495.128997 -0.050000 0.010000 0.210000 -0.010000 0.000000 1.920000 0.807599 2.163211 0.000000 38.560000 -33.740000
1495.165718 0.130000 0.140000 0.000000 0.010000 0.040000 1.910000 1.546501 2.209587 0.000000 41.540000 -32.310000
1495.198401 -0.170000 -0.170000 0.150000 -0.000000 0.020000 1.940000 0.772413 2.071357 0.000000 36.920000 -32.310000
1495.232721 -0.200000 0.180000 -0.010000 -0.000000 0.050000 1.890000 1.615198 2.018997 0.000000 38.560000 -28.920000
1495.261766 -0.070000 -0.040000 -0.100000 0.020000 0.040000 1.850000 2.422796 2.163211 0.000000 43.380000 -28.920000
1495.288641 -0.100000 -0.100000 -0.180000 0.020000 0.010000 1.870000 0.772413 2.071357 0.000000 36.920000 -32.310000
1495.323662 0.130000 0.140000 -0.400000 0.000000 0.000000 1.900000 0.807599 2.163211 0.000000 38.560000 -33.740000
1495.355551 -0.600000 -0.030000 -0.000000 -0.020000 -0.020000 1.920000 0.807599 2.163211 0.000000 38.560000 -33.740000
1495.391312 -0.050000 0.140000 0.010000 -0.010000 -0.000000 1.890000 1.615198 2.018997 0.000000 38.560000 -28.920000
1495.421944 -0.010000 -0.150000 0.270000 -0.020000 -0.020000 1.900000 1.854796 2.264640 0.000000 43.380000 -32.310000
1495.451292 -0.230000 0.430000 -0.450000 -0.050000 -0.030000 1.900000 2.422796 2.163211 0.000000 43.380000 -28.920000
1495.477802 -0.020000 0.220000 0.540000 0.010000 0.020000 1.950000 0.772413 2.071357 0.000000 36.920000 -32.310000
1495.513480 0.940000 -0.190000 0.560000 0.010000 0.020000 1.900000 1.615198 2.018997 0.000000 38.560000 -28.920000
1495.543629 -0.000000 -0.040000 0.030000 -0.030000 -0.010000 1.870000 1.615198 2.307425 0.000000 43.380000 -33.740000
1495.577802 0.110000 -0.080000 -0.190000 0.000000 -0.010000 1.880000 1.546501 1.933127 0.000000 36.920000 -27.690000
1495.613730 0.100000 -0.040000 0.240000 0.020000 0.000000 1.830000 1.546501 1.933127 0.000000 36.920000 -27.690000
1495.647623 0.110000 0.040000 -0.350000 -0.010000 -0.010000 1.810000 0.807599 2.163211 0.000000 38.560000 -33.740000
1495.682251 -0.760000 0.140000 0.120000 -0.010000 -0.020000 1.850000 2.422796 2.163211 0.000000 43.380000 -28.920000
1495.710715 -0.210000 -0.370000 0.220000 0.010000 0.010000 1.910000 1.546501 1.933127 0.000000 36.920000 -27.690000
1495.738628 0.470000 0.210000 -0.040000 -0.010000 -0.010000 1.800000 0.807599 2.163211 0.000000 38.560000 -33.740000
1495.772168 0.050000 0.260000 0.040000 -0.010000 -0.000000 1.830000 1.615198 2.018997 0.000000 38.560000 -28.920000
1495.800993 0.530000 0.090000 0.290000 0.020000 -0.010000 1.790000 1.615198 2.018997 0.000000 38.560000 -28.920000
1495.829421 0.010000 0.180000 0.280000 -0.020000 -0.020000 1.790000 0.772413 2.071357 0.000000 36.920000 -32.310000
1495.864280 -0.270000 0.060000 -0.420000 0.010000 -0.010000 1.760000 1.615198 2.018997 0.000000 38.560000 -28.920000
1495.895770 -0.260000 -0.480000 0.360000 0.010000 0.000000 1.760000 1.546501 1.933127 0.000000 36.920000 -27.690000
1495.930503 -0.060000 0.340000 0.060000 -0.090000 -0.170000 1.620000 1.615198 1.730569 0.000000 33.740000 -24.100000
1495.958902 0.150000 0.240000 -0.360000 0.050000 0.040000 1.570000 1.615198 2.018997 0.000000 38.560000 -28.920000
1495.994901 -0.260000 -0.270000 0.180000 0.020000 -0.030000 1.600000 1.615198 2.018997 0.000000 38.560000 -28.920000
1496.026852 -0.060000 0.260000 -0.250000 -0.010000 0.020000 1.700000 0.774088 1.795196 0.000000 32.310000 -27.690000
1496.062454 0.220000 -0.440000 -0.320000 -0.010000 0.000000 1.720000 2.422796 1.874783 0.000000 38.560000 -24.100000
1496.091863 -0.240000 -0.200000 -0.400000 0.010000 0.020000 1.740000 0.807599 1.874783 0.000000 33.740000 -28.920000
1496.120475 0.200000 0.140000 0.140000 -0.000000 -0.010000 1.740000 1.546501 1.933127 0.000000 36.920000 -27.690000
1496.148459 -0.350000 -0.040000 -0.560000 0.000000 -0.020000 1.560000 1.546501 1.657265 0.000000 32.310000 -23.080000
1496.186266 -0.040000 0.420000 -0.290000 0.000000 -0.010000 1.250000 2.422796 1.586355 0.000000 33.740000 -19.280000
