1143.198116 0.030000 -0.020000 -9.970000 0.000000 0.000000 -0.000000 0.000000 0.000000 0.000000 0.000000 0.000000
1143.234679 0.030000 0.030000 -8.840000 -0.000000 -0.000000 0.000000 0.000000 0.000000 0.000000 0.000000 0.000000
1143.267369 -0.030000 0.010000 -7.730000 -0.000000 0.000000 0.000000 0.000000 0.000000 0.000000 0.000000 0.000000
1143.302129 0.010000 0.020000 -6.620000 0.000000 0.000000 0.000000 1.615198 0.288428 0.000000 9.640000 0.000000
1143.336119 -0.020000 -0.010000 -5.470000 -0.000000 0.000000 -0.000000 3.094678 0.276161 0.000000 13.850000 4.620000
1143.372903 1.320000 1.980000 -5.380000 0.000000 0.010000 -0.210000 4.845593 0.288428 0.000000 19.280000 9.640000
1143.402950 -0.930000 0.290000 -2.430000 -0.070000 -0.040000 0.140000 6.460790 0.288428 0.000000 24.100000 14.460000
1143.432818 0.090000 0.600000 -1.800000 -0.040000 0.010000 -0.020000 9.279008 0.000000 0.000000 27.690000 27.690000
1143.460371 0.070000 -0.220000 -1.560000 0.050000 0.070000 -0.050000 12.372011 0.000000 0.000000 36.920000 36.920000
1143.490949 0.060000 -0.050000 -0.520000 0.060000 0.020000 -0.050000 14.536778 0.000000 0.000000 43.380000 43.380000
1143.519976 0.340000 0.430000 0.680000 -0.020000 0.020000 0.010000 15.346052 -0.144513 0.000000 43.380000 48.210000
1143.557157 -0.330000 -0.770000 0.800000 0.070000 0.020000 -0.030000 17.013190 0.000000 0.000000 50.770000 50.770000
1143.593207 -0.100000 -0.210000 0.260000 -0.120000 0.020000 0.010000 21.000919 0.000000 0.000000 62.670000 62.670000
1143.630846 -0.350000 -0.460000 -0.650000 -0.090000 -0.030000 -0.030000 20.587066 -0.362330 0.000000 55.380000 67.490000
1143.658857 -0.340000 -0.720000 1.630000 -0.050000 0.030000 0.030000 21.808517 0.144214 0.000000 67.490000 62.670000
1143.691379 -0.320000 0.600000 -0.610000 -0.070000 0.100000 -0.030000 23.423715 -0.144214 0.000000 67.490000 72.310000
1143.722236 -0.230000 -0.880000 -0.330000 -0.040000 0.040000 0.050000 25.038912 0.144214 0.000000 77.130000 72.310000
1143.751519 0.170000 0.580000 -0.030000 -0.020000 -0.030000 -0.010000 23.973284 -0.138230 0.000000 69.230000 73.850000
1143.780625 -0.740000 -1.390000 -1.660000 0.010000 0.040000 -0.020000 25.846511 0.000000 0.000000 77.130000 77.130000
1143.809609 -0.430000 0.750000 1.780000 0.060000 0.090000 -0.050000 26.654110 -0.144214 0.000000 77.130000 81.950000
1143.847689 -0.090000 -1.100000 -0.130000 0.010000 -0.050000 0.040000 25.519785 0.137931 0.000000 78.460000 73.850000
1143.885859 -0.210000 -0.160000 -0.910000 -0.060000 0.010000 -0.060000 26.292198 0.000000 0.000000 78.460000 78.460000
1143.919695 0.270000 -0.360000 -0.480000 -0.070000 -0.060000 0.010000 27.461709 0.000000 0.000000 81.950000 81.950000
1143.955586 0.670000 0.500000 -0.690000 -0.080000 0.000000 -0.010000 27.461709 0.000000 0.000000 81.950000 81.950000
1143.987719 0.960000 0.570000 -0.400000 -0.010000 -0.080000 -0.020000 27.066287 0.138230 0.000000 83.080000 78.460000
1144.024604 0.040000 -0.390000 -0.380000 0.040000 0.120000 -0.040000 28.269307 -0.144214 0.000000 81.950000 86.770000
1144.056579 -0.680000 0.260000 0.740000 0.010000 -0.080000 -0.020000 29.884505 -0.144214 0.000000 86.770000 91.590000
1144.090393 -0.260000 -0.050000 -0.380000 -0.130000 0.020000 0.020000 26.654110 -0.144214 0.000000 77.130000 81.950000
1144.117845 0.420000 0.360000 -0.280000 0.000000 -0.100000 -0.050000 29.076906 0.000000 0.000000 86.770000 86.770000
1144.153257 0.750000 0.100000 -0.600000 0.190000 0.040000 0.000000 29.076906 0.000000 0.000000 86.770000 86.770000
1144.183084 -0.520000 -0.700000 1.150000 -0.000000 -0.010000 0.010000 27.840375 0.000000 0.000000 83.080000 83.080000
1144.212279 0.090000 -0.400000 -0.040000 -0.100000 0.120000 -0.060000 28.269307 -0.144214 0.000000 81.950000 86.770000
1144.241150 -0.150000 -0.770000 -2.070000 0.250000 -0.090000 0.040000 29.076906 0.000000 0.000000 86.770000 86.770000
1144.277024 0.680000 0.530000 1.500000 0.130000 0.140000 0.080000 27.840375 0.000000 0.000000 83.080000 83.080000
1144.313340 -0.460000 -0.380000 1.800000 0.020000 -0.120000 -0.050000 27.840375 0.000000 0.000000 83.080000 83.080000
1144.386397 -0.180000 -0.380000 0.300000 -0.090000 -0.040000 -0.040000 29.884505 -0.144214 0.000000 86.770000 91.590000
1144.437713 0.660000 1.200000 -1.710000 -0.020000 0.010000 0.090000 29.884505 0.144214 0.000000 91.590000 86.770000
1144.474610 0.280000 -0.020000 1.120000 0.060000 0.170000 -0.050000 27.840375 0.000000 0.000000 83.080000 83.080000
1144.509790 -0.150000 0.350000 1.310000 -0.030000 0.000000 0.060000 29.076906 0.000000 0.000000 86.770000 86.770000
1144.537135 -0.120000 0.030000 -1.720000 -0.060000 0.010000 0.010000 29.076906 0.000000 0.000000 86.770000 86.770000
1144.573489 -0.030000 -0.340000 -0.890000 0.030000 -0.100000 -0.010000 27.461709 0.000000 0.000000 81.950000 81.950000
1144.607254 0.250000 -0.280000 0.340000 0.080000 -0.080000 0.030000 27.840375 0.000000 0.000000 83.080000 83.080000
1144.647175 -0.310000 0.350000 0.910000 -0.080000 -0.020000 -0.010000 29.076906 0.000000 0.000000 86.770000 86.770000
1144.683167 0.030000 0.960000 -1.710000 0.000000 -0.020000 0.040000 27.840375 0.000000 0.000000 83.080000 83.080000
1144.711009 -0.370000 -0.760000 0.490000 0.090000 -0.000000 -0.020000 28.269307 -0.144214 0.000000 81.950000 86.770000
1144.741647 0.380000 -0.050000 -0.320000 0.080000 -0.020000 -0.010000 29.076906 0.000000 0.000000 86.770000 86.770000
1144.770611 -0.510000 0.320000 -0.130000 0.140000 0.040000 0.030000 29.231054 0.027526 0.000000 87.690000 86.770000
1144.800244 -0.030000 -0.610000 2.650000 0.030000 -0.170000 -0.000000 27.840375 0.000000 0.000000 83.080000 83.080000
1144.835124 -0.120000 0.660000 1.350000 -0.090000 0.050000 0.030000 29.076906 0.000000 0.000000 86.770000 86.770000
1144.872509 -0.080000 -0.050000 -1.220000 -0.180000 -0.020000 0.000000 29.884505 -0.144214 0.000000 86.770000 91.590000
1144.902266 0.340000 -0.160000 -2.420000 0.100000 0.100000 -0.040000 27.066287 0.138230 0.000000 83.080000 78.460000
1144.931857 0.110000 -1.190000 1.880000 0.020000 -0.050000 -0.010000 28.269307 -0.144214 0.000000 81.950000 86.770000
1144.961340 0.600000 1.110000 -1.020000 -0.130000 0.060000 -0.020000 29.884505 -0.144214 0.000000 86.770000 91.590000
1144.989669 0.500000 0.920000 -2.100000 0.030000 -0.120000 0.050000 27.461709 0.000000 0.000000 81.950000 81.950000
1145.021463 0.520000 0.090000 0.310000 0.060000 0.130000 -0.020000 27.840375 0.000000 0.000000 83.080000 83.080000
1145.058546 -0.190000 0.330000 1.340000 0.110000 -0.000000 0.010000 29.076906 -0.288428 0.000000 81.950000 91.590000
1145.094132 -0.570000 -0.750000 -0.330000 -0.180000 0.000000 -0.020000 27.840375 0.000000 0.000000 83.080000 83.080000
1145.127890 -0.870000 -0.700000 -1.810000 0.050000 -0.220000 -0.020000 27.461709 0.000000 0.000000 81.950000 81.950000
1145.164703 0.290000 0.790000 3.290000 0.110000 -0.090000 -0.060000 29.884505 -0.144214 0.000000 86.770000 91.590000
1145.197907 -0.730000 -0.250000 0.660000 -0.080000 -0.080000 0.090000 28.269307 0.144214 0.000000 86.770000 81.950000
1145.233965 -0.460000 -0.140000 -0.020000 -0.120000 0.060000 0.020000 27.840375 0.000000 0.000000 83.080000 83.080000
1145.269642 -0.010000 -0.690000 -0.880000 0.120000 0.010000 -0.010000 29.076906 0.000000 0.000000 86.770000 86.770000
1145.298715 0.400000 0.120000 0.410000 0.050000 0.010000 -0.010000 29.076906 0.000000 0.000000 86.770000 86.770000
1145.335335 0.580000 -0.080000 -0.780000 -0.000000 0.010000 0.060000 27.840375 0.000000 0.000000 83.080000 83.080000
1145.367757 -0.140000 -0.550000 0.780000 -0.010000 -0.110000 -0.010000 27.840375 0.000000 0.000000 83.080000 83.080000
1145.402347 0.120000 -0.160000 1.690000 0.080000 0.060000 -0.020000 29.076906 0.000000 0.000000 86.770000 86.770000
1145.430361 -0.210000 1.020000 0.030000 -0.060000 -0.000000 0.000000 27.461709 0.000000 0.000000 81.950000 81.950000
1145.460380 0.790000 0.080000 -0.760000 0.020000 0.150000 -0.050000 27.066287 -0.138230 0.000000 78.460000 83.080000
1145.487393 -0.310000 0.020000 0.710000 -0.030000 0.040000 0.010000 28.269307 0.144214 0.000000 86.770000 81.950000
1145.522540 -0.640000 0.080000 0.370000 -0.190000 -0.000000 0.010000 29.076906 0.000000 0.000000 86.770000 86.770000
1145.549708 0.180000 1.000000 -0.410000 0.020000 0.030000 -0.070000 27.461709 0.000000 0.000000 81.950000 81.950000
1145.586201 -0.510000 -1.120000 -0.100000 -0.040000 0.170000 0.000000 28.269307 -0.144214 0.000000 81.950000 86.770000
1145.619702 -0.110000 0.830000 -1.620000 0.150000 -0.030000 0.020000 28.269307 0.144214 0.000000 86.770000 81.950000
1145.647863 1.100000 0.070000 -0.820000 0.110000 0.090000 0.010000 27.840375 0.000000 0.000000 83.080000 83.080000
1145.684082 0.500000 -0.040000 0.450000 0.010000 -0.090000 -0.020000 26.654110 0.144214 0.000000 81.950000 77.130000
1145.718628 0.170000 -0.260000 1.280000 -0.100000 -0.010000 0.030000 29.076906 0.000000 0.000000 86.770000 86.770000
1145.752782 -0.450000 0.060000 -1.570000 -0.150000 -0.020000 0.000000 27.840375 0.000000 0.000000 83.080000 83.080000
1145.781505 0.380000 0.010000 -1.960000 0.130000 0.050000 -0.020000 27.066287 0.138230 0.000000 83.080000 78.460000
1145.810553 -0.230000 -0.690000 1.970000 0.030000 -0.030000 0.040000 29.076906 0.000000 0.000000 86.770000 86.770000
1145.838932 -0.270000 0.540000 -0.620000 -0.150000 0.060000 -0.070000 28.269307 -0.144214 0.000000 81.950000 86.770000
1145.874628 -0.300000 0.720000 0.220000 -0.130000 0.040000 -0.010000 27.840375 0.000000 0.000000 83.080000 83.080000
1145.906544 0.130000 -0.290000 -1.230000 0.060000 0.040000 0.020000 28.269307 -0.144214 0.000000 81.950000 86.770000
1145.943807 -0.210000 -0.170000 -0.140000 0.200000 -0.030000 0.020000 29.884505 -0.144214 0.000000 86.770000 91.590000
1145.976803 -0.050000 0.040000 0.640000 -0.020000 -0.060000 0.040000 26.654110 -0.144214 0.000000 77.130000 81.950000
1146.010760 0.770000 0.150000 1.240000 -0.080000 0.100000 -0.050000 29.076906 0.000000 0.000000 86.770000 86.770000
1146.038806 -0.120000 -1.040000 -1.970000 0.170000 0.090000 -0.070000 29.076906 0.000000 0.000000 86.770000 86.770000
1146.076394 0.430000 -0.440000 2.110000 0.010000 0.030000 0.010000 27.840375 0.000000 0.000000 83.080000 83.080000
1146.108275 -0.620000 -0.400000 0.440000 -0.010000 -0.050000 0.000000 26.654110 0.144214 0.000000 81.950000 77.130000
1146.142121 0.110000 -0.090000 0.440000 -0.030000 -0.020000 0.030000 29.076906 0.000000 0.000000 86.770000 86.770000
1146.172613 0.680000 1.540000 -1.190000 0.010000 0.080000 0.060000 27.840375 0.000000 0.000000 83.080000 83.080000
1146.200232 0.390000 -0.080000 1.160000 0.030000 0.130000 -0.020000 27.840375 0.000000 0.000000 83.080000 83.080000
1146.229856 -0.270000 1.150000 0.370000 -0.070000 -0.010000 -0.020000 29.076906 0.000000 0.000000 86.770000 86.770000
1146.264668 -0.170000 0.200000 -1.910000 -0.060000 -0.030000 -0.070000 29.076906 0.000000 0.000000 86.770000 86.770000
1146.299681 0.020000 -0.090000 -0.380000 -0.030000 -0.080000 0.120000 27.840375 0.000000 0.000000 83.080000 83.080000
1146.326540 0.400000 0.350000 0.550000 0.090000 -0.020000 -0.040000 28.269307 0.144214 0.000000 86.770000 81.950000
1146.359398 -0.690000 -0.540000 1.120000 0.020000 0.010000 -0.010000 28.269307 -0.144214 0.000000 81.950000 86.770000
1146.397219 0.350000 0.230000 -0.680000 -0.180000 0.030000 -0.100000 28.269307 -0.144214 0.000000 81.950000 86.770000
1146.433478 -1.430000 -1.690000 -0.850000 0.060000 -0.100000 -0.040000 27.066287 -0.138230 0.000000 78.460000 83.080000
1146.463815 -0.560000 0.260000 3.090000 0.050000 -0.100000 -0.030000 29.884505 0.144214 0.000000 91.590000 86.770000
1146.500690 -0.280000 -0.520000 0.270000 -0.100000 -0.070000 0.010000 27.066287 -0.138230 0.000000 78.460000 83.080000
1146.529729 -0.220000 -0.360000 -0.060000 -0.120000 -0.010000 0.000000 25.038912 0.432642 0.000000 81.950000 67.490000
1146.565386 0.650000 0.360000 -1.530000 0.020000 -0.050000 0.050000 23.423715 0.721070 0.000000 81.950000 57.850000
1146.599675 0.810000 -1.360000 -2.190000 0.010000 -0.050000 0.220000 19.384046 1.154012 0.000000 77.130000 38.560000
1146.627959 0.280000 -0.830000 1.120000 -0.010000 0.070000 0.500000 18.559692 1.104943 0.000000 73.850000 36.920000
1146.663909 -0.060000 0.110000 0.790000 0.020000 -0.070000 0.580000 16.961249 1.298226 0.000000 72.310000 28.920000
1146.695577 0.200000 0.010000 -0.490000 -0.070000 -0.060000 0.670000 12.115657 1.586654 0.000000 62.670000 9.640000
1146.732020 -0.060000 -0.220000 -1.180000 0.040000 -0.040000 0.840000 10.053096 1.518736 0.000000 55.380000 4.620000
1146.767951 -0.260000 -0.050000 -0.740000 0.070000 -0.040000 0.890000 7.732507 1.380805 0.000000 46.150000 0.000000
1146.804113 -0.080000 1.000000 -0.210000 0.000000 0.020000 1.180000 6.460790 1.442141 0.000000 43.380000 -4.820000
1146.839540 -0.380000 0.900000 0.790000 0.080000 0.080000 1.350000 7.268389 1.297927 0.000000 43.380000 0.000000
1146.866245 -0.140000 0.730000 0.390000 0.050000 -0.020000 1.160000 6.186005 1.381104 0.000000 41.540000 -4.620000
1146.900645 -0.430000 0.380000 -0.140000 -0.000000 -0.010000 1.230000 5.653191 1.586355 0.000000 43.380000 -9.640000
1146.928276 0.030000 0.460000 -1.400000 -0.060000 -0.000000 1.360000 4.570808 1.393072 0.000000 36.920000 -9.640000
1146.963363 -0.290000 0.060000 0.630000 -0.010000 -0.030000 1.460000 4.037994 1.586355 0.000000 38.560000 -14.460000
1146.992142 0.580000 0.510000 0.120000 -0.010000 -0.020000 1.480000 4.037994 1.586355 0.000000 38.560000 -14.460000
1147.022873 0.360000 0.010000 0.360000 0.010000 0.010000 1.610000 3.230395 1.730569 0.000000 38.560000 -19.280000
1147.051603 -0.260000 0.020000 -0.360000 0.000000 0.010000 1.680000 1.546501 1.657265 0.000000 32.310000 -23.080000
1147.080698 -0.090000 -0.420000 0.050000 -0.020000 -0.010000 1.680000 2.422796 1.874783 0.000000 38.560000 -24.100000
1147.108210 -0.090000 -0.030000 0.750000 -0.010000 -0.020000 1.750000 2.422796 1.874783 0.000000 38.560000 -24.100000
1147.144586 -0.190000 0.080000 0.420000 -0.000000 0.010000 1.780000 1.546501 1.933127 0.000000 36.920000 -27.690000
1147.176393 0.370000 -0.010000 0.600000 -0.010000 0.010000 1.820000 1.546501 1.933127 0.000000 36.920000 -27.690000
1147.211709 0.170000 -0.200000 0.200000 0.030000 0.010000 1.810000 2.422796 2.163211 0.000000 43.380000 -28.920000
1147.238582 0.310000 -0.030000 0.270000 0.000000 0.000000 1.790000 0.807599 1.874783 0.000000 33.740000 -28.920000
1147.276863 -0.190000 0.120000 -0.010000 -0.020000 -0.020000 1.820000 0.772413 2.071357 0.000000 36.920000 -32.310000
1147.313605 -0.180000 -0.070000 0.190000 -0.000000 0.010000 1.890000 1.615198 2.018997 0.000000 38.560000 -28.920000
1147.347079 0.130000 0.220000 -0.490000 -0.000000 0.000000 1.880000 2.422796 2.163211 0.000000 43.380000 -28.920000
1147.383688 -0.010000 -0.030000 0.220000 0.010000 -0.000000 1.870000 0.000000 2.018997 0.000000 33.740000 -33.740000
1147.415573 0.300000 0.270000 -0.190000 -0.010000 -0.010000 1.900000 2.422796 2.163211 0.000000 43.380000 -28.920000
1147.452027 0.350000 -0.370000 0.090000 0.010000 0.010000 1.890000 1.615198 2.018997 0.000000 38.560000 -28.920000
1147.481273 -0.200000 -0.030000 -0.160000 0.010000 -0.010000 1.900000 1.546501 2.209587 0.000000 41.540000 -32.310000
1147.510572 0.060000 -0.080000 -0.330000 -0.000000 0.010000 1.920000 1.615198 2.018997 0.000000 38.560000 -28.920000
1147.538099 -0.440000 -0.270000 -0.080000 0.050000 0.070000 1.940000 0.807599 2.163211 0.000000 38.560000 -33.740000
1147.570635 -0.010000 -0.290000 0.320000 0.010000 0.010000 1.870000 2.320590 2.071357 0.000000 41.540000 -27.690000
1147.598173 -0.160000 0.300000 -0.430000 0.000000 0.000000 1.860000 1.546501 2.209587 0.000000 41.540000 -32.310000
1147.635994 -0.440000 -0.250000 0.570000 0.000000 -0.020000 1.900000 1.615198 2.018997 0.000000 38.560000 -28.920000
1147.670779 0.200000 -0.170000 0.230000 0.000000 0.010000 1.960000 0.807599 2.163211 0.000000 38.560000 -33.740000
1147.698056 0.730000 0.060000 0.060000 0.010000 0.000000 1.880000 1.546501 1.933127 0.000000 36.920000 -27.690000
1147.731886 0.060000 0.040000 -0.070000 0.000000 0.000000 1.870000 1.615198 2.307425 0.000000 43.380000 -33.740000
1147.766200 0.200000 0.230000 -0.210000 0.010000 -0.020000 1.950000 1.615198 2.307425 0.000000 43.380000 -33.740000
1147.799003 0.170000 -0.370000 -0.070000 0.010000 0.010000 1.940000 0.807599 1.874783 0.000000 33.740000 -28.920000
1147.834992 -0.160000 0.190000 -0.070000 0.010000 -0.020000 1.960000 2.320590 2.071357 0.000000 41.540000 -27.690000
1147.871185 -0.480000 -0.210000 0.020000 0.010000 -0.000000 1.960000 0.807599 2.163211 0.000000 38.560000 -33.740000
1147.901049 -0.200000 -0.160000 -0.090000 0.000000 0.010000 2.020000 1.546501 2.209587 0.000000 41.540000 -32.310000
1147.929117 0.210000 -0.210000 0.040000 0.010000 0.020000 1.980000 1.615198 2.307425 0.000000 43.380000 -33.740000
1147.965216 0.040000 -0.190000 0.160000 0.010000 0.010000 2.000000 0.807599 2.163211 0.000000 38.560000 -33.740000
1147.999132 0.070000 0.050000 0.060000 0.010000 -0.000000 2.010000 0.807599 2.163211 0.000000 38.560000 -33.740000
1148.035508 0.170000 -0.280000 -0.150000 -0.010000 0.010000 1.960000 1.546501 2.209587 0.000000 41.540000 -32.310000
1148.070395 0.090000 0.460000 0.080000 -0.010000 -0.020000 1.910000 2.422796 2.163211 0.000000 43.380000 -28.920000
1148.105501 0.030000 -0.000000 -0.060000 0.000000 0.000000 1.910000 0.807599 2.163211 0.000000 38.560000 -33.740000
1148.137472 -0.360000 -0.040000 -0.230000 0.000000 0.000000 1.950000 0.772413 2.071357 0.000000 36.920000 -32.310000
1148.174425 -0.030000 0.130000 -0.110000 0.010000 -0.000000 1.880000 0.772413 2.071357 0.000000 36.920000 -32.310000
1148.206519 -0.240000 0.110000 0.280000 -0.040000 -0.020000 1.870000 1.615198 2.307425 0.000000 43.380000 -33.740000
1148.243256 -0.460000 0.360000 -0.190000 0.010000 -0.010000 1.900000 1.615198 2.018997 0.000000 38.560000 -28.920000
1148.271470 -0.030000 -0.570000 0.130000 0.020000 0.010000 1.920000 1.546501 1.933127 0.000000 36.920000 -27.690000
1148.299724 0.360000 0.330000 0.010000 -0.010000 0.010000 1.840000 1.615198 2.018997 0.000000 38.560000 -28.920000
1148.334122 0.340000 0.070000 0.140000 0.020000 0.020000 1.800000 1.340413 1.969928 0.000000 36.920000 -28.920000
1148.366875 0.140000 0.190000 0.310000 -0.020000 -0.030000 1.850000 0.807599 1.874783 0.000000 33.740000 -28.920000
1148.402183 -0.010000 -0.060000 -0.260000 0.000000 -0.000000 1.780000 0.807599 2.163211 0.000000 38.560000 -33.740000
1148.430368 -0.230000 0.180000 0.070000 -0.000000 -0.010000 1.840000 1.615198 2.018997 0.000000 38.560000 -28.920000
1148.459649 -0.250000 0.010000 0.080000 -0.010000 0.010000 1.860000 0.772413 2.071357 0.000000 36.920000 -32.310000
1148.492258 -0.020000 -0.220000 -0.160000 -0.030000 -0.020000 1.850000 0.807599 1.874783 0.000000 33.740000 -28.920000
1148.522568 -0.150000 0.160000 -0.110000 -0.010000 -0.000000 1.810000 1.615198 2.018997 0.000000 38.560000 -28.920000
1148.549624 0.270000 -0.190000 0.530000 0.020000 0.020000 1.800000 0.772413 2.071357 0.000000 36.920000 -32.310000
1148.584868 -0.110000 0.010000 -0.080000 -0.010000 -0.010000 1.830000 1.546501 1.933127 0.000000 36.920000 -27.690000
1148.616962 -0.380000 0.030000 0.200000 0.000000 0.010000 1.860000 1.615198 2.018997 0.000000 38.560000 -28.920000
1148.651128 0.260000 -0.410000 0.050000 0.000000 0.010000 1.780000 0.807599 2.163211 0.000000 38.560000 -33.740000
1148.678417 -0.020000 0.060000 -0.130000 -0.020000 0.000000 1.790000 1.546501 1.933127 0.000000 36.920000 -27.690000
1148.714460 -0.310000 0.060000 -0.350000 -0.020000 0.010000 1.800000 0.807599 2.163211 0.000000 38.560000 -33.740000
1148.745788 0.120000 0.150000 0.010000 0.010000 0.020000 1.830000 1.615198 2.018997 0.000000 38.560000 -28.920000
1148.778883 0.410000 0.160000 -0.150000 0.020000 0.010000 1.790000 0.807599 1.874783 0.000000 33.740000 -28.920000
1148.811958 -0.280000 0.100000 -0.000000 0.020000 0.010000 1.830000 1.615198 2.018997 0.000000 38.560000 -28.920000
1148.842725 0.480000 -0.140000 -0.560000 0.020000 0.000000 1.810000 1.615198 2.018997 0.000000 38.560000 -28.920000
1148.871689 0.130000 -0.350000 -0.050000 -0.010000 -0.010000 1.820000 1.546501 1.933127 0.000000 36.920000 -27.690000
1148.899807 -0.150000 0.040000 0.560000 -0.010000 0.000000 1.790000 2.422796 1.874783 0.000000 38.560000 -24.100000
1148.934467 -0.230000 0.120000 0.500000 0.010000 0.020000 1.810000 0.807599 2.163211 0.000000 38.560000 -33.740000
1148.970400 -0.040000 0.190000 -0.200000 -0.010000 -0.000000 1.820000 1.546501 1.933127 0.000000 36.920000 -27.690000
1148.997919 0.340000 -0.080000 0.200000 0.000000 0.000000 1.810000 0.772413 2.071357 0.000000 36.920000 -32.310000
1149.032441 -0.070000 0.190000 -0.110000 -0.000000 0.000000 1.840000 1.615198 2.018997 0.000000 38.560000 -28.920000
1149.062773 -0.020000 -0.040000 -0.430000 0.000000 0.000000 1.840000 0.807599 2.163211 0.000000 38.560000 -33.740000
1149.091840 -0.410000 0.190000 0.100000 -0.030000 -0.010000 1.860000 1.546501 1.933127 0.000000 36.920000 -27.690000
1149.122139 -0.260000 -0.120000 -0.270000 0.010000 0.010000 1.900000 1.615198 2.307425 0.000000 43.380000 -33.740000
1149.149376 -0.120000 -0.060000 0.190000 0.000000 0.030000 1.910000 1.615198 2.018997 0.000000 38.560000 -28.920000
1149.184179 0.180000 0.090000 -0.020000 -0.010000 0.000000 1.930000 0.807599 2.163211 0.000000 38.560000 -33.740000
1149.216398 -0.450000 -0.350000 0.370000 -0.040000 0.010000 1.930000 0.772413 2.071357 0.000000 36.920000 -32.310000
1149.252204 0.410000 -0.060000 -0.010000 0.000000 0.010000 1.880000 0.807599 2.163211 0.000000 38.560000 -33.740000
1149.284939 0.470000 -0.210000 -0.330000 -0.000000 -0.010000 1.850000 2.320590 2.071357 0.000000 41.540000 -27.690000
1149.321493 -0.020000 0.020000 -0.290000 -0.020000 -0.000000 1.880000 0.807599 2.163211 0.000000 38.560000 -33.740000
1149.349658 -0.230000 -0.240000 0.830000 -0.000000 0.000000 1.940000 1.615198 2.018997 0.000000 38.560000 -28.920000
1149.385541 0.350000 0.100000 0.100000 -0.030000 -0.010000 1.870000 0.807599 2.163211 0.000000 38.560000 -33.740000
1149.420184 0.140000 0.240000 0.080000 -0.000000 0.020000 1.870000 2.320590 2.071357 0.000000 41.540000 -27.690000
1149.448107 0.010000 0.140000 0.160000 -0.030000 -0.020000 1.880000 0.807599 2.163211 0.000000 38.560000 -33.740000
1149.483160 -0.100000 0.080000 -0.230000 0.020000 0.020000 1.890000 0.807599 2.163211 0.000000 38.560000 -33.740000
1149.510682 0.530000 0.220000 0.200000 0.000000 0.010000 1.770000 1.546501 1.933127 0.000000 36.920000 -27.690000
1149.540609 -0.130000 -0.040000 -0.090000 -0.010000 0.000000 1.740000 1.546501 1.933127 0.000000 36.920000 -27.690000
1149.568801 0.100000 0.140000 0.010000 0.000000 0.020000 1.760000 0.807599 1.874783 0.000000 33.740000 -28.920000
1149.606594 -0.520000 -0.110000 -0.160000 -0.000000 0.010000 1.780000 0.807599 1.874783 0.000000 33.740000 -28.920000
1149.638343 -0.010000 0.560000 -0.200000 0.020000 0.020000 1.850000 0.772413 2.071357 0.000000 36.920000 -32.310000
1149.673925 0.170000 -0.260000 -0.060000 -0.010000 0.010000 1.880000 1.615198 2.018997 0.000000 38.560000 -28.920000
1149.708061 0.480000 -0.020000 -0.020000 -0.000000 0.010000 1.880000 2.422796 2.163211 0.000000 43.380000 -28.920000
1149.745971 0.060000 -0.390000 -0.170000 0.000000 -0.020000 1.840000 0.000000 2.018997 0.000000 33.740000 -33.740000
1149.781209 -0.260000 0.150000 0.060000 -0.010000 0.000000 1.870000 0.807599 2.163211 0.000000 38.560000 -33.740000
1149.810181 -0.020000 -0.030000 0.140000 -0.010000 0.030000 1.830000 0.807599 2.163211 0.000000 38.560000 -33.740000
1149.839191 0.020000 0.150000 0.270000 -0.020000 0.000000 1.810000 1.546501 1.933127 0.000000 36.920000 -27.690000
1149.871856 0.010000 0.310000 0.200000 0.020000 0.030000 1.750000 1.615198 1.730569 0.000000 33.740000 -24.100000
1149.901800 0.200000 -0.520000 0.220000 -0.010000 -0.000000 1.790000 0.807599 2.163211 0.000000 38.560000 -33.740000
1149.929082 -0.170000 0.270000 -0.570000 0.000000 -0.020000 1.810000 1.546501 1.933127 0.000000 36.920000 -27.690000
1149.965543 -0.390000 -0.130000 -0.640000 -0.010000 0.000000 1.810000 1.546501 1.933127 0.000000 36.920000 -27.690000
1150.002014 -0.240000 0.120000 0.180000 -0.010000 0.010000 1.790000 1.615198 2.018997 0.000000 38.560000 -28.920000
1150.029955 0.230000 0.200000 0.090000 0.010000 0.010000 1.740000 1.615198 2.018997 0.000000 38.560000 -28.920000
1150.065664 -0.180000 0.020000 -0.510000 -0.010000 -0.000000 1.780000 0.000000 1.933426 0.000000 32.310000 -32.310000
1150.102618 -0.180000 -0.100000 0.600000 0.000000 0.020000 1.900000 1.615198 2.018997 0.000000 38.560000 -28.920000
1150.130641 0.480000 -0.350000 0.050000 0.010000 -0.000000 1.830000 0.807599 2.163211 0.000000 38.560000 -33.740000
1150.167049 0.010000 -0.170000 -0.550000 -0.020000 -0.000000 1.760000 0.807599 1.874783 0.000000 33.740000 -28.920000
1150.202512 -0.390000 -0.020000 0.260000 -0.010000 -0.010000 1.830000 0.000000 1.933426 0.000000 32.310000 -32.310000
1150.231465 0.130000 -0.130000 -0.120000 -0.020000 0.010000 1.880000 1.615198 2.018997 0.000000 38.560000 -28.920000
1150.260794 0.250000 -0.050000 0.230000 0.010000 -0.020000 1.810000 0.772413 2.071357 0.000000 36.920000 -32.310000
1150.287576 0.140000 0.090000 0.060000 0.030000 -0.010000 1.800000 0.000000 2.018997 0.000000 33.740000 -33.740000
1150.326282 -0.710000 -0.100000 -0.020000 -0.030000 -0.010000 1.880000 0.807599 2.163211 0.000000 38.560000 -33.740000
1150.362791 -0.040000 -0.010000 0.230000 0.040000 0.020000 1.890000 1.615198 2.018997 0.000000 38.560000 -28.920000
1150.393208 0.100000 -0.200000 0.700000 -0.020000 -0.010000 1.910000 0.772413 2.071357 0.000000 36.920000 -32.310000
1150.420606 0.450000 0.500000 -0.310000 -0.010000 0.000000 1.850000 0.807599 2.163211 0.000000 38.560000 -33.740000
1150.457856 0.350000 -0.160000 0.120000 0.030000 -0.000000 1.800000 0.807599 2.163211 0.000000 38.560000 -33.740000
1150.490602 0.090000 -0.020000 -0.590000 -0.020000 -0.030000 1.800000 0.774088 1.795196 0.000000 32.310000 -27.690000
1150.520240 0.030000 -0.240000 0.100000 0.010000 0.010000 1.800000 1.821286 1.982195 0.000000 38.560000 -27.690000
1150.549487 -0.290000 0.040000 0.090000 0.010000 -0.010000 1.870000 0.807599 2.163211 0.000000 38.560000 -33.740000
1150.586001 0.140000 0.320000 -0.610000 0.000000 0.000000 1.840000 0.807599 1.874783 0.000000 33.740000 -28.920000
1150.621478 0.060000 0.150000 -0.070000 -0.000000 0.000000 1.870000 0.772413 2.071357 0.000000 36.920000 -32.310000
1150.650768 0.160000 -0.290000 -0.110000 0.010000 0.000000 1.800000 0.807599 2.163211 0.000000 38.560000 -33.740000
1150.678824 0.230000 -0.190000 0.150000 0.000000 0.010000 1.860000 1.546501 1.933127 0.000000 36.920000 -27.690000
1150.712125 0.030000 -0.010000 0.340000 -0.010000 -0.000000 1.880000 1.615198 2.018997 0.000000 38.560000 -28.920000
1150.741557 -0.440000 -0.130000 0.290000 0.000000 0.010000 1.910000 0.807599 2.163211 0.000000 38.560000 -33.740000
1150.768122 0.290000 0.230000 -0.150000 0.010000 0.030000 1.920000 0.807599 2.163211 0.000000 38.560000 -33.740000
1150.803031 0.210000 0.080000 0.110000 -0.010000 0.010000 1.900000 0.772413 2.071357 0.000000 36.920000 -32.310000
1150.832209 -0.070000 0.270000 0.180000 -0.010000 -0.010000 1.920000 1.615198 2.307425 0.000000 43.380000 -33.740000
1150.860817 0.170000 -0.200000 0.050000 0.010000 -0.000000 1.890000 0.807599 2.163211 0.000000 38.560000 -33.740000
1150.891181 0.320000 -0.150000 -0.280000 -0.000000 0.010000 1.870000 1.546501 1.933127 0.000000 36.920000 -27.690000
1150.921245 0.060000 -0.020000 -0.310000 0.000000 -0.000000 1.840000 0.772413 2.071357 0.000000 36.920000 -32.310000
1150.949090 -0.740000 -0.500000 0.160000 -0.000000 0.050000 1.900000 0.807599 2.163211 0.000000 38.560000 -33.740000
1150.986269 -0.030000 0.120000 0.220000 0.000000 0.010000 1.900000 1.615198 2.018997 0.000000 38.560000 -28.920000
1151.020227 -0.010000 0.030000 -0.110000 0.010000 0.010000 1.890000 0.772413 2.071357 0.000000 36.920000 -32.310000
1151.049760 -0.200000 0.310000 0.080000 0.000000 -0.010000 1.930000 1.615198 2.307425 0.000000 43.380000 -33.740000
1151.082829 0.170000 -0.080000 -0.290000 0.010000 0.020000 1.930000 0.807599 2.163211 0.000000 38.560000 -33.740000
1151.111495 0.210000 0.020000 0.020000 -0.000000 0.030000 1.910000 1.615198 2.018997 0.000000 38.560000 -28.920000
1151.139643 0.100000 -0.060000 0.400000 0.010000 0.020000 1.880000 0.807599 2.163211 0.000000 38.560000 -33.740000
1151.176398 -0.210000 0.150000 -0.010000 -0.030000 -0.030000 1.930000 0.807599 2.163211 0.000000 38.560000 -33.740000
1151.212024 -0.140000 -0.220000 -0.660000 -0.030000 -0.020000 1.940000 1.546501 1.933127 0.000000 36.920000 -27.690000
1151.251130 -0.010000 -0.020000 0.340000 -0.020000 -0.010000 1.940000 0.807599 2.163211 0.000000 38.560000 -33.740000
1151.279767 -0.330000 0.080000 0.190000 -0.010000 0.010000 1.990000 0.807599 2.163211 0.000000 38.560000 -33.740000
1151.316198 0.010000 0.130000 -0.360000 -0.020000 0.010000 2.000000 2.320590 2.071357 0.000000 41.540000 -27.690000
1151.351686 0.040000 -0.100000 -0.120000 0.000000 0.010000 1.980000 0.772413 2.071357 0.000000 36.920000 -32.310000
1151.381644 -0.120000 0.190000 -0.100000 0.000000 0.000000 2.000000 1.615198 2.307425 0.000000 43.380000 -33.740000
1151.410506 -0.130000 0.090000 -0.090000 0.010000 0.020000 2.030000 1.615198 2.307425 0.000000 43.380000 -33.740000
1151.437393 0.100000 0.060000 0.410000 0.010000 0.020000 2.030000 0.772413 2.071357 0.000000 36.920000 -32.310000
1151.472856 0.380000 -0.090000 -0.070000 0.000000 0.010000 1.970000 1.615198 2.307425 0.000000 43.380000 -33.740000
1151.503129 -0.020000 0.160000 -0.180000 -0.000000 0.010000 2.010000 1.615198 2.307425 0.000000 43.380000 -33.740000
1151.532741 -0.360000 0.060000 0.140000 0.010000 -0.000000 2.020000 1.615198 2.018997 0.000000 38.560000 -28.920000
1151.560425 0.100000 -0.150000 -0.340000 -0.000000 0.010000 1.980000 1.546501 2.209587 0.000000 41.540000 -32.310000
1151.596213 -0.110000 -0.030000 -0.170000 -0.010000 0.010000 1.920000 1.615198 2.307425 0.000000 43.380000 -33.740000
1151.629710 -0.400000 0.180000 0.230000 -0.010000 0.010000 1.920000 0.772413 2.071357 0.000000 36.920000 -32.310000
1151.664679 -0.530000 -0.270000 0.220000 -0.010000 0.010000 1.930000 1.615198 2.018997 0.000000 38.560000 -28.920000
1151.699355 -0.300000 0.320000 -0.010000 -0.020000 0.000000 1.950000 1.615198 2.018997 0.000000 38.560000 -28.920000
1151.731211 0.160000 0.010000 0.030000 -0.020000 -0.000000 1.920000 0.807599 2.163211 0.000000 38.560000 -33.740000
1151.761032 -0.210000 0.450000 -0.740000 -0.020000 -0.020000 1.910000 1.546501 1.933127 0.000000 36.920000 -27.690000
1151.789534 0.010000 -0.200000 -0.190000 0.010000 -0.010000 1.850000 0.807599 2.163211 0.000000 38.560000 -33.740000
1151.825370 0.550000 0.010000 -0.360000 -0.010000 0.000000 1.830000 1.615198 2.307425 0.000000 43.380000 -33.740000
1151.861165 0.030000 -0.060000 0.320000 -0.010000 -0.010000 1.820000 1.546501 1.933127 0.000000 36.920000 -27.690000
1151.890777 -0.340000 -0.250000 0.950000 -0.020000 -0.000000 1.880000 1.047198 2.120425 0.000000 38.560000 -32.310000
1151.918206 -0.190000 -0.000000 0.240000 0.020000 -0.000000 1.870000 1.615198 2.018997 0.000000 38.560000 -28.920000
1151.953509 0.390000 -0.230000 -0.150000 -0.010000 0.010000 1.860000 0.807599 2.163211 0.000000 38.560000 -33.740000
1151.986414 0.340000 0.100000 0.260000 0.010000 0.020000 1.920000 0.772413 2.071357 0.000000 36.920000 -32.310000
1152.021502 0.560000 -0.050000 0.090000 -0.000000 0.020000 1.900000 1.615198 2.018997 0.000000 38.560000 -28.920000
1152.048778 0.550000 0.090000 -0.220000 -0.010000 0.010000 1.800000 1.546501 1.933127 0.000000 36.920000 -27.690000
1152.084473 -0.270000 0.040000 0.300000 0.020000 0.000000 1.830000 0.807599 1.874783 0.000000 33.740000 -28.920000
1152.117471 0.020000 -0.030000 -0.210000 0.010000 -0.010000 1.830000 1.615198 2.018997 0.000000 38.560000 -28.920000
1152.152089 -0.040000 -0.150000 0.050000 -0.020000 -0.010000 1.860000 1.615198 2.018997 0.000000 38.560000 -28.920000
1152.180200 0.080000 0.160000 0.080000 -0.010000 0.010000 1.820000 1.546501 1.933127 0.000000 36.920000 -27.690000
1152.209800 -0.070000 -0.170000 -0.030000 0.010000 0.010000 1.830000 0.807599 2.163211 0.000000 38.560000 -33.740000
1152.240105 0.080000 0.140000 -0.050000 -0.030000 -0.010000 1.840000 1.615198 2.018997 0.000000 38.560000 -28.920000
1152.268581 0.040000 -0.240000 0.280000 0.010000 0.020000 1.810000 1.546501 1.933127 0.000000 36.920000 -27.690000
1152.304575 -0.130000 0.140000 -0.200000 0.020000 0.000000 1.840000 2.320590 2.071357 0.000000 41.540000 -27.690000
1152.336695 -0.190000 0.220000 -0.550000 -0.010000 -0.010000 1.860000 1.615198 2.018997 0.000000 38.560000 -28.920000
1152.372222 -0.560000 -0.080000 0.010000 0.010000 0.020000 1.870000 0.000000 2.018997 0.000000 33.740000 -33.740000
1152.400885 0.040000 -0.170000 -0.170000 0.010000 0.010000 1.860000 0.772413 2.071357 0.000000 36.920000 -32.310000
1152.430430 0.300000 -0.050000 -0.120000 0.000000 0.010000 1.850000 1.615198 2.018997 0.000000 38.560000 -28.920000
1152.457557 -0.200000 0.280000 0.630000 0.010000 -0.010000 1.840000 1.615198 2.307425 0.000000 43.380000 -33.740000
1152.490516 0.140000 -0.030000 0.460000 0.010000 0.000000 1.840000 0.807599 1.874783 0.000000 33.740000 -28.920000
1152.520734 0.220000 0.030000 -0.310000 0.020000 -0.010000 1.790000 1.615198 2.018997 0.000000 38.560000 -28.920000
1152.555394 0.060000 -0.070000 0.250000 0.010000 -0.000000 1.770000 2.422796 2.163211 0.000000 43.380000 -28.920000
1152.590209 -0.400000 0.060000 -0.120000 0.010000 -0.000000 1.840000 0.774088 1.795196 0.000000 32.310000 -27.690000
1152.619420 -0.140000 -0.210000 -0.520000 -0.000000 0.000000 1.800000 1.615198 2.018997 0.000000 38.560000 -28.920000
1152.656143 0.130000 0.380000 0.130000 -0.010000 -0.010000 1.790000 1.615198 2.018997 0.000000 38.560000 -28.920000
1152.687922 -0.020000 -0.070000 0.260000 0.030000 0.020000 1.810000 1.546501 1.933127 0.000000 36.920000 -27.690000
1152.723181 0.330000 0.090000 0.310000 0.000000 -0.020000 1.870000 1.546501 1.933127 0.000000 36.920000 -27.690000
1152.752189 0.120000 -0.060000 -0.460000 0.020000 0.010000 1.850000 0.807599 2.163211 0.000000 38.560000 -33.740000
1152.781620 0.090000 0.220000 -0.270000 0.000000 0.000000 1.830000 0.807599 2.163211 0.000000 38.560000 -33.740000
1152.810941 -0.150000 -0.010000 0.020000 -0.000000 -0.000000 1.880000 1.546501 2.209587 0.000000 41.540000 -32.310000
1152.839485 -0.040000 0.010000 0.280000 -0.000000 0.020000 1.940000 1.615198 2.018997 0.000000 38.560000 -28.920000
1152.874115 0.400000 -0.220000 0.080000 0.000000 0.010000 1.890000 0.807599 2.163211 0.000000 38.560000 -33.740000
1152.909575 0.070000 0.000000 0.090000 0.000000 0.010000 1.900000 1.615198 2.018997 0.000000 38.560000 -28.920000
1152.936136 0.050000 0.170000 0.120000 0.000000 0.020000 1.870000 1.546501 2.209587 0.000000 41.540000 -32.310000
1152.975518 -0.220000 -0.060000 -0.250000 0.040000 0.030000 1.910000 0.807599 2.163211 0.000000 38.560000 -33.740000
1153.008701 0.190000 -0.100000 0.010000 0.010000 0.010000 1.820000 1.546501 1.933127 0.000000 36.920000 -27.690000
1153.044935 -0.120000 0.050000 -0.450000 0.030000 0.010000 1.840000 1.615198 2.018997 0.000000 38.560000 -28.920000
1153.078748 -0.310000 -0.220000 0.030000 -0.020000 -0.020000 1.870000 0.807599 2.163211 0.000000 38.560000 -33.740000
1153.111022 -0.470000 0.220000 0.200000 0.010000 0.020000 1.870000 0.807599 2.163211 0.000000 38.560000 -33.740000
1153.148839 0.360000 -0.100000 0.320000 0.000000 0.020000 1.840000 0.772413 2.071357 0.000000 36.920000 -32.310000
1153.180756 0.000000 0.050000 -0.220000 -0.010000 0.020000 1.790000 1.615198 2.018997 0.000000 38.560000 -28.920000
1153.209018 -0.080000 0.150000 0.340000 0.010000 0.010000 1.830000 1.615198 2.018997 0.000000 38.560000 -28.920000
1153.236846 0.150000 -0.160000 0.330000 0.010000 0.030000 1.850000 0.774088 1.795196 0.000000 32.310000 -27.690000
1153.272472 0.390000 -0.030000 -0.240000 0.000000 0.010000 1.830000 0.772413 2.071357 0.000000 36.920000 -32.310000
1153.302240 -0.280000 -0.450000 -0.040000 -0.030000 -0.010000 1.890000 1.615198 2.018997 0.000000 38.560000 -28.920000
1153.329558 -0.100000 0.250000 0.040000 0.000000 0.020000 1.970000 0.807599 2.163211 0.000000 38.560000 -33.740000
1153.363409 0.300000 -0.060000 -0.120000 -0.010000 0.020000 1.920000 1.546501 1.933127 0.000000 36.920000 -27.690000
1153.398446 0.130000 0.180000 0.210000 0.000000 0.020000 1.840000 1.615198 2.307425 0.000000 43.380000 -33.740000
1153.431235 -0.020000 0.280000 0.020000 0.020000 0.010000 1.830000 0.807599 2.163211 0.000000 38.560000 -33.740000
1153.460719 -0.470000 -0.320000 -0.190000 -0.010000 0.020000 1.870000 0.807599 1.874783 0.000000 33.740000 -28.920000
1153.489183 -0.040000 -0.170000 0.000000 -0.000000 0.020000 1.840000 0.807599 2.163211 0.000000 38.560000 -33.740000
1153.524676 -0.120000 0.020000 0.040000 -0.020000 0.000000 1.840000 0.000000 2.018997 0.000000 33.740000 -33.740000
1153.558741 -0.310000 0.140000 0.120000 -0.010000 0.020000 1.860000 0.772413 2.071357 0.000000 36.920000 -32.310000
1153.594501 0.050000 0.050000 -0.580000 -0.030000 0.020000 1.860000 0.000000 2.018997 0.000000 33.740000 -33.740000
1153.629267 0.010000 0.050000 0.290000 0.000000 -0.000000 1.800000 0.807599 2.163211 0.000000 38.560000 -33.740000
1153.664609 0.000000 -0.340000 1.130000 0.000000 -0.000000 1.850000 1.546501 1.933127 0.000000 36.920000 -27.690000
1153.700113 -0.170000 -0.160000 -0.420000 -0.030000 -0.000000 1.860000 0.772413 2.071357 0.000000 36.920000 -32.310000
1153.727955 -0.070000 -0.210000 -0.070000 -0.010000 0.020000 1.930000 1.615198 2.018997 0.000000 38.560000 -28.920000
1153.762690 0.570000 0.360000 0.340000 -0.020000 0.020000 1.880000 0.807599 2.163211 0.000000 38.560000 -33.740000
1153.792212 0.350000 -0.050000 -0.660000 0.000000 0.000000 1.950000 0.772413 2.071357 0.000000 36.920000 -32.310000
1153.820484 0.250000 0.280000 -0.050000 -0.010000 0.000000 1.940000 1.615198 2.018997 0.000000 38.560000 -28.920000
1153.849452 0.120000 -0.020000 -0.160000 -0.000000 0.000000 1.920000 0.807599 2.163211 0.000000 38.560000 -33.740000
1153.878229 0.040000 0.230000 -0.410000 -0.000000 0.000000 1.910000 0.807599 2.163211 0.000000 38.560000 -33.740000
1153.911273 -0.210000 -0.030000 0.140000 -0.020000 0.010000 1.970000 1.047198 2.120425 0.000000 38.560000 -32.310000
1153.946882 -0.100000 0.020000 0.290000 -0.010000 -0.000000 1.970000 2.422796 2.163211 0.000000 43.380000 -28.920000
1153.982596 0.150000 0.040000 0.220000 -0.020000 -0.010000 1.940000 0.772413 2.071357 0.000000 36.920000 -32.310000
1154.012700 -0.180000 0.310000 0.330000 0.010000 -0.010000 1.900000 0.807599 2.163211 0.000000 38.560000 -33.740000
1154.042408 -0.130000 -0.210000 0.210000 -0.000000 -0.010000 1.970000 1.615198 2.307425 0.000000 43.380000 -33.740000
1154.069283 0.390000 -0.060000 -0.230000 0.010000 0.000000 1.970000 1.340413 1.969928 0.000000 36.920000 -28.920000
1154.104518 0.270000 -0.250000 -0.020000 -0.000000 -0.010000 1.910000 1.546501 2.209587 0.000000 41.540000 -32.310000
1154.140673 -0.290000 -0.240000 -0.100000 -0.000000 -0.010000 1.920000 0.807599 2.163211 0.000000 38.560000 -33.740000
1154.171017 -0.250000 -0.140000 -0.220000 -0.010000 -0.010000 1.970000 1.615198 2.307425 0.000000 43.380000 -33.740000
1154.201240 -0.000000 -0.210000 -0.250000 -0.020000 -0.000000 2.000000 0.772413 2.071357 0.000000 36.920000 -32.310000
1154.231018 -0.160000 0.200000 -0.080000 -0.000000 0.010000 1.950000 0.807599 2.163211 0.000000 38.560000 -33.740000
1154.260204 -0.250000 0.120000 -0.150000 0.000000 0.020000 1.960000 0.000000 2.307425 0.000000 38.560000 -38.560000
1154.290809 -0.090000 0.420000 -0.160000 -0.010000 0.010000 1.970000 1.615198 2.018997 0.000000 38.560000 -28.920000
1154.318822 -0.050000 -0.050000 -0.040000 0.010000 0.010000 1.930000 0.772413 2.071357 0.000000 36.920000 -32.310000
1154.354410 0.070000 0.600000 0.110000 -0.010000 -0.000000 1.920000 0.807599 2.163211 0.000000 38.560000 -33.740000
1154.388414 0.130000 0.090000 -0.210000 0.010000 -0.010000 1.890000 2.320590 2.071357 0.000000 41.540000 -27.690000
1154.422916 -0.000000 -0.040000 0.220000 0.010000 0.000000 1.900000 0.807599 2.163211 0.000000 38.560000 -33.740000
1154.452103 -0.080000 -0.420000 -0.050000 -0.010000 -0.030000 1.860000 1.615198 2.018997 0.000000 38.560000 -28.920000
1154.481502 -0.330000 -0.430000 0.130000 -0.020000 0.020000 1.910000 0.807599 2.163211 0.000000 38.560000 -33.740000
1154.509913 -0.000000 0.120000 -0.040000 0.000000 0.020000 1.950000 2.320590 2.071357 0.000000 41.540000 -27.690000
1154.543005 0.440000 -0.090000 0.100000 -0.020000 0.000000 1.950000 0.807599 2.163211 0.000000 38.560000 -33.740000
1154.577764 0.190000 0.220000 0.380000 -0.000000 -0.010000 1.930000 2.422796 2.163211 0.000000 43.380000 -28.920000
1154.611741 -0.220000 0.050000 -0.190000 0.020000 0.010000 1.950000 1.546501 2.209587 0.000000 41.540000 -32.310000
1154.639917 0.100000 0.120000 -0.480000 0.010000 0.000000 1.970000 1.546501 2.209587 0.000000 41.540000 -32.310000
1154.675286 0.210000 -0.130000 0.130000 0.010000 0.000000 1.920000 0.807599 2.163211 0.000000 38.560000 -33.740000
1154.709578 -0.490000 0.200000 0.120000 0.010000 -0.020000 1.960000 1.615198 2.018997 0.000000 38.560000 -28.920000
1154.737431 -0.110000 -0.020000 -0.260000 0.010000 -0.010000 1.980000 0.772413 2.071357 0.000000 36.920000 -32.310000
1154.773195 -0.610000 -0.120000 -0.650000 0.010000 0.020000 2.020000 0.807599 2.163211 0.000000 38.560000 -33.740000
1154.800724 0.070000 0.130000 0.020000 0.010000 0.010000 1.980000 0.807599 2.163211 0.000000 38.560000 -33.740000
1154.831227 -0.060000 0.060000 -0.100000 -0.020000 -0.000000 1.970000 2.422796 2.163211 0.000000 43.380000 -28.920000
1154.858632 -0.150000 -0.260000 0.040000 0.000000 0.010000 2.030000 1.615198 2.307425 0.000000 43.380000 -33.740000
1154.895827 0.380000 -0.160000 0.550000 -0.030000 0.020000 2.050000 1.615198 2.307425 0.000000 43.380000 -33.740000
1154.927801 0.560000 0.200000 0.320000 0.010000 0.020000 1.990000 1.546501 2.209587 0.000000 41.540000 -32.310000
1154.962924 0.230000 0.090000 -0.030000 0.000000 0.010000 1.970000 0.807599 2.163211 0.000000 38.560000 -33.740000
1154.989747 -0.330000 0.190000 0.260000 0.020000 0.030000 2.080000 1.615198 2.307425 0.000000 43.380000 -33.740000
1155.024390 0.570000 -0.420000 -0.070000 0.020000 0.010000 2.000000 1.546501 2.209587 0.000000 41.540000 -32.310000
1155.060137 -0.150000 0.180000 0.020000 0.010000 0.000000 2.000000 2.318914 2.347518 0.000000 46.150000 -32.310000
1155.086806 0.210000 0.010000 -0.060000 0.030000 0.020000 1.990000 1.615198 2.307425 0.000000 43.380000 -33.740000
1155.123142 -0.010000 -0.440000 0.080000 0.020000 0.020000 1.940000 0.807599 2.451639 0.000000 43.380000 -38.560000
1155.150643 -0.170000 0.120000 -0.320000 -0.000000 0.000000 1.940000 1.546501 1.933127 0.000000 36.920000 -27.690000
1155.180746 -0.050000 -0.280000 -0.140000 -0.010000 -0.010000 1.960000 1.615198 2.307425 0.000000 43.380000 -33.740000
1155.208274 -0.470000 -0.250000 0.280000 -0.010000 -0.000000 2.000000 0.807599 2.163211 0.000000 38.560000 -33.740000
1155.243723 0.160000 0.030000 -0.060000 -0.010000 -0.010000 1.920000 1.615198 2.018997 0.000000 38.560000 -28.920000
1155.277774 0.080000 0.010000 -0.350000 -0.020000 0.000000 1.900000 0.772413 2.071357 0.000000 36.920000 -32.310000
1155.312839 -0.230000 0.410000 0.170000 -0.010000 0.010000 1.910000 1.615198 2.307425 0.000000 43.380000 -33.740000
1155.340771 0.450000 -0.160000 0.540000 -0.000000 0.030000 1.920000 3.093003 2.209288 0.000000 46.150000 -27.690000
1155.372236 0.590000 0.170000 0.210000 -0.010000 -0.010000 1.880000 1.615198 2.018997 0.000000 38.560000 -28.920000
1155.399485 0.050000 0.090000 -0.110000 -0.000000 0.000000 1.840000 0.807599 2.163211 0.000000 38.560000 -33.740000
1155.436691 -0.050000 -0.080000 0.000000 -0.010000 -0.030000 1.840000 1.615198 2.307425 0.000000 43.380000 -33.740000
1155.472823 -0.170000 -0.460000 0.100000 -0.030000 0.000000 1.830000 0.774088 1.795196 0.000000 32.310000 -27.690000
1155.499754 -0.230000 0.310000 -0.010000 0.000000 0.020000 1.850000 1.615198 2.307425 0.000000 43.380000 -33.740000
1155.536512 -0.170000 0.180000 -0.190000 0.010000 0.020000 1.840000 0.807599 2.163211 0.000000 38.560000 -33.740000
1155.568855 -0.210000 0.080000 -0.220000 -0.020000 0.010000 1.880000 1.546501 1.933127 0.000000 36.920000 -27.690000
1155.604092 0.240000 -0.060000 -0.110000 0.000000 0.010000 1.790000 1.821286 1.982195 0.000000 38.560000 -27.690000
1155.636576 -0.160000 -0.110000 -0.060000 -0.020000 -0.020000 1.800000 1.615198 2.018997 0.000000 38.560000 -28.920000
1155.674023 -0.270000 -0.120000 0.160000 -0.020000 0.010000 1.850000 1.615198 2.018997 0.000000 38.560000 -28.920000
1155.707950 -0.140000 0.020000 -0.270000 -0.020000 -0.010000 1.780000 1.546501 1.933127 0.000000 36.920000 -27.690000
1155.742608 -0.570000 0.190000 0.010000 0.000000 0.010000 1.850000 0.000000 2.018997 0.000000 33.740000 -33.740000
1155.771123 0.380000 -0.160000 0.240000 -0.020000 0.020000 1.820000 1.546501 1.933127 0.000000 36.920000 -27.690000
1155.797995 0.060000 0.080000 -0.270000 0.000000 -0.000000 1.840000 0.807599 2.163211 0.000000 38.560000 -33.740000
1155.831702 0.040000 0.280000 -0.090000 -0.000000 0.000000 1.850000 1.615198 2.018997 0.000000 38.560000 -28.920000
1155.867646 0.200000 -0.110000 0.230000 -0.010000 -0.010000 1.830000 1.615198 2.018997 0.000000 38.560000 -28.920000
1155.901973 0.180000 0.130000 -0.320000 0.010000 -0.020000 1.810000 0.772413 2.071357 0.000000 36.920000 -32.310000
1155.930947 -0.240000 -0.000000 -0.170000 -0.010000 -0.010000 1.860000 1.615198 2.018997 0.000000 38.560000 -28.920000
1155.964288 -0.330000 -0.350000 0.650000 -0.000000 0.020000 1.900000 1.615198 2.018997 0.000000 38.560000 -28.920000
1155.998953 0.490000 0.210000 0.260000 -0.000000 0.010000 1.850000 1.546501 1.933127 0.000000 36.920000 -27.690000
1156.033860 0.150000 0.000000 -0.280000 -0.010000 0.010000 1.830000 1.546501 1.933127 0.000000 36.920000 -27.690000
1156.066772 0.390000 0.240000 0.350000 0.000000 0.010000 1.560000 0.807599 1.874783 0.000000 33.740000 -28.920000
1156.102701 -0.480000 -0.330000 0.250000 -0.000000 -0.010000 1.520000 0.807599 1.874783 0.000000 33.740000 -28.920000
1156.131978 -0.840000 0.430000 -0.210000 0.040000 0.010000 1.410000 1.546501 1.380805 0.000000 27.690000 -18.460000
1156.159487 0.110000 0.110000 0.260000 -0.010000 0.010000 1.050000 4.037994 1.009498 0.000000 28.920000 -4.820000
