764.132509 0.020000 0.020000 -9.940000 -0.000000 -0.000000 -0.000000 0.000000 0.000000 0.000000 0.000000 0.000000
764.172549 -0.020000 -0.010000 -8.860000 0.000000 -0.000000 0.000000 0.000000 0.000000 0.000000 0.000000 0.000000
764.201176 0.040000 0.120000 -7.890000 -0.000000 0.010000 -0.040000 2.422796 0.144214 0.000000 9.640000 4.820000
764.228342 0.010000 1.100000 -6.720000 0.010000 0.010000 -0.080000 3.094678 0.276161 0.000000 13.850000 4.620000
764.266870 0.340000 0.770000 -6.620000 0.040000 0.010000 -0.130000 8.075988 0.576856 0.000000 33.740000 14.460000
764.303104 0.230000 2.310000 -4.350000 0.010000 -0.020000 0.150000 11.306383 0.576856 0.000000 43.380000 24.100000
764.333419 -0.360000 -0.050000 -3.620000 -0.090000 0.010000 0.030000 16.155326 0.000000 0.000000 48.210000 48.210000
764.365648 -0.050000 0.520000 -2.980000 -0.000000 0.000000 -0.070000 19.332105 -0.138230 0.000000 55.380000 60.000000
764.401007 -0.360000 -0.220000 -0.260000 0.070000 0.000000 0.010000 22.616116 0.000000 0.000000 67.490000 67.490000
764.429867 -0.180000 0.070000 1.920000 0.010000 0.010000 -0.090000 27.461709 0.000000 0.000000 81.950000 81.950000
764.464933 -0.260000 -0.180000 -0.570000 0.140000 -0.050000 0.070000 29.385201 0.000000 0.000000 87.690000 87.690000
764.502110 1.210000 -0.720000 -1.700000 0.010000 0.050000 -0.050000 32.478204 0.000000 0.000000 96.920000 96.920000
764.533552 -0.610000 -0.500000 1.530000 0.180000 -0.020000 -0.050000 36.345295 -0.144214 0.000000 106.050000 110.870000
764.570550 0.140000 -0.050000 -0.640000 -0.060000 -0.030000 0.010000 35.537696 0.000000 0.000000 106.050000 106.050000
764.598472 0.330000 -1.060000 0.730000 0.110000 -0.030000 0.020000 38.664209 0.000000 0.000000 115.380000 115.380000
764.633954 -0.190000 0.250000 0.170000 0.010000 0.020000 0.030000 41.998486 0.000000 0.000000 125.330000 125.330000
764.666725 -0.450000 -0.830000 1.210000 0.030000 0.010000 -0.060000 43.613684 0.000000 0.000000 130.150000 130.150000
764.704914 -1.050000 -1.260000 0.660000 -0.130000 -0.070000 0.050000 41.998486 0.000000 0.000000 125.330000 125.330000
764.742012 0.130000 -0.310000 -1.380000 -0.080000 -0.030000 -0.110000 46.844079 0.000000 0.000000 139.790000 139.790000
764.770846 -0.240000 0.890000 1.540000 -0.140000 0.030000 -0.010000 47.653353 0.144513 0.000000 144.620000 139.790000
764.805999 -0.490000 -0.520000 1.100000 -0.010000 -0.080000 -0.030000 45.625978 -0.137931 0.000000 133.850000 138.460000
764.840781 -0.220000 0.210000 -0.550000 -0.120000 -0.110000 0.030000 47.653353 -0.144513 0.000000 139.790000 144.620000
764.878846 -0.180000 -1.570000 -2.650000 0.010000 -0.030000 -0.030000 49.270226 0.144214 0.000000 149.440000 144.620000
764.914500 0.830000 0.960000 -0.170000 -0.120000 0.070000 0.070000 47.946568 0.000000 0.000000 143.080000 143.080000
764.948412 0.700000 -0.690000 1.910000 -0.050000 0.010000 0.010000 48.718981 -0.137931 0.000000 143.080000 147.690000
764.983060 0.440000 0.190000 -1.570000 -0.020000 -0.070000 -0.040000 51.693022 0.000000 0.000000 154.260000 154.260000
765.011462 0.240000 -1.370000 -1.530000 0.120000 0.090000 -0.010000 51.693022 0.000000 0.000000 154.260000 154.260000
765.043591 0.170000 -0.140000 -1.260000 -0.020000 0.160000 -0.050000 50.265482 -0.138230 0.000000 147.690000 152.310000
765.075950 0.500000 0.120000 3.700000 -0.160000 0.050000 0.000000 51.693022 0.000000 0.000000 154.260000 154.260000
765.109949 -0.020000 0.320000 0.230000 -0.010000 -0.100000 -0.070000 53.308220 0.000000 0.000000 159.080000 159.080000
765.146667 0.140000 -0.220000 -3.050000 -0.050000 0.150000 0.060000 50.885423 -0.144214 0.000000 149.440000 154.260000
765.182069 0.020000 -0.640000 1.450000 -0.020000 0.100000 -0.020000 51.039571 0.000000 0.000000 152.310000 152.310000
765.210852 0.130000 0.730000 -0.670000 -0.000000 -0.120000 -0.020000 52.500621 -0.144214 0.000000 154.260000 159.080000
765.249191 0.140000 -0.160000 0.350000 0.080000 0.140000 -0.040000 51.811984 0.137931 0.000000 156.920000 152.310000
765.276842 0.640000 2.100000 3.340000 -0.040000 0.060000 -0.080000 51.693022 0.000000 0.000000 154.260000 154.260000
765.315541 -1.410000 -0.360000 1.420000 -0.060000 -0.180000 0.060000 53.308220 0.000000 0.000000 159.080000 159.080000
765.351989 -0.520000 -1.250000 -1.860000 -0.090000 -0.030000 -0.130000 52.500621 -0.144214 0.000000 154.260000 159.080000
765.380512 0.860000 -0.540000 -2.650000 -0.220000 -0.030000 0.020000 47.944893 -0.276161 0.000000 138.460000 147.690000
765.410294 0.430000 0.120000 -0.200000 0.060000 -0.050000 -0.020000 47.653353 -1.009798 0.000000 125.330000 159.080000
765.440477 -0.190000 -1.270000 3.650000 0.020000 -0.200000 -0.380000 40.384964 -1.730868 0.000000 91.590000 149.440000
765.471168 0.500000 -0.480000 0.410000 0.130000 -0.020000 -0.540000 35.572882 -1.933127 0.000000 73.850000 138.460000
765.502180 -1.200000 -1.840000 -0.260000 -0.220000 -0.170000 -0.760000 30.573142 -1.997754 0.000000 57.850000 124.620000
765.531214 0.720000 -0.170000 -2.810000 -0.030000 0.030000 -0.950000 24.229638 -2.884580 0.000000 24.100000 120.510000
765.561957 -0.050000 -0.560000 0.780000 0.230000 -0.020000 -1.010000 18.576447 -2.740366 0.000000 9.640000 101.230000
765.590936 0.320000 0.860000 -1.780000 -0.070000 0.020000 -1.420000 16.239102 -2.899840 0.000000 0.000000 96.920000
765.618505 0.250000 -0.070000 1.870000 0.020000 -0.040000 -1.620000 15.346052 -2.740366 0.000000 0.000000 91.590000
765.652706 0.010000 1.240000 0.410000 -0.030000 0.000000 -1.800000 14.692601 -2.623679 0.000000 0.000000 87.690000
765.680710 -0.080000 1.120000 -2.810000 0.050000 0.010000 -2.020000 13.730854 -2.451938 0.000000 0.000000 81.950000
765.710369 0.060000 0.350000 1.050000 0.020000 -0.080000 -2.230000 12.115657 -2.740366 0.000000 -9.640000 81.950000
765.738347 -0.310000 0.570000 0.560000 0.010000 -0.050000 -2.490000 9.692861 -2.884580 0.000000 -19.280000 77.130000
765.774809 -0.610000 1.510000 -0.540000 -0.040000 0.030000 -2.650000 9.280684 -2.761909 0.000000 -18.460000 73.850000
765.809529 -0.220000 1.140000 -0.230000 0.050000 -0.070000 -2.740000 7.270064 -3.028795 0.000000 -28.920000 72.310000
765.845656 -0.180000 0.870000 0.100000 -0.020000 0.010000 -2.830000 6.462466 -3.173009 0.000000 -33.740000 72.310000
765.879976 -0.260000 -0.010000 0.430000 0.020000 -0.020000 -2.950000 6.187681 -3.314231 0.000000 -36.920000 73.850000
765.915815 -0.140000 0.640000 0.070000 0.030000 -0.040000 -3.010000 4.639504 -3.314231 0.000000 -41.540000 69.230000
765.949700 -0.540000 -0.100000 0.420000 0.000000 -0.050000 -3.050000 5.654867 -3.605651 0.000000 -43.380000 77.130000
765.982582 -0.520000 0.040000 0.890000 -0.010000 0.060000 -3.150000 4.039669 -3.317223 0.000000 -43.380000 67.490000
766.010545 -0.810000 0.180000 0.250000 0.010000 -0.020000 -3.190000 5.413592 -3.452461 0.000000 -41.540000 73.850000
766.044723 0.510000 1.040000 -0.330000 0.010000 0.020000 -3.190000 4.037994 -3.605950 0.000000 -48.210000 72.310000
766.081019 -0.190000 0.440000 -0.580000 -0.030000 0.010000 -2.990000 8.077663 -3.461437 0.000000 -33.740000 81.950000
766.110521 0.240000 0.270000 -0.580000 -0.050000 0.070000 -2.930000 8.077663 -3.173009 0.000000 -28.920000 77.130000
766.141063 0.700000 0.770000 -0.760000 -0.010000 -0.010000 -2.610000 10.500459 -3.317223 0.000000 -24.100000 86.770000
766.175073 1.300000 -0.040000 -0.660000 0.000000 -0.010000 -2.490000 13.730854 -2.740366 0.000000 -4.820000 86.770000
766.211033 0.270000 0.470000 0.840000 0.030000 -0.040000 -2.260000 16.240777 -2.623679 0.000000 4.620000 92.310000
766.240449 -0.010000 -0.080000 -0.520000 0.020000 0.000000 -2.030000 20.191644 -1.875082 0.000000 28.920000 91.590000
766.270757 0.570000 -0.600000 -1.370000 0.050000 -0.050000 -1.990000 24.229638 -2.019296 0.000000 38.560000 106.050000
766.300132 0.120000 0.870000 0.370000 -0.050000 0.020000 -1.900000 25.519785 -1.519035 0.000000 50.770000 101.540000
766.331513 -0.330000 1.370000 -1.050000 -0.080000 -0.060000 -1.210000 27.838700 -1.380805 0.000000 60.000000 106.150000
766.359165 0.360000 -1.140000 0.990000 0.010000 0.060000 -1.030000 31.499702 -1.586355 0.000000 67.490000 120.510000
766.396308 -0.440000 -0.640000 -0.940000 -0.050000 0.060000 -0.800000 35.537696 -0.865284 0.000000 91.590000 120.510000
766.434088 0.110000 -1.160000 -1.160000 0.110000 -0.040000 -0.600000 35.572882 -0.828483 0.000000 92.310000 120.000000
766.466948 -0.030000 -0.800000 0.030000 0.100000 0.090000 -0.420000 37.960492 -0.721070 0.000000 101.230000 125.330000
766.503699 -0.090000 0.810000 3.840000 -0.130000 -0.030000 -0.320000 40.383289 -0.288428 0.000000 115.690000 125.330000
766.540909 -0.780000 -1.570000 -0.540000 -0.100000 0.030000 -0.140000 40.383289 -0.288428 0.000000 115.690000 125.330000
766.570205 0.050000 -0.510000 -2.120000 -0.080000 0.080000 -0.140000 41.758887 -0.276161 0.000000 120.000000 129.230000
766.602114 0.250000 -0.970000 -0.670000 0.060000 0.070000 -0.050000 44.421282 0.144214 0.000000 134.970000 130.150000
766.632946 -0.140000 -1.120000 -0.910000 -0.120000 0.170000 0.020000 40.212386 0.276460 0.000000 124.620000 115.380000
766.662235 0.070000 0.570000 1.100000 0.050000 0.060000 0.090000 40.383289 0.288428 0.000000 125.330000 115.690000
766.690813 -0.490000 -0.450000 -0.160000 -0.040000 -0.010000 0.160000 41.190887 0.721070 0.000000 134.970000 110.870000
766.720858 0.840000 -1.440000 -1.920000 0.040000 -0.140000 0.410000 35.537696 1.153713 0.000000 125.330000 86.770000
766.750586 -1.210000 -0.220000 0.610000 -0.090000 -0.200000 0.660000 33.252292 1.242874 0.000000 120.000000 78.460000
766.780362 -0.250000 -0.590000 1.990000 -0.090000 -0.010000 0.980000 29.884505 1.874783 0.000000 120.510000 57.850000
766.809532 0.840000 -0.100000 -1.330000 -0.080000 0.120000 1.080000 22.614441 2.307724 0.000000 106.050000 28.920000
766.846350 -0.350000 -1.290000 0.180000 0.110000 -0.040000 1.310000 18.559692 2.485449 0.000000 96.920000 13.850000
766.879764 -0.480000 -0.430000 0.920000 -0.170000 -0.040000 1.550000 15.466689 2.761909 0.000000 92.310000 0.000000
766.915680 -1.130000 0.980000 -0.350000 -0.070000 -0.070000 1.670000 14.538453 2.596152 0.000000 86.770000 0.000000
766.951868 -0.220000 0.660000 0.110000 0.010000 -0.030000 1.870000 13.730854 2.451938 0.000000 81.950000 0.000000
766.990629 -0.210000 0.050000 1.140000 0.040000 -0.020000 1.980000 12.373686 2.209587 0.000000 73.850000 0.000000
767.019354 -0.730000 0.610000 0.540000 0.010000 -0.000000 2.160000 12.115657 2.451938 0.000000 77.130000 -4.820000
767.048893 0.070000 0.200000 -0.120000 -0.000000 -0.050000 2.330000 9.950890 2.642229 0.000000 73.850000 -14.460000
767.083373 0.120000 0.410000 0.260000 0.020000 -0.060000 2.450000 8.077663 2.884580 0.000000 72.310000 -24.100000
767.114512 0.490000 0.740000 -0.180000 -0.030000 -0.070000 2.580000 7.270064 3.028795 0.000000 72.310000 -28.920000
767.152468 -0.510000 -0.460000 0.100000 -0.030000 -0.070000 2.700000 5.654867 3.317223 0.000000 72.310000 -38.560000
767.179790 0.480000 0.720000 -0.330000 0.010000 -0.020000 2.800000 3.867091 3.176300 0.000000 64.620000 -41.540000
767.215715 0.070000 0.170000 -0.260000 0.040000 0.040000 2.880000 3.232071 3.173009 0.000000 62.670000 -43.380000
767.250410 -0.000000 0.780000 0.790000 0.070000 0.070000 2.990000 4.847268 3.461437 0.000000 72.310000 -43.380000
767.279022 0.620000 -0.060000 0.100000 0.030000 0.050000 3.120000 3.094678 3.314231 0.000000 64.620000 -46.150000
767.314312 0.100000 0.380000 0.980000 0.010000 0.040000 3.150000 3.093003 3.590392 0.000000 69.230000 -50.770000
767.346677 0.020000 0.600000 0.210000 0.130000 0.120000 3.130000 3.230395 3.750164 0.000000 72.310000 -53.030000
767.380816 0.600000 1.040000 0.220000 0.080000 0.100000 2.890000 6.462466 3.173009 0.000000 72.310000 -33.740000
767.408010 0.360000 -0.770000 1.640000 0.020000 0.030000 2.900000 7.732507 3.314231 0.000000 78.460000 -32.310000
767.441977 1.000000 1.280000 1.830000 -0.010000 0.020000 2.830000 8.885262 3.317223 0.000000 81.950000 -28.920000
767.472435 0.710000 0.590000 -0.360000 -0.030000 -0.010000 2.410000 13.730854 2.740366 0.000000 86.770000 -4.820000
767.501155 -0.220000 0.590000 -1.510000 -0.020000 0.070000 2.370000 16.153651 2.596152 0.000000 91.590000 4.820000
767.530495 -0.040000 -0.220000 0.610000 0.000000 0.020000 2.060000 17.768848 2.307724 0.000000 91.590000 14.460000
767.559496 -1.610000 -1.110000 0.870000 0.010000 -0.020000 1.960000 24.229638 1.730868 0.000000 101.230000 43.380000
767.596320 -1.280000 1.420000 -3.240000 0.080000 -0.000000 1.660000 25.519785 1.519035 0.000000 101.540000 50.770000
767.631684 0.580000 -1.190000 -0.350000 -0.010000 0.020000 1.040000 27.461709 1.442141 0.000000 106.050000 57.850000
767.662992 -0.340000 0.080000 -0.780000 0.050000 -0.090000 0.760000 31.499702 1.297927 0.000000 115.690000 72.310000
767.692604 -0.300000 -0.750000 2.500000 -0.010000 -0.100000 0.740000 31.705791 0.966713 0.000000 110.770000 78.460000
767.719713 0.580000 -0.130000 -2.390000 0.010000 0.090000 0.470000 35.571206 0.552322 0.000000 115.380000 96.920000
767.755792 0.350000 -1.050000 1.570000 0.210000 -0.140000 0.240000 38.768091 0.576856 0.000000 125.330000 106.050000
767.788664 -0.090000 -0.620000 1.190000 -0.160000 -0.160000 0.240000 40.383289 0.288428 0.000000 125.330000 115.690000
767.826050 0.410000 0.000000 -0.130000 -0.010000 -0.010000 0.110000 40.986474 0.138230 0.000000 124.620000 120.000000
767.862142 0.590000 0.720000 -1.630000 -0.060000 0.050000 0.140000 42.806085 0.144214 0.000000 130.150000 125.330000
767.890512 0.030000 -0.700000 0.800000 0.110000 0.010000 0.030000 46.036480 0.144214 0.000000 139.790000 134.970000
767.920831 0.070000 -0.440000 -2.080000 -0.020000 0.100000 0.140000 44.421282 0.144214 0.000000 134.970000 130.150000
767.950142 0.780000 0.100000 0.530000 0.040000 0.040000 -0.010000 44.853566 0.000000 0.000000 133.850000 133.850000
767.978385 0.010000 0.520000 -3.190000 -0.050000 -0.010000 0.100000 49.270226 0.144214 0.000000 149.440000 144.620000
768.016481 -0.050000 -0.700000 1.600000 0.100000 0.230000 -0.030000 47.946568 0.000000 0.000000 143.080000 143.080000
768.052703 -0.280000 0.050000 2.740000 -0.220000 -0.060000 0.110000 47.653353 -0.144513 0.000000 139.790000 144.620000
768.080977 -0.170000 -0.910000 -0.200000 0.190000 -0.130000 0.010000 51.693022 0.288428 0.000000 159.080000 149.440000
768.110367 -0.920000 -0.900000 -0.880000 0.050000 0.030000 -0.090000 50.885423 0.144214 0.000000 154.260000 149.440000
768.139402 1.030000 0.260000 0.820000 0.030000 -0.090000 -0.080000 47.946568 0.000000 0.000000 143.080000 143.080000
768.176680 0.720000 1.100000 0.970000 -0.020000 0.050000 -0.080000 51.693022 0.000000 0.000000 154.260000 154.260000
768.209937 -1.170000 0.140000 1.490000 -0.100000 -0.220000 0.090000 53.308220 0.000000 0.000000 159.080000 159.080000
768.246140 -0.460000 -1.470000 -0.330000 0.010000 -0.040000 -0.060000 51.811984 0.414391 0.000000 161.540000 147.690000
768.278977 0.310000 0.990000 -1.190000 -0.220000 0.040000 0.090000 50.265482 -0.138230 0.000000 147.690000 152.310000
768.317181 0.080000 -0.150000 -0.720000 0.120000 -0.060000 -0.010000 52.500621 0.144214 0.000000 159.080000 154.260000
768.353219 -0.020000 -0.320000 0.400000 0.060000 -0.030000 -0.050000 50.885423 -0.144214 0.000000 149.440000 154.260000
768.383074 0.180000 -0.040000 -0.680000 0.000000 -0.050000 -0.040000 51.039571 0.000000 0.000000 152.310000 152.310000
768.417128 -0.180000 -1.050000 -1.820000 -0.010000 -0.120000 -0.050000 54.115818 -0.144214 0.000000 159.080000 163.900000
768.450460 -1.030000 0.040000 0.630000 -0.160000 -0.090000 0.070000 53.308220 0.000000 0.000000 159.080000 159.080000
768.481336 0.640000 -0.480000 -0.870000 0.040000 0.060000 -0.040000 50.885423 -0.144214 0.000000 149.440000 154.260000
768.511344 0.200000 0.250000 1.720000 -0.190000 -0.070000 0.040000 53.308220 0.000000 0.000000 159.080000 159.080000
768.548825 0.070000 0.560000 0.730000 0.200000 -0.020000 -0.030000 48.462627 0.000000 0.000000 144.620000 144.620000
768.584859 0.260000 -0.270000 0.230000 0.120000 0.080000 -0.060000 47.946568 0.000000 0.000000 143.080000 143.080000
768.620326 0.850000 0.280000 1.550000 0.010000 -0.030000 -0.080000 43.613684 0.000000 0.000000 130.150000 130.150000
768.648655 1.230000 0.820000 -0.720000 -0.040000 0.050000 -0.030000 42.806085 -0.144214 0.000000 125.330000 130.150000
768.686093 0.630000 0.290000 -1.160000 0.160000 0.140000 0.010000 37.119383 0.000000 0.000000 110.770000 110.770000
768.722678 -1.360000 -2.370000 1.310000 0.070000 0.130000 0.180000 31.705791 -0.137931 0.000000 92.310000 96.920000
768.750766 -1.110000 -2.720000 0.760000 -0.020000 -0.040000 -0.150000 29.884505 -0.144214 0.000000 86.770000 91.590000
768.780847 0.120000 0.050000 -1.560000 -0.230000 0.030000 -0.070000 25.038912 -0.144214 0.000000 72.310000 77.130000
768.808867 -0.350000 -0.630000 -2.950000 -0.040000 -0.050000 0.010000 19.332105 -0.138230 0.000000 55.380000 60.000000
768.844551 -0.450000 -1.590000 0.690000 0.060000 -0.040000 0.070000 16.155326 0.000000 0.000000 48.210000 48.210000
768.876634 0.010000 0.090000 1.040000 -0.010000 -0.020000 -0.030000 6.460790 0.000000 0.000000 19.280000 19.280000
768.912151 -0.080000 1.290000 -0.440000 -0.010000 0.010000 -0.020000 4.037994 -0.144214 0.000000 9.640000 14.460000
768.940138 0.120000 1.650000 -0.480000 0.030000 0.010000 0.010000 0.000000 0.000000 0.000000 0.000000 0.000000
768.968078 0.140000 1.890000 1.040000 -0.000000 0.000000 0.020000 -0.807599 0.144214 0.000000 0.000000 -4.820000
769.003892 0.270000 1.800000 -0.580000 -0.020000 0.000000 -0.000000 0.000000 0.000000 0.000000 0.000000 0.000000
769.035762 0.070000 1.110000 0.180000 0.020000 0.010000 -0.010000 0.000000 0.000000 0.000000 0.000000 0.000000
769.068888 0.100000 0.860000 0.650000 -0.010000 -0.000000 0.010000 0.000000 0.000000 0.000000 0.000000 0.000000
769.104744 0.060000 0.850000 -0.220000 -0.000000 0.000000 0.000000 0.000000 0.000000 0.000000 0.000000 0.000000
769.138686 -0.160000 0.400000 0.110000 -0.000000 0.000000 -0.000000 0.000000 0.000000 0.000000 0.000000 0.000000
769.172470 0.040000 -0.130000 -0.100000 -0.000000 -0.000000 -0.000000 0.000000 0.000000 0.000000 0.000000 0.000000
769.201480 0.010000 0.090000 -0.040000 0.000000 0.000000 -0.000000 0.000000 0.000000 0.000000 0.000000 0.000000
769.228196 -0.070000 -0.020000 0.150000 0.000000 -0.000000 0.000000 0.000000 0.000000 0.000000 0.000000 0.000000
769.263484 -0.010000 -0.110000 -0.120000 -0.000000 -0.000000 -0.000000 0.000000 0.000000 0.000000 0.000000 0.000000
769.299513 0.040000 -0.320000 0.000000 0.000000 0.000000 -0.000000 0.000000 0.000000 0.000000 0.000000 0.000000
769.328489 0.030000 -0.070000 0.060000 -0.000000 0.000000 -0.000000 0.000000 0.000000 0.000000 0.000000 0.000000
769.361963 -0.000000 0.050000 -0.110000 0.000000 0.000000 -0.000000 0.000000 0.000000 0.000000 0.000000 0.000000
769.398804 0.040000 -0.080000 0.000000 -0.000000 0.000000 -0.000000 0.000000 0.000000 0.000000 0.000000 0.000000
769.435377 0.010000 -0.160000 -0.080000 -0.000000 0.000000 -0.000000 0.000000 0.000000 0.000000 0.000000 0.000000
769.468127 0.010000 -0.100000 -0.040000 0.000000 -0.000000 0.000000 0.000000 0.000000 0.000000 0.000000 0.000000
769.503193 0.070000 0.030000 0.060000 -0.000000 0.000000 -0.000000 0.000000 0.000000 0.000000 0.000000 0.000000
769.540604 0.010000 -0.020000 -0.090000 -0.000000 0.000000 -0.000000 0.000000 0.000000 0.000000 0.000000 0.000000
769.568407 -0.070000 -0.140000 0.020000 0.000000 -0.000000 -0.000000 0.000000 0.000000 0.000000 0.000000 0.000000
769.601232 0.030000 -0.080000 -0.020000 -0.000000 0.000000 0.000000 0.000000 0.000000 0.000000 0.000000 0.000000
769.637886 -0.010000 0.060000 0.010000 0.000000 0.000000 0.000000 0.000000 0.000000 0.000000 0.000000 0.000000
769.675072 -0.120000 -0.030000 0.050000 0.000000 0.000000 -0.000000 0.000000 0.000000 0.000000 0.000000 0.000000
769.708042 -0.020000 -0.170000 0.070000 -0.000000 -0.000000 -0.000000 0.000000 0.000000 0.000000 0.000000 0.000000
769.747439 0.030000 -0.080000 0.000000 -0.000000 0.000000 0.000000 0.000000 0.000000 0.000000 0.000000 0.000000
769.781205 -0.020000 0.060000 0.020000 0.000000 0.000000 0.000000 0.000000 0.000000 0.000000 0.000000 0.000000
769.809326 0.010000 -0.010000 0.080000 -0.000000 -0.000000 -0.000000 0.000000 0.000000 0.000000 0.000000 0.000000
769.844579 0.030000 -0.180000 -0.050000 0.000000 -0.000000 -0.000000 0.000000 0.000000 0.000000 0.000000 0.000000
769.879871 0.040000 -0.120000 -0.020000 -0.000000 0.000000 0.000000 0.000000 0.000000 0.000000 0.000000 0.000000
769.913922 -0.030000 0.080000 -0.040000 0.000000 -0.000000 0.000000 0.000000 0.000000 0.000000 0.000000 0.000000
769.949182 0.010000 -0.000000 0.070000 -0.000000 -0.000000 -0.000000 0.000000 0.000000 0.000000 0.000000 0.000000
769.977518 0.060000 -0.130000 -0.020000 0.000000 -0.000000 0.000000 0.000000 0.000000 0.000000 0.000000 0.000000
770.013029 -0.080000 -0.030000 -0.030000 -0.000000 0.000000 -0.000000 0.000000 0.000000 0.000000 0.000000 0.000000
770.040954 0.020000 0.030000 -0.020000 0.000000 -0.000000 0.000000 0.000000 0.000000 0.000000 0.000000 0.000000
770.068322 0.040000 0.010000 -0.020000 -0.000000 -0.000000 -0.000000 0.000000 0.000000 0.000000 0.000000 0.000000
770.104103 -0.020000 -0.100000 -0.020000 -0.000000 0.000000 0.000000 0.000000 0.000000 0.000000 0.000000 0.000000
770.136678 -0.020000 -0.010000 0.020000 -0.000000 -0.000000 0.000000 0.000000 0.000000 0.000000 0.000000 0.000000
770.171193 0.040000 0.020000 -0.000000 0.000000 -0.000000 0.000000 0.000000 0.000000 0.000000 0.000000 0.000000
770.199632 0.040000 0.110000 -0.060000 0.000000 -0.000000 0.000000 0.000000 0.000000 0.000000 0.000000 0.000000
770.227685 -0.020000 -0.060000 -0.040000 0.000000 0.000000 0.000000 0.000000 0.000000 0.000000 0.000000 0.000000
770.260443 -0.060000 -0.080000 0.090000 0.000000 -0.000000 0.000000 0.000000 0.000000 0.000000 0.000000 0.000000
770.286606 0.000000 0.010000 0.030000 0.000000 0.000000 0.000000 0.000000 0.000000 0.000000 0.000000 0.000000
770.322581 -0.010000 0.020000 -0.020000 -0.000000 -0.000000 0.000000 0.000000 0.000000 0.000000 0.000000 0.000000
770.350491 0.010000 -0.030000 0.040000 -0.000000 0.000000 0.000000 0.000000 0.000000 0.000000 0.000000 0.000000
770.376985 0.010000 -0.050000 0.020000 0.000000 0.000000 -0.000000 0.000000 0.000000 0.000000 0.000000 0.000000
770.413068 0.020000 0.020000 -0.080000 0.000000 0.000000 -0.000000 0.000000 0.000000 0.000000 0.000000 0.000000
770.448381 -0.060000 0.070000 0.030000 0.000000 -0.000000 0.000000 0.000000 0.000000 0.000000 0.000000 0.000000
770.479882 0.100000 -0.090000 -0.060000 0.000000 -0.000000 0.000000 0.000000 0.000000 0.000000 0.000000 0.000000
770.513796 0.000000 -0.120000 0.060000 0.000000 0.000000 -0.000000 0.000000 0.000000 0.000000 0.000000 0.000000
770.545636 0.000000 -0.020000 0.010000 -0.000000 0.000000 -0.000000 0.000000 0.000000 0.000000 0.000000 0.000000
770.580645 0.050000 0.060000 0.030000 -0.000000 -0.000000 0.000000 0.000000 0.000000 0.000000 0.000000 0.000000
770.607182 -0.030000 0.000000 -0.050000 0.000000 0.000000 0.000000 0.000000 0.000000 0.000000 0.000000 0.000000
770.641721 -0.020000 -0.080000 0.080000 -0.000000 -0.000000 -0.000000 0.000000 0.000000 0.000000 0.000000 0.000000
770.670197 -0.020000 -0.010000 -0.030000 0.000000 -0.000000 0.000000 0.000000 0.000000 0.000000 0.000000 0.000000
770.698046 0.020000 0.060000 0.030000 0.000000 -0.000000 -0.000000 0.000000 0.000000 0.000000 0.000000 0.000000
770.733140 -0.020000 0.030000 -0.070000 -0.000000 0.000000 0.000000 0.000000 0.000000 0.000000 0.000000 0.000000
770.763031 -0.030000 -0.060000 0.040000 0.000000 0.000000 -0.000000 0.000000 0.000000 0.000000 0.000000 0.000000
770.791721 0.030000 -0.000000 -0.040000 0.000000 -0.000000 -0.000000 0.000000 0.000000 0.000000 0.000000 0.000000
770.820775 -0.010000 0.040000 -0.040000 -0.000000 0.000000 -0.000000 0.000000 0.000000 0.000000 0.000000 0.000000
770.847392 -0.030000 0.070000 0.030000 0.000000 0.000000 -0.000000 0.000000 0.000000 0.000000 0.000000 0.000000
770.881475 0.010000 -0.050000 -0.030000 0.000000 -0.000000 -0.000000 0.000000 0.000000 0.000000 0.000000 0.000000
770.908212 0.040000 -0.010000 0.000000 0.000000 -0.000000 -0.000000 0.000000 0.000000 0.000000 0.000000 0.000000
770.939432 0.030000 0.060000 0.040000 0.000000 -0.000000 0.000000 0.000000 0.000000 0.000000 0.000000 0.000000
770.976109 0.010000 0.050000 -0.010000 0.000000 0.000000 0.000000 0.000000 0.000000 0.000000 0.000000 0.000000
771.012494 0.000000 -0.080000 0.100000 -0.000000 -0.000000 0.000000 0.000000 0.000000 0.000000 0.000000 0.000000
771.041811 0.010000 -0.070000 -0.070000 0.000000 0.000000 -0.000000 0.000000 0.000000 0.000000 0.000000 0.000000
771.070308 -0.010000 -0.010000 -0.020000 0.000000 0.000000 0.000000 0.000000 0.000000 0.000000 0.000000 0.000000
771.099755 -0.000000 0.010000 -0.010000 -0.000000 -0.000000 -0.000000 0.000000 0.000000 0.000000 0.000000 0.000000
771.134758 0.010000 -0.080000 -0.040000 -0.000000 -0.000000 -0.000000 0.000000 0.000000 0.000000 0.000000 0.000000
771.169128 -0.000000 -0.020000 -0.030000 -0.000000 -0.000000 -0.000000 0.000000 0.000000 0.000000 0.000000 0.000000
771.196967 0.010000 -0.020000 -0.060000 -0.000000 -0.000000 -0.000000 0.000000 0.000000 0.000000 0.000000 0.000000
771.230723 0.000000 0.040000 -0.050000 0.000000 -0.000000 -0.000000 0.000000 0.000000 0.000000 0.000000 0.000000
771.257620 -0.060000 -0.050000 0.070000 -0.000000 0.000000 0.000000 0.000000 0.000000 0.000000 0.000000 0.000000
771.292636 -0.020000 0.000000 -0.010000 -0.000000 -0.000000 0.000000 0.000000 0.000000 0.000000 0.000000 0.000000
771.319509 -0.010000 0.050000 0.100000 0.000000 -0.000000 -0.000000 0.000000 0.000000 0.000000 0.000000 0.000000
771.353094 -0.020000 0.050000 0.000000 0.000000 0.000000 -0.000000 0.000000 0.000000 0.000000 0.000000 0.000000
771.380888 0.030000 -0.050000 0.010000 -0.000000 0.000000 -0.000000 0.000000 0.000000 0.000000 0.000000 0.000000
771.409334 0.030000 -0.060000 0.000000 -0.000000 -0.000000 0.000000 0.000000 0.000000 0.000000 0.000000 0.000000
771.443158 0.020000 0.040000 0.060000 -0.000000 0.000000 0.000000 0.000000 0.000000 0.000000 0.000000 0.000000
771.471700 0.010000 0.070000 0.010000 0.000000 -0.000000 -0.000000 0.000000 0.000000 0.000000 0.000000 0.000000
771.498580 0.020000 -0.060000 -0.010000 0.000000 0.000000 -0.000000 0.000000 0.000000 0.000000 0.000000 0.000000
771.533590 0.080000 -0.050000 -0.010000 0.000000 0.000000 -0.000000 0.000000 0.000000 0.000000 0.000000 0.000000
771.566176 -0.000000 0.010000 -0.020000 0.000000 0.000000 -0.000000 0.000000 0.000000 0.000000 0.000000 0.000000
771.602087 -0.060000 0.010000 0.000000 -0.000000 0.000000 -0.000000 0.000000 0.000000 0.000000 0.000000 0.000000
771.629405 -0.020000 -0.030000 -0.020000 -0.000000 -0.000000 -0.000000 0.000000 0.000000 0.000000 0.000000 0.000000
771.665682 0.010000 -0.100000 0.110000 -0.000000 0.000000 0.000000 0.000000 0.000000 0.000000 0.000000 0.000000
771.701906 -0.050000 0.020000 -0.010000 0.000000 -0.000000 -0.000000 0.000000 0.000000 0.000000 0.000000 0.000000
771.729949 -0.020000 0.040000 0.000000 -0.000000 -0.000000 0.000000 0.000000 0.000000 0.000000 0.000000 0.000000
771.758782 -0.010000 0.010000 -0.050000 0.000000 -0.000000 -0.000000 0.000000 0.000000 0.000000 0.000000 0.000000
771.794884 -0.050000 0.010000 -0.010000 -0.000000 0.000000 -0.000000 0.000000 0.000000 0.000000 0.000000 0.000000
771.828967 0.040000 0.060000 0.010000 0.000000 -0.000000 0.000000 0.000000 0.000000 0.000000 0.000000 0.000000
771.863510 0.010000 0.070000 0.030000 0.000000 -0.000000 -0.000000 0.000000 0.000000 0.000000 0.000000 0.000000
771.897697 0.050000 0.040000 -0.010000 0.000000 0.000000 0.000000 0.000000 0.000000 0.000000 0.000000 0.000000
771.931084 -0.020000 -0.020000 -0.080000 -0.000000 -0.000000 -0.000000 0.000000 0.000000 0.000000 0.000000 0.000000
771.960429 -0.000000 0.010000 -0.020000 -0.000000 0.000000 -0.000000 0.000000 0.000000 0.000000 0.000000 0.000000
771.987020 0.020000 -0.000000 -0.030000 -0.000000 0.000000 0.000000 0.000000 0.000000 0.000000 0.000000 0.000000
772.024692 -0.020000 -0.020000 0.050000 -0.000000 0.000000 0.000000 0.000000 0.000000 0.000000 0.000000 0.000000
772.059872 -0.000000 -0.060000 0.030000 -0.000000 0.000000 0.000000 0.000000 0.000000 0.000000 0.000000 0.000000
772.087886 0.060000 -0.020000 0.070000 0.000000 -0.000000 0.000000 0.000000 0.000000 0.000000 0.000000 0.000000
772.121500 -0.020000 0.030000 -0.030000 -0.000000 0.000000 0.000000 0.000000 0.000000 0.000000 0.000000 0.000000
772.150241 -0.020000 -0.040000 -0.030000 -0.000000 0.000000 0.000000 0.000000 0.000000 0.000000 0.000000 0.000000
772.179503 0.020000 -0.060000 -0.010000 0.000000 -0.000000 -0.000000 0.000000 0.000000 0.000000 0.000000 0.000000
772.207481 -0.010000 0.010000 0.030000 -0.000000 0.000000 0.000000 0.000000 0.000000 0.000000 0.000000 0.000000
772.239096 -0.010000 0.000000 -0.020000 0.000000 0.000000 -0.000000 0.000000 0.000000 0.000000 0.000000 0.000000
772.271351 0.060000 0.070000 -0.050000 -0.000000 -0.000000 -0.000000 0.000000 0.000000 0.000000 0.000000 0.000000
772.298508 -0.010000 -0.020000 0.010000 -0.000000 -0.000000 -0.000000 0.000000 0.000000 0.000000 0.000000 0.000000
772.335135 0.020000 0.010000 -0.030000 0.000000 0.000000 0.000000 0.000000 0.000000 0.000000 0.000000 0.000000
772.368849 -0.020000 0.020000 -0.000000 0.000000 -0.000000 0.000000 0.000000 0.000000 0.000000 0.000000 0.000000
772.401898 -0.010000 0.060000 0.010000 -0.000000 -0.000000 0.000000 0.000000 0.000000 0.000000 0.000000 0.000000
772.431198 -0.010000 -0.020000 -0.000000 0.000000 0.000000 0.000000 0.000000 0.000000 0.000000 0.000000 0.000000
772.458555 -0.010000 -0.020000 0.000000 -0.000000 -0.000000 -0.000000 0.000000 0.000000 0.000000 0.000000 0.000000
772.492520 -0.000000 -0.030000 -0.060000 -0.000000 -0.000000 -0.000000 0.000000 0.000000 0.000000 0.000000 0.000000
772.519913 -0.010000 -0.020000 -0.050000 -0.000000 -0.000000 -0.000000 0.000000 0.000000 0.000000 0.000000 0.000000
772.557244 0.040000 -0.010000 0.040000 0.000000 -0.000000 -0.000000 0.000000 0.000000 0.000000 0.000000 0.000000
772.592612 -0.020000 -0.020000 0.020000 0.000000 -0.000000 -0.000000 0.000000 0.000000 0.000000 0.000000 0.000000
772.620920 0.020000 0.010000 -0.030000 -0.000000 0.000000 -0.000000 0.000000 0.000000 0.000000 0.000000 0.000000
772.647794 -0.020000 0.070000 0.010000 0.000000 -0.000000 -0.000000 0.000000 0.000000 0.000000 0.000000 0.000000
772.685707 -0.040000 -0.000000 0.010000 -0.000000 0.000000 -0.000000 0.000000 0.000000 0.000000 0.000000 0.000000
772.719878 0.030000 -0.050000 -0.030000 0.000000 0.000000 0.000000 0.000000 0.000000 0.000000 0.000000 0.000000
772.748014 -0.010000 0.010000 0.020000 -0.000000 0.000000 0.000000 0.000000 0.000000 0.000000 0.000000 0.000000
772.783486 -0.050000 0.070000 0.020000 0.000000 0.000000 0.000000 0.000000 0.000000 0.000000 0.000000 0.000000
772.817907 0.010000 -0.060000 0.010000 -0.000000 0.000000 -0.000000 0.000000 0.000000 0.000000 0.000000 0.000000
772.853687 -0.030000 -0.050000 -0.020000 -0.000000 -0.000000 -0.000000 0.000000 0.000000 0.000000 0.000000 0.000000
772.889961 -0.050000 0.020000 -0.010000 0.000000 -0.000000 0.000000 0.000000 0.000000 0.000000 0.000000 0.000000
772.918166 0.010000 0.030000 0.010000 -0.000000 -0.000000 -0.000000 0.000000 0.000000 0.000000 0.000000 0.000000
772.950120 0.040000 -0.050000 -0.060000 0.000000 -0.000000 -0.000000 0.000000 0.000000 0.000000 0.000000 0.000000
772.978168 0.020000 0.030000 0.030000 0.000000 0.000000 -0.000000 0.000000 0.000000 0.000000 0.000000 0.000000
773.015010 -0.010000 0.020000 0.040000 -0.000000 0.000000 -0.000000 0.000000 0.000000 0.000000 0.000000 0.000000
773.050538 -0.010000 0.040000 -0.040000 -0.000000 -0.000000 -0.000000 0.000000 0.000000 0.000000 0.000000 0.000000
773.086235 0.010000 0.000000 0.050000 -0.000000 0.000000 -0.000000 0.000000 0.000000 0.000000 0.000000 0.000000
773.120429 -0.010000 -0.060000 0.010000 0.000000 0.000000 -0.000000 0.000000 0.000000 0.000000 0.000000 0.000000
773.148747 -0.020000 0.030000 0.000000 -0.000000 0.000000 -0.000000 0.000000 0.000000 0.000000 0.000000 0.000000
773.183551 0.050000 -0.030000 -0.040000 0.000000 -0.000000 0.000000 0.000000 0.000000 0.000000 0.000000 0.000000
773.214211 -0.010000 0.010000 -0.020000 0.000000 0.000000 -0.000000 0.000000 0.000000 0.000000 0.000000 0.000000
773.245397 0.030000 0.020000 0.040000 0.000000 -0.000000 -0.000000 0.000000 0.000000 0.000000 0.000000 0.000000
773.278971 -0.030000 -0.030000 0.050000 0.000000 -0.000000 0.000000 0.000000 0.000000 0.000000 0.000000 0.000000
773.307453 -0.010000 0.010000 -0.020000 -0.000000 0.000000 0.000000 0.000000 0.000000 0.000000 0.000000 0.000000
773.342151 0.010000 0.080000 -0.000000 0.000000 -0.000000 -0.000000 0.000000 0.000000 0.000000 0.000000 0.000000
773.369203 0.020000 -0.060000 0.010000 0.000000 -0.000000 -0.000000 0.000000 0.000000 0.000000 0.000000 0.000000
773.405325 0.060000 -0.010000 0.000000 -0.000000 -0.000000 -0.000000 0.000000 0.000000 0.000000 0.000000 0.000000
773.438891 -0.010000 0.050000 0.090000 0.000000 0.000000 0.000000 0.000000 0.000000 0.000000 0.000000 0.000000
773.474247 -0.010000 0.010000 0.050000 0.000000 -0.000000 -0.000000 0.000000 0.000000 0.000000 0.000000 0.000000
773.508343 0.000000 -0.040000 -0.030000 -0.000000 0.000000 0.000000 0.000000 0.000000 0.000000 0.000000 0.000000
773.542497 -0.030000 -0.030000 -0.020000 0.000000 0.000000 0.000000 0.000000 0.000000 0.000000 0.000000 0.000000
773.578507 0.030000 0.010000 0.000000 0.000000 0.000000 0.000000 0.000000 0.000000 0.000000 0.000000 0.000000
773.615145 -0.010000 0.000000 0.000000 0.000000 0.000000 -0.000000 0.000000 0.000000 0.000000 0.000000 0.000000
773.649098 0.010000 -0.050000 -0.050000 -0.000000 0.000000 0.000000 0.000000 0.000000 0.000000 0.000000 0.000000
773.683317 -0.020000 -0.030000 -0.030000 0.000000 -0.000000 -0.000000 0.000000 0.000000 0.000000 0.000000 0.000000
773.710632 -0.020000 0.070000 -0.020000 0.000000 -0.000000 -0.000000 0.000000 0.000000 0.000000 0.000000 0.000000
773.737895 0.020000 -0.000000 -0.040000 -0.000000 -0.000000 -0.000000 0.000000 0.000000 0.000000 0.000000 0.000000
773.771550 0.030000 0.020000 -0.010000 -0.000000 -0.000000 0.000000 0.000000 0.000000 0.000000 0.000000 0.000000
773.807015 0.040000 -0.030000 0.000000 -0.000000 0.000000 0.000000 0.000000 0.000000 0.000000 0.000000 0.000000
773.838071 -0.050000 0.020000 0.060000 0.000000 0.000000 -0.000000 0.000000 0.000000 0.000000 0.000000 0.000000
0.000000 0.000000 0.000000 0.000000 0.000000 0.000000 0.000000 0.000000 0.000000 0.000000 0.000000 0.000000
0.000000 0.000000 0.000000 0.000000 0.000000 0.000000 0.000000 0.000000 0.000000 0.000000 0.000000 0.000000
0.000000 0.000000 0.000000 0.000000 0.000000 0.000000 0.000000 0.000000 0.000000 0.000000 0.000000 0.000000
0.000000 0.000000 0.000000 0.000000 0.000000 0.000000 0.000000 0.000000 0.000000 0.000000 0.000000 0.000000
0.000000 0.000000 0.000000 0.000000 0.000000 0.000000 0.000000 0.000000 0.000000 0.000000 0.000000 0.000000
0.000000 0.000000 0.000000 0.000000 0.000000 0.000000 0.000000 0.000000 0.000000 0.000000 0.000000 0.000000
0.000000 0.000000 0.000000 0.000000 0.000000 0.000000 0.000000 0.000000 0.000000 0.000000 0.000000 0.000000
0.000000 0.000000 0.000000 0.000000 0.000000 0.000000 0.000000 0.000000 0.000000 0.000000 0.000000 0.000000
0.000000 0.000000 0.000000 0.000000 0.000000 0.000000 0.000000 0.000000 0.000000 0.000000 0.000000 0.000000
0.000000 0.000000 0.000000 0.000000 0.000000 0.000000 0.000000 0.000000 0.000000 0.000000 0.000000 0.000000
0.000000 0.000000 0.000000 0.000000 0.000000 0.000000 0.000000 0.000000 0.000000 0.000000 0.000000 0.000000
0.000000 0.000000 0.000000 0.000000 0.000000 0.000000 0.000000 0.000000 0.000000 0.000000 0.000000 0.000000
0.000000 0.000000 0.000000 0.000000 0.000000 0.000000 0.000000 0.000000 0.000000 0.000000 0.000000 0.000000
0.000000 0.000000 0.000000 0.000000 0.000000 0.000000 0.000000 0.000000 0.000000 0.000000 0.000000 0.000000
0.000000 0.000000 0.000000 0.000000 0.000000 0.000000 0.000000 0.000000 0.000000 0.000000 0.000000 0.000000
0.000000 0.000000 0.000000 0.000000 0.000000 0.000000 0.000000 0.000000 0.000000 0.000000 0.000000 0.000000
0.000000 0.000000 0.000000 0.000000 0.000000 0.000000 0.000000 0.000000 0.000000 0.000000 0.000000 0.000000
0.000000 0.000000 0.000000 0.000000 0.000000 0.000000 0.000000 0.000000 0.000000 0.000000 0.000000 0.000000
0.000000 0.000000 0.000000 0.000000 0.000000 0.000000 0.000000 0.000000 0.000000 0.000000 0.000000 0.000000
0.000000 0.000000 0.000000 0.000000 0.000000 0.000000 0.000000 0.000000 0.000000 0.000000 0.000000 0.000000
0.000000 0.000000 0.000000 0.000000 0.000000 0.000000 0.000000 0.000000 0.000000 0.000000 0.000000 0.000000
0.000000 0.000000 0.000000 0.000000 0.000000 0.000000 0.000000 0.000000 0.000000 0.000000 0.000000 0.000000
0.000000 0.000000 0.000000 0.000000 0.000000 0.000000 0.000000 0.000000 0.000000 0.000000 0.000000 0.000000
0.000000 0.000000 0.000000 0.000000 0.000000 0.000000 0.000000 0.000000 0.000000 0.000000 0.000000 0.000000
0.000000 0.000000 0.000000 0.000000 0.000000 0.000000 0.000000 0.000000 0.000000 0.000000 0.000000 0.000000
0.000000 0.000000 0.000000 0.000000 0.000000 0.000000 0.000000 0.000000 0.000000 0.000000 0.000000 0.000000
0.000000 0.000000 0.000000 0.000000 0.000000 0.000000 0.000000 0.000000 0.000000 0.000000 0.000000 0.000000
0.000000 0.000000 0.000000 0.000000 0.000000 0.000000 0.000000 0.000000 0.000000 0.000000 0.000000 0.000000
0.000000 0.000000 0.000000 0.000000 0.000000 0.000000 0.000000 0.000000 0.000000 0.000000 0.000000 0.000000
0.000000 0.000000 0.000000 0.000000 0.000000 0.000000 0.000000 0.000000 0.000000 0.000000 0.000000 0.000000
0.000000 0.000000 0.000000 0.000000 0.000000 0.000000 0.000000 0.000000 0.000000 0.000000 0.000000 0.000000
0.000000 0.000000 0.000000 0.000000 0.000000 0.000000 0.000000 0.000000 0.000000 0.000000 0.000000 0.000000
0.000000 0.000000 0.000000 0.000000 0.000000 0.000000 0.000000 0.000000 0.000000 0.000000 0.000000 0.000000
0.000000 0.000000 0.000000 0.000000 0.000000 0.000000 0.000000 0.000000 0.000000 0.000000 0.000000 0.000000
0.000000 0.000000 0.000000 0.000000 0.000000 0.000000 0.000000 0.000000 0.000000 0.000000 0.000000 0.000000
0.000000 0.000000 0.000000 0.000000 0.000000 0.000000 0.000000 0.000000 0.000000 0.000000 0.000000 0.000000
0.000000 0.000000 0.000000 0.000000 0.000000 0.000000 0.000000 0.000000 0.000000 0.000000 0.000000 0.000000
0.000000 0.000000 0.000000 0.000000 0.000000 0.000000 0.000000 0.000000 0.000000 0.000000 0.000000 0.000000
0.000000 0.000000 0.000000 0.000000 0.000000 0.000000 0.000000 0.000000 0.000000 0.000000 0.000000 0.000000
0.000000 0.000000 0.000000 0.000000 0.000000 0.000000 0.000000 0.000000 0.000000 0.000000 0.000000 0.000000
0.000000 0.000000 0.000000 0.000000 0.000000 0.000000 0.000000 0.000000 0.000000 0.000000 0.000000 0.000000
0.000000 0.000000 0.000000 0.000000 0.000000 0.000000 0.000000 0.000000 0.000000 0.000000 0.000000 0.000000
0.000000 0.000000 0.000000 0.000000 0.000000 0.000000 0.000000 0.000000 0.000000 0.000000 0.000000 0.000000
0.000000 0.000000 0.000000 0.000000 0.000000 0.000000 0.000000 0.000000 0.000000 0.000000 0.000000 0.000000
0.000000 0.000000 0.000000 0.000000 0.000000 0.000000 0.000000 0.000000 0.000000 0.000000 0.000000 0.000000
0.000000 0.000000 0.000000 0.000000 0.000000 0.000000 0.000000 0.000000 0.000000 0.000000 0.000000 0.000000
0.000000 0.000000 0.000000 0.000000 0.000000 0.000000 0.000000 0.000000 0.000000 0.000000 0.000000 0.000000
0.000000 0.000000 0.000000 0.000000 0.000000 0.000000 0.000000 0.000000 0.000000 0.000000 0.000000 0.000000
0.000000 0.000000 0.000000 0.000000 0.000000 0.000000 0.000000 0.000000 0.000000 0.000000 0.000000 0.000000
0.000000 0.000000 0.000000 0.000000 0.000000 0.000000 0.000000 0.000000 0.000000 0.000000 0.000000 0.000000
0.000000 0.000000 0.000000 0.000000 0.000000 0.000000 0.000000 0.000000 0.000000 0.000000 0.000000 0.000000
0.000000 0.000000 0.000000 0.000000 0.000000 0.000000 0.000000 0.000000 0.000000 0.000000 0.000000 0.000000
0.000000 0.000000 0.000000 0.000000 0.000000 0.000000 0.000000 0.000000 0.000000 0.000000 0.000000 0.000000
0.000000 0.000000 0.000000 0.000000 0.000000 0.000000 0.000000 0.000000 0.000000 0.000000 0.000000 0.000000
0.000000 0.000000 0.000000 0.000000 0.000000 0.000000 0.000000 0.000000 0.000000 0.000000 0.000000 0.000000
0.000000 0.000000 0.000000 0.000000 0.000000 0.000000 0.000000 0.000000 0.000000 0.000000 0.000000 0.000000
0.000000 0.000000 0.000000 0.000000 0.000000 0.000000 0.000000 0.000000 0.000000 0.000000 0.000000 0.000000
0.000000 0.000000 0.000000 0.000000 0.000000 0.000000 0.000000 0.000000 0.000000 0.000000 0.000000 0.000000
0.000000 0.000000 0.000000 0.000000 0.000000 0.000000 0.000000 0.000000 0.000000 0.000000 0.000000 0.000000
0.000000 0.000000 0.000000 0.000000 0.000000 0.000000 0.000000 0.000000 0.000000 0.000000 0.000000 0.000000
0.000000 0.000000 0.000000 0.000000 0.000000 0.000000 0.000000 0.000000 0.000000 0.000000 0.000000 0.000000
0.000000 0.000000 0.000000 0.000000 0.000000 0.000000 0.000000 0.000000 0.000000 0.000000 0.000000 0.000000
0.000000 0.000000 0.000000 0.000000 0.000000 0.000000 0.000000 0.000000 0.000000 0.000000 0.000000 0.000000
0.000000 0.000000 0.000000 0.000000 0.000000 0.000000 0.000000 0.000000 0.000000 0.000000 0.000000 0.000000
0.000000 0.000000 0.000000 0.000000 0.000000 0.000000 0.000000 0.000000 0.000000 0.000000 0.000000 0.000000
0.000000 0.000000 0.000000 0.000000 0.000000 0.000000 0.000000 0.000000 0.000000 0.000000 0.000000 0.000000
0.000000 0.000000 0.000000 0.000000 0.000000 0.000000 0.000000 0.000000 0.000000 0.000000 0.000000 0.000000
0.000000 0.000000 0.000000 0.000000 0.000000 0.000000 0.000000 0.000000 0.000000 0.000000 0.000000 0.000000
0.000000 0.000000 0.000000 0.000000 0.000000 0.000000 0.000000 0.000000 0.000000 0.000000 0.000000 0.000000
0.000000 0.000000 0.000000 0.000000 0.000000 0.000000 0.000000 0.000000 0.000000 0.000000 0.000000 0.000000
0.000000 0.000000 0.000000 0.000000 0.000000 0.000000 0.000000 0.000000 0.000000 0.000000 0.000000 0.000000
0.000000 0.000000 0.000000 0.000000 0.000000 0.000000 0.000000 0.000000 0.000000 0.000000 0.000000 0.000000
0.000000 0.000000 0.000000 0.000000 0.000000 0.000000 0.000000 0.000000 0.000000 0.000000 0.000000 0.000000
0.000000 0.000000 0.000000 0.000000 0.000000 0.000000 0.000000 0.000000 0.000000 0.000000 0.000000 0.000000
0.000000 0.000000 0.000000 0.000000 0.000000 0.000000 0.000000 0.000000 0.000000 0.000000 0.000000 0.000000
0.000000 0.000000 0.000000 0.000000 0.000000 0.000000 0.000000 0.000000 0.000000 0.000000 0.000000 0.000000
0.000000 0.000000 0.000000 0.000000 0.000000 0.000000 0.000000 0.000000 0.000000 0.000000 0.000000 0.000000
0.000000 0.000000 0.000000 0.000000 0.000000 0.000000 0.000000 0.000000 0.000000 0.000000 0.000000 0.000000
0.000000 0.000000 0.000000 0.000000 0.000000 0.000000 0.000000 0.000000 0.000000 0.000000 0.000000 0.000000
0.000000 0.000000 0.000000 0.000000 0.000000 0.000000 0.000000 0.000000 0.000000 0.000000 0.000000 0.000000
0.000000 0.000000 0.000000 0.000000 0.000000 0.000000 0.000000 0.000000 0.000000 0.000000 0.000000 0.000000
0.000000 0.000000 0.000000 0.000000 0.000000 0.000000 0.000000 0.000000 0.000000 0.000000 0.000000 0.000000
0.000000 0.000000 0.000000 0.000000 0.000000 0.000000 0.000000 0.000000 0.000000 0.000000 0.000000 0.000000
0.000000 0.000000 0.000000 0.000000 0.000000 0.000000 0.000000 0.000000 0.000000 0.000000 0.000000 0.000000
0.000000 0.000000 0.000000 0.000000 0.000000 0.000000 0.000000 0.000000 0.000000 0.000000 0.000000 0.000000
0.000000 0.000000 0.000000 0.000000 0.000000 0.000000 0.000000 0.000000 0.000000 0.000000 0.000000 0.000000
0.000000 0.000000 0.000000 0.000000 0.000000 0.000000 0.000000 0.000000 0.000000 0.000000 0.000000 0.000000
0.000000 0.000000 0.000000 0.000000 0.000000 0.000000 0.000000 0.000000 0.000000 0.000000 0.000000 0.000000
0.000000 0.000000 0.000000 0.000000 0.000000 0.000000 0.000000 0.000000 0.000000 0.000000 0.000000 0.000000
0.000000 0.000000 0.000000 0.000000 0.000000 0.000000 0.000000 0.000000 0.000000 0.000000 0.000000 0.000000
