1384.045043 0.070000 0.000000 -9.940000 -0.000000 0.000000 0.000000 0.000000 0.000000 0.000000 0.000000 0.000000
1384.087513 0.000000 0.000000 -8.840000 0.000000 -0.000000 0.000000 0.000000 0.000000 0.000000 0.000000 0.000000
1384.119795 0.020000 -0.030000 -7.810000 0.000000 -0.000000 -0.000000 0.000000 0.000000 0.000000 0.000000 0.000000
1384.148542 -0.020000 0.040000 -6.680000 -0.000000 0.000000 0.000000 0.000000 0.000000 0.000000 0.000000 0.000000
1384.182609 -0.000000 -0.010000 -5.530000 -0.000000 -0.000000 -0.000000 0.807599 0.144214 0.000000 4.820000 0.000000
1384.222966 -0.020000 -0.000000 -4.450000 -0.000000 -0.000000 -0.000000 8.075988 0.000000 0.000000 24.100000 24.100000
1384.252525 0.820000 4.580000 -4.270000 -0.070000 0.080000 -0.090000 8.075988 0.000000 0.000000 24.100000 24.100000
1384.282794 -0.340000 -2.160000 -0.330000 0.040000 -0.040000 0.040000 7.734182 0.000000 0.000000 23.080000 23.080000
1384.309870 0.140000 1.500000 -1.200000 -0.030000 0.010000 -0.010000 12.921580 0.000000 0.000000 38.560000 38.560000
1384.345128 0.580000 -1.360000 -0.380000 0.050000 0.000000 0.020000 12.372011 0.000000 0.000000 36.920000 36.920000
1384.379969 -0.310000 0.390000 0.910000 -0.100000 -0.010000 0.030000 16.155326 0.000000 0.000000 48.210000 48.210000
1384.408673 0.270000 -0.300000 -1.830000 0.030000 -0.020000 -0.050000 16.962925 0.144214 0.000000 53.030000 48.210000
1384.446601 -0.100000 -0.940000 1.290000 -0.010000 0.030000 0.020000 20.193320 -0.144214 0.000000 57.850000 62.670000
1384.481773 -0.720000 -0.540000 -0.250000 0.060000 0.050000 0.020000 20.880281 0.138230 0.000000 64.620000 60.000000
1384.514753 -0.160000 -0.700000 -0.570000 0.020000 -0.020000 0.010000 21.808517 -0.144214 0.000000 62.670000 67.490000
1384.547131 -0.560000 -0.570000 0.090000 -0.110000 -0.050000 0.000000 23.423715 0.144214 0.000000 72.310000 67.490000
1384.579482 -0.090000 -0.510000 -0.700000 0.020000 0.040000 -0.050000 23.199196 0.000000 0.000000 69.230000 69.230000
1384.608377 -0.330000 0.350000 0.320000 -0.040000 0.070000 0.000000 23.973284 -0.138230 0.000000 69.230000 73.850000
1384.641810 -0.120000 -0.850000 0.140000 -0.160000 0.080000 -0.020000 25.846511 0.000000 0.000000 77.130000 77.130000
1384.670801 -0.570000 -0.150000 -1.320000 -0.030000 0.010000 0.000000 25.846511 0.000000 0.000000 77.130000 77.130000
1384.698447 0.200000 -0.470000 -1.290000 0.090000 0.000000 0.010000 25.519785 -0.137931 0.000000 73.850000 78.460000
1384.729952 0.230000 0.870000 -0.250000 0.110000 0.010000 0.080000 28.269307 0.144214 0.000000 86.770000 81.950000
1384.765514 -0.020000 -0.510000 1.900000 0.020000 -0.160000 -0.020000 28.269307 0.144214 0.000000 86.770000 81.950000
1384.803517 -0.400000 -0.730000 -0.580000 -0.030000 -0.010000 -0.040000 27.461709 0.000000 0.000000 81.950000 81.950000
1384.835515 -0.370000 0.490000 0.910000 -0.020000 -0.010000 0.060000 29.884505 -0.144214 0.000000 86.770000 91.590000
1384.869423 1.060000 -0.380000 -0.700000 0.060000 0.160000 -0.120000 27.461709 0.000000 0.000000 81.950000 81.950000
1384.906777 0.060000 0.360000 1.750000 -0.000000 -0.040000 0.050000 29.385201 0.000000 0.000000 87.690000 87.690000
1384.940795 -0.360000 0.130000 0.520000 -0.120000 -0.040000 0.010000 28.269307 0.144214 0.000000 86.770000 81.950000
1384.971617 -0.510000 0.070000 -1.460000 -0.000000 -0.130000 -0.030000 29.076906 0.000000 0.000000 86.770000 86.770000
1385.000809 0.040000 -0.360000 0.900000 0.050000 -0.090000 0.080000 27.840375 0.000000 0.000000 83.080000 83.080000
1385.029591 0.270000 0.660000 -0.480000 -0.120000 0.080000 -0.030000 27.840375 0.000000 0.000000 83.080000 83.080000
1385.064559 0.250000 0.790000 0.020000 -0.200000 0.060000 0.060000 29.076906 0.000000 0.000000 86.770000 86.770000
1385.100105 0.210000 -0.440000 -1.240000 0.090000 0.040000 -0.020000 29.076906 0.000000 0.000000 86.770000 86.770000
1385.128994 -0.170000 0.430000 0.440000 0.160000 0.020000 -0.050000 28.612788 -0.137931 0.000000 83.080000 87.690000
1385.165231 0.050000 0.050000 1.010000 -0.100000 -0.070000 0.040000 29.076906 0.288428 0.000000 91.590000 81.950000
1385.197002 0.350000 0.320000 -0.830000 0.050000 -0.140000 -0.090000 29.076906 0.000000 0.000000 86.770000 86.770000
1385.237065 0.700000 -0.150000 1.390000 0.080000 0.120000 -0.040000 28.269307 -0.144214 0.000000 81.950000 86.770000
1385.269093 0.090000 -0.460000 1.500000 -0.020000 -0.100000 -0.010000 27.684552 0.248635 0.000000 86.770000 78.460000
1385.298719 -0.770000 -0.300000 -0.580000 -0.140000 0.030000 -0.050000 29.884505 -0.144214 0.000000 86.770000 91.590000
1385.335817 0.270000 -0.330000 -1.480000 0.060000 0.000000 0.050000 27.840375 0.000000 0.000000 83.080000 83.080000
1385.372100 0.320000 -0.010000 0.220000 0.100000 0.020000 0.000000 27.461709 0.000000 0.000000 81.950000 81.950000
1385.400625 -0.340000 0.170000 0.070000 -0.040000 -0.030000 0.000000 29.076906 0.000000 0.000000 86.770000 86.770000
1385.430492 0.830000 -0.190000 -0.780000 0.170000 -0.020000 0.010000 27.840375 0.000000 0.000000 83.080000 83.080000
1385.458981 -0.630000 0.550000 -0.640000 0.170000 -0.010000 0.060000 28.612788 -0.137931 0.000000 83.080000 87.690000
1385.493148 -0.470000 -0.290000 1.110000 0.050000 -0.130000 -0.000000 28.269307 0.144214 0.000000 86.770000 81.950000
1385.530822 -0.180000 0.690000 0.430000 -0.110000 0.020000 -0.100000 29.076906 0.000000 0.000000 86.770000 86.770000
1385.559250 -0.440000 0.520000 -1.480000 -0.190000 0.040000 0.120000 28.612788 0.137931 0.000000 87.690000 83.080000
1385.594326 0.780000 -0.790000 0.200000 0.090000 0.140000 -0.070000 29.884505 -0.144214 0.000000 86.770000 91.590000
1385.627345 -0.050000 0.120000 1.340000 -0.000000 -0.020000 0.010000 29.076906 0.000000 0.000000 86.770000 86.770000
1385.662883 0.320000 0.620000 -1.680000 -0.110000 -0.040000 0.030000 28.269307 -0.144214 0.000000 81.950000 86.770000
1385.692543 -0.000000 -0.100000 -0.860000 0.030000 -0.070000 -0.070000 27.840375 0.000000 0.000000 83.080000 83.080000
1385.721752 0.740000 0.320000 0.350000 0.090000 -0.030000 0.060000 29.884505 -0.144214 0.000000 86.770000 91.590000
1385.749629 -0.100000 -0.680000 2.670000 -0.000000 0.040000 -0.030000 27.840375 0.000000 0.000000 83.080000 83.080000
1385.778173 -0.180000 0.900000 0.660000 -0.190000 0.020000 -0.020000 28.269307 -0.144214 0.000000 81.950000 86.770000
1385.813655 0.080000 -0.750000 -0.760000 0.040000 0.110000 -0.020000 29.076906 0.000000 0.000000 86.770000 86.770000
1385.849030 -0.560000 0.080000 2.370000 -0.020000 0.010000 -0.040000 29.884505 -0.144214 0.000000 86.770000 91.590000
1385.885836 -0.360000 0.350000 -0.350000 -0.130000 0.020000 0.030000 27.066287 -0.138230 0.000000 78.460000 83.080000
1385.918142 0.530000 -0.310000 -0.500000 -0.000000 -0.020000 -0.080000 29.076906 0.000000 0.000000 86.770000 86.770000
1385.954408 -0.020000 0.140000 -0.270000 0.250000 -0.000000 0.040000 29.884505 0.144214 0.000000 91.590000 86.770000
1385.988373 -0.380000 0.040000 2.330000 0.020000 0.020000 0.020000 27.840375 0.000000 0.000000 83.080000 83.080000
1386.024099 -0.870000 -0.420000 -2.100000 -0.100000 0.040000 -0.080000 28.612788 -0.137931 0.000000 83.080000 87.690000
1386.059307 0.360000 -0.150000 -2.650000 0.200000 0.030000 0.040000 29.076906 0.000000 0.000000 86.770000 86.770000
1386.088423 0.180000 -1.070000 -0.430000 -0.000000 0.020000 -0.010000 28.269307 0.144214 0.000000 86.770000 81.950000
1386.121761 -0.350000 0.760000 0.730000 -0.040000 0.000000 0.020000 27.840375 0.000000 0.000000 83.080000 83.080000
1386.149818 0.400000 -0.060000 -0.290000 -0.000000 -0.040000 0.050000 29.884505 -0.144214 0.000000 86.770000 91.590000
1386.185125 0.610000 0.650000 -1.510000 0.020000 -0.010000 0.010000 29.231054 0.027526 0.000000 87.690000 86.770000
1386.219728 0.310000 -0.460000 1.130000 0.020000 -0.120000 -0.020000 27.461709 0.000000 0.000000 81.950000 81.950000
1386.254895 -0.180000 -1.260000 0.230000 -0.090000 -0.010000 -0.010000 29.884505 -0.144214 0.000000 86.770000 91.590000
1386.286524 -0.640000 1.210000 -0.250000 -0.010000 0.020000 0.070000 29.884505 0.144214 0.000000 91.590000 86.770000
1386.320790 1.080000 -0.220000 -0.430000 0.080000 0.150000 0.000000 27.840375 0.000000 0.000000 83.080000 83.080000
1386.391888 -0.580000 -0.130000 1.290000 -0.080000 0.090000 0.020000 27.461709 0.000000 0.000000 81.950000 81.950000
1386.430636 0.420000 0.560000 0.020000 -0.140000 -0.080000 0.080000 29.884505 0.144214 0.000000 91.590000 86.770000
1386.458351 -0.490000 -0.040000 -1.550000 -0.030000 -0.170000 -0.060000 27.840375 0.000000 0.000000 83.080000 83.080000
1386.494295 -0.330000 -0.750000 0.930000 0.080000 -0.030000 0.090000 28.612788 -0.137931 0.000000 83.080000 87.690000
1386.527399 0.100000 0.400000 0.420000 -0.090000 0.070000 -0.010000 29.076906 0.000000 0.000000 86.770000 86.770000
1386.565709 -0.150000 1.570000 -0.190000 -0.150000 -0.010000 -0.010000 29.076906 0.000000 0.000000 86.770000 86.770000
1386.599109 0.540000 0.100000 -0.010000 0.100000 0.090000 0.050000 27.840375 0.000000 0.000000 83.080000 83.080000
1386.627585 0.300000 -0.170000 0.400000 0.120000 0.030000 -0.050000 29.884505 -0.144214 0.000000 86.770000 91.590000
1386.662347 -0.520000 0.290000 0.230000 -0.160000 -0.000000 0.060000 29.884505 -0.144214 0.000000 86.770000 91.590000
1386.690398 -0.320000 -1.140000 -1.780000 0.070000 -0.160000 -0.020000 27.461709 0.000000 0.000000 81.950000 81.950000
1386.718167 -0.220000 0.520000 2.350000 0.150000 -0.010000 0.030000 29.884505 0.144214 0.000000 91.590000 86.770000
1386.754340 0.100000 -0.120000 0.820000 -0.080000 -0.060000 0.010000 27.461709 0.000000 0.000000 81.950000 81.950000
1386.789968 -0.720000 -0.990000 -0.560000 -0.100000 0.000000 -0.100000 27.840375 0.000000 0.000000 83.080000 83.080000
1386.822530 0.430000 -0.330000 -0.430000 0.130000 0.010000 0.040000 27.461709 0.000000 0.000000 81.950000 81.950000
1386.858661 0.740000 -0.190000 0.550000 0.080000 0.000000 0.060000 29.884505 0.144214 0.000000 91.590000 86.770000
1386.890558 -0.580000 0.480000 0.330000 -0.020000 0.000000 -0.030000 27.840375 0.000000 0.000000 83.080000 83.080000
1386.919313 0.960000 0.370000 -0.290000 0.120000 0.010000 0.010000 28.612788 -0.137931 0.000000 83.080000 87.690000
1386.955055 0.070000 -0.690000 -0.340000 0.100000 -0.010000 0.020000 29.884505 0.144214 0.000000 91.590000 86.770000
1386.988105 -0.010000 0.090000 -0.210000 0.070000 -0.070000 0.050000 29.076906 0.000000 0.000000 86.770000 86.770000
1387.023757 -0.050000 0.060000 0.260000 -0.100000 0.020000 -0.000000 28.612788 -0.137931 0.000000 83.080000 87.690000
1387.058204 -0.510000 1.530000 -1.170000 -0.160000 0.040000 0.070000 29.076906 0.000000 0.000000 86.770000 86.770000
1387.093312 0.100000 -0.740000 -0.510000 0.080000 0.140000 -0.020000 29.076906 0.000000 0.000000 86.770000 86.770000
1387.120353 0.010000 -0.030000 1.180000 -0.070000 -0.000000 -0.110000 28.269307 -0.144214 0.000000 81.950000 86.770000
1387.148151 -0.430000 0.450000 -1.590000 -0.100000 -0.040000 0.060000 28.612788 0.137931 0.000000 87.690000 83.080000
1387.179821 0.340000 -0.510000 -2.320000 0.070000 -0.040000 0.020000 29.076906 0.000000 0.000000 86.770000 86.770000
1387.216376 -0.560000 0.270000 1.320000 0.110000 -0.080000 0.050000 27.840375 0.000000 0.000000 83.080000 83.080000
1387.252117 0.080000 -0.550000 1.990000 -0.080000 -0.000000 0.020000 28.269307 0.144214 0.000000 86.770000 81.950000
1387.282020 0.240000 0.950000 -0.110000 -0.230000 -0.060000 -0.060000 29.884505 -0.144214 0.000000 86.770000 91.590000
1387.315142 0.650000 -0.040000 -1.200000 0.070000 0.120000 0.010000 27.461709 0.288428 0.000000 86.770000 77.130000
1387.349110 -0.450000 -0.870000 2.710000 0.000000 -0.020000 -0.020000 23.199196 0.552322 0.000000 78.460000 60.000000
1387.384065 0.740000 -1.400000 1.450000 -0.210000 0.050000 0.130000 22.616116 0.865284 0.000000 81.950000 53.030000
1387.416553 0.240000 -0.300000 -1.260000 -0.060000 -0.110000 0.260000 20.191644 1.009798 0.000000 77.130000 43.380000
1387.453091 0.320000 -0.400000 -2.340000 -0.130000 -0.060000 0.440000 15.466689 1.104943 0.000000 64.620000 27.690000
1387.479668 -0.800000 -1.130000 1.400000 0.050000 -0.050000 0.450000 11.599598 1.242575 0.000000 55.380000 13.850000
1387.514994 -0.330000 0.890000 0.600000 -0.030000 -0.110000 0.780000 9.692861 1.730868 0.000000 57.850000 0.000000
1387.547764 -0.200000 -0.330000 0.350000 0.050000 0.060000 0.930000 8.885262 1.298226 0.000000 48.210000 4.820000
1387.582480 -0.760000 0.490000 -0.740000 0.010000 -0.030000 1.150000 7.732507 1.380805 0.000000 46.150000 0.000000
1387.609662 0.240000 1.330000 -0.880000 0.020000 0.040000 1.370000 7.268389 1.297927 0.000000 43.380000 0.000000
1387.643216 0.560000 0.780000 -0.160000 -0.030000 0.020000 1.130000 6.960094 1.242874 0.000000 41.540000 0.000000
1387.670605 -0.540000 0.450000 0.800000 0.040000 -0.010000 1.130000 6.460790 1.153713 0.000000 38.560000 0.000000
1387.705765 0.300000 0.540000 -0.530000 -0.010000 0.020000 1.100000 7.268389 1.297927 0.000000 43.380000 0.000000
1387.739308 -0.160000 0.350000 0.540000 -0.010000 0.020000 1.070000 7.268389 1.297927 0.000000 43.380000 0.000000
1387.767700 0.310000 0.020000 -0.030000 0.010000 -0.020000 1.010000 6.186005 1.104644 0.000000 36.920000 0.000000
1387.802299 -0.040000 0.050000 -0.650000 0.020000 0.020000 0.960000 6.460790 1.153713 0.000000 38.560000 0.000000
1387.829053 -0.380000 -0.200000 -0.140000 -0.010000 0.030000 0.980000 6.460790 1.153713 0.000000 38.560000 0.000000
1387.863047 -0.440000 -0.350000 -0.330000 0.010000 0.020000 0.990000 6.186005 1.104644 0.000000 36.920000 0.000000
1387.890515 0.530000 -0.690000 -0.310000 -0.010000 -0.020000 1.150000 3.867091 1.242874 0.000000 32.310000 -9.230000
1387.919383 -0.160000 0.500000 -0.020000 -0.030000 -0.050000 1.250000 4.037994 1.586355 0.000000 38.560000 -14.460000
1387.947140 -0.420000 -0.110000 0.870000 0.050000 0.020000 1.520000 2.422796 1.297927 0.000000 28.920000 -14.460000
1387.980607 0.750000 -0.020000 -0.390000 -0.010000 0.010000 1.580000 2.320590 1.519035 0.000000 32.310000 -18.460000
1388.010258 -0.080000 0.170000 -0.160000 -0.020000 -0.020000 1.680000 0.807599 1.874783 0.000000 33.740000 -28.920000
1388.037555 0.420000 0.380000 -0.430000 0.030000 0.040000 1.670000 1.615198 2.018997 0.000000 38.560000 -28.920000
1388.070497 0.140000 0.060000 0.960000 -0.020000 -0.030000 1.770000 0.807599 1.874783 0.000000 33.740000 -28.920000
1388.101116 -0.140000 0.380000 -0.810000 -0.010000 -0.030000 1.730000 1.615198 2.018997 0.000000 38.560000 -28.920000
1388.128122 -0.080000 0.000000 -0.110000 0.030000 0.030000 1.780000 0.807599 2.163211 0.000000 38.560000 -33.740000
1388.162791 0.040000 0.130000 0.270000 0.020000 0.010000 1.770000 1.546501 1.933127 0.000000 36.920000 -27.690000
1388.189990 0.020000 -0.410000 0.540000 -0.040000 -0.030000 1.850000 0.807599 1.874783 0.000000 33.740000 -28.920000
1388.224767 0.120000 0.300000 0.290000 -0.030000 0.010000 1.850000 1.615198 2.307425 0.000000 43.380000 -33.740000
1388.258625 0.670000 -0.010000 0.510000 0.010000 0.020000 1.780000 1.546501 1.933127 0.000000 36.920000 -27.690000
1388.292867 0.190000 -0.010000 -0.750000 -0.000000 -0.020000 1.770000 0.772413 2.071357 0.000000 36.920000 -32.310000
1388.324657 -0.040000 -0.010000 -0.140000 0.020000 0.030000 1.790000 1.615198 2.018997 0.000000 38.560000 -28.920000
1388.359179 0.280000 -0.390000 0.480000 0.020000 0.060000 1.780000 0.807599 2.163211 0.000000 38.560000 -33.740000
1388.386774 -0.390000 0.020000 -0.010000 -0.020000 -0.010000 1.790000 1.546501 1.933127 0.000000 36.920000 -27.690000
1388.421702 -0.080000 0.110000 -0.030000 0.020000 0.030000 1.780000 1.615198 2.018997 0.000000 38.560000 -28.920000
1388.450960 -0.240000 -0.500000 0.420000 -0.050000 -0.060000 1.820000 1.615198 2.018997 0.000000 38.560000 -28.920000
1388.488352 -0.410000 0.260000 0.120000 0.010000 -0.000000 1.790000 0.807599 1.874783 0.000000 33.740000 -28.920000
1388.526023 0.070000 -0.280000 0.080000 0.030000 0.010000 1.770000 1.546501 1.933127 0.000000 36.920000 -27.690000
1388.562782 -0.070000 -0.280000 -0.280000 -0.010000 -0.000000 1.810000 1.615198 2.018997 0.000000 38.560000 -28.920000
1388.592374 -0.310000 0.140000 0.060000 -0.000000 -0.010000 1.830000 0.772413 2.071357 0.000000 36.920000 -32.310000
1388.623790 -0.180000 -0.120000 -0.210000 -0.020000 -0.010000 1.840000 0.807599 1.874783 0.000000 33.740000 -28.920000
1388.657578 -0.110000 0.220000 0.130000 -0.000000 -0.000000 1.870000 2.422796 2.163211 0.000000 43.380000 -28.920000
1388.694868 0.450000 0.250000 -0.370000 0.010000 -0.000000 1.890000 1.615198 2.018997 0.000000 38.560000 -28.920000
1388.728162 0.220000 -0.090000 0.000000 -0.010000 -0.000000 1.930000 0.772413 2.071357 0.000000 36.920000 -32.310000
1388.763593 0.260000 -0.140000 -0.110000 0.010000 0.020000 1.850000 1.615198 2.018997 0.000000 38.560000 -28.920000
1388.796613 0.200000 -0.070000 0.070000 -0.010000 0.000000 1.850000 0.807599 2.163211 0.000000 38.560000 -33.740000
1388.832984 -0.460000 0.040000 0.000000 -0.020000 -0.020000 1.880000 2.320590 2.071357 0.000000 41.540000 -27.690000
1388.859884 -0.020000 -0.210000 0.200000 0.020000 0.010000 1.890000 2.320590 2.071357 0.000000 41.540000 -27.690000
1388.894345 -0.110000 -0.040000 -0.050000 0.020000 -0.030000 1.890000 1.615198 2.018997 0.000000 38.560000 -28.920000
1388.927281 -0.100000 0.050000 -0.310000 0.010000 0.010000 1.890000 1.615198 2.018997 0.000000 38.560000 -28.920000
1388.964781 0.180000 -0.020000 0.250000 -0.000000 -0.010000 1.940000 2.320590 2.071357 0.000000 41.540000 -27.690000
1389.000730 0.240000 -0.130000 -0.070000 -0.000000 -0.010000 1.920000 0.807599 2.163211 0.000000 38.560000 -33.740000
1389.027694 0.410000 -0.040000 0.140000 -0.000000 -0.010000 1.920000 1.615198 2.307425 0.000000 43.380000 -33.740000
1389.059851 -0.280000 0.090000 -0.040000 -0.000000 -0.000000 1.940000 1.615198 2.018997 0.000000 38.560000 -28.920000
1389.092590 0.200000 0.000000 -0.130000 0.040000 0.010000 1.890000 0.807599 2.163211 0.000000 38.560000 -33.740000
1389.123752 -0.200000 -0.090000 0.130000 -0.010000 -0.020000 1.860000 0.807599 2.163211 0.000000 38.560000 -33.740000
1389.157482 -0.470000 0.120000 -0.300000 0.000000 -0.000000 1.900000 1.546501 2.209587 0.000000 41.540000 -32.310000
1389.194418 -0.120000 -0.220000 0.120000 0.030000 0.020000 1.920000 1.615198 2.018997 0.000000 38.560000 -28.920000
1389.230160 -0.120000 -0.220000 0.100000 -0.000000 -0.000000 1.910000 1.615198 2.018997 0.000000 38.560000 -28.920000
1389.257985 0.040000 0.360000 -0.020000 0.000000 0.010000 1.870000 1.546501 2.209587 0.000000 41.540000 -32.310000
1389.289795 0.570000 0.010000 0.110000 0.000000 0.010000 1.870000 1.546501 2.209587 0.000000 41.540000 -32.310000
1389.328165 -0.300000 0.230000 -0.720000 -0.020000 -0.010000 1.880000 1.615198 2.018997 0.000000 38.560000 -28.920000
1389.362587 -0.360000 0.220000 -0.430000 -0.000000 -0.010000 1.880000 1.615198 2.018997 0.000000 38.560000 -28.920000
1389.393014 -0.170000 0.040000 -0.280000 -0.000000 -0.020000 1.840000 2.320590 2.071357 0.000000 41.540000 -27.690000
1389.421335 0.320000 -0.120000 0.130000 0.020000 0.020000 1.870000 0.807599 2.163211 0.000000 38.560000 -33.740000
1389.450589 0.230000 -0.250000 -0.210000 0.010000 0.010000 1.800000 1.615198 2.307425 0.000000 43.380000 -33.740000
1389.479518 -0.510000 -0.210000 -0.160000 -0.000000 -0.000000 1.850000 0.807599 1.874783 0.000000 33.740000 -28.920000
1389.512272 -0.280000 -0.010000 0.310000 -0.020000 0.000000 1.860000 2.628885 2.126409 0.000000 43.380000 -27.690000
1389.541832 0.130000 0.110000 0.250000 0.020000 0.030000 1.850000 0.807599 2.163211 0.000000 38.560000 -33.740000
1389.568415 0.050000 -0.080000 0.140000 0.010000 0.030000 1.880000 1.546501 1.933127 0.000000 36.920000 -27.690000
1389.599737 0.520000 -0.050000 0.140000 0.010000 0.030000 1.830000 1.615198 2.018997 0.000000 38.560000 -28.920000
1389.635417 -0.110000 0.320000 0.140000 0.010000 0.000000 1.870000 1.615198 2.018997 0.000000 38.560000 -28.920000
1389.673155 0.300000 0.270000 -0.170000 0.010000 0.000000 1.830000 0.772413 2.071357 0.000000 36.920000 -32.310000
1389.702474 0.150000 -0.180000 0.000000 -0.010000 -0.010000 1.800000 0.772413 2.071357 0.000000 36.920000 -32.310000
1389.730461 -0.240000 0.310000 0.260000 0.000000 0.030000 1.800000 1.615198 2.018997 0.000000 38.560000 -28.920000
1389.758509 -0.020000 0.060000 0.290000 0.000000 0.010000 1.820000 1.615198 2.018997 0.000000 38.560000 -28.920000
1389.793100 -0.390000 -0.110000 0.210000 -0.010000 0.000000 1.860000 0.772413 2.071357 0.000000 36.920000 -32.310000
1389.821654 0.390000 -0.260000 0.010000 0.000000 0.000000 1.790000 1.615198 2.018997 0.000000 38.560000 -28.920000
1389.850476 0.220000 0.150000 -0.030000 -0.020000 0.010000 1.760000 1.615198 2.018997 0.000000 38.560000 -28.920000
1389.879171 -0.250000 -0.220000 0.060000 0.000000 0.010000 1.770000 0.807599 1.874783 0.000000 33.740000 -28.920000
1389.907211 0.060000 0.030000 0.100000 0.030000 0.050000 1.730000 1.546501 1.933127 0.000000 36.920000 -27.690000
1389.939233 -0.490000 -0.210000 0.320000 -0.030000 -0.000000 1.800000 1.615198 2.018997 0.000000 38.560000 -28.920000
1389.973132 0.200000 0.000000 0.220000 0.010000 0.030000 1.810000 1.546501 1.933127 0.000000 36.920000 -27.690000
1389.999716 0.430000 -0.060000 -0.150000 0.010000 0.010000 1.780000 0.807599 1.874783 0.000000 33.740000 -28.920000
1390.034067 0.390000 0.120000 -0.050000 -0.020000 -0.000000 1.790000 0.807599 2.163211 0.000000 38.560000 -33.740000
1390.066385 -0.080000 0.050000 0.120000 0.020000 0.020000 1.770000 1.615198 2.018997 0.000000 38.560000 -28.920000
1390.102031 0.230000 0.040000 0.110000 -0.000000 0.000000 1.810000 1.546501 1.933127 0.000000 36.920000 -27.690000
1390.128486 0.240000 0.120000 0.100000 -0.030000 -0.000000 1.740000 0.807599 2.163211 0.000000 38.560000 -33.740000
1390.162417 0.230000 -0.310000 0.350000 0.030000 0.050000 1.780000 0.807599 1.874783 0.000000 33.740000 -28.920000
1390.190136 0.690000 0.180000 -0.200000 -0.020000 -0.000000 1.680000 0.774088 1.795196 0.000000 32.310000 -27.690000
1390.219854 -0.380000 0.210000 0.220000 0.010000 0.020000 1.600000 0.774088 1.795196 0.000000 32.310000 -27.690000
1390.253192 -0.470000 -0.090000 -0.640000 -0.020000 -0.040000 1.650000 1.615198 2.018997 0.000000 38.560000 -28.920000
1390.282466 -0.170000 -0.140000 0.010000 0.020000 0.020000 1.620000 0.807599 1.586355 0.000000 28.920000 -24.100000
1390.315592 -0.440000 -0.150000 0.550000 -0.020000 -0.030000 1.680000 0.774088 1.795196 0.000000 32.310000 -27.690000
1390.352059 -0.070000 0.520000 -0.580000 -0.010000 -0.010000 1.650000 0.807599 1.874783 0.000000 33.740000 -28.920000
1390.380504 0.040000 -0.140000 0.330000 0.020000 -0.000000 1.610000 1.615198 2.018997 0.000000 38.560000 -28.920000
1390.408341 -0.580000 -0.200000 0.260000 0.020000 0.010000 1.750000 0.000000 1.730569 0.000000 28.920000 -28.920000
1390.442116 -0.060000 0.070000 -0.170000 -0.020000 0.000000 1.770000 1.615198 2.018997 0.000000 38.560000 -28.920000
1390.478185 0.000000 0.160000 -0.320000 -0.010000 0.020000 1.820000 0.807599 1.874783 0.000000 33.740000 -28.920000
1390.513238 0.270000 0.100000 0.290000 -0.000000 0.010000 1.900000 0.772413 2.071357 0.000000 36.920000 -32.310000
1390.544720 0.350000 0.270000 -0.370000 -0.000000 -0.010000 1.890000 1.615198 2.018997 0.000000 38.560000 -28.920000
1390.582732 -0.070000 -0.020000 -0.210000 0.010000 -0.010000 1.810000 1.615198 2.307425 0.000000 43.380000 -33.740000
1390.611074 0.150000 -0.070000 -0.240000 0.010000 0.010000 1.820000 1.546501 1.933127 0.000000 36.920000 -27.690000
1390.639707 0.220000 -0.360000 -0.140000 -0.020000 0.000000 1.770000 0.000000 1.933426 0.000000 32.310000 -32.310000
1390.676684 -0.040000 0.170000 -0.210000 0.010000 0.020000 1.740000 1.615198 2.018997 0.000000 38.560000 -28.920000
1390.712526 0.070000 0.040000 0.470000 -0.000000 -0.010000 1.730000 1.615198 2.018997 0.000000 38.560000 -28.920000
1390.741123 -0.100000 0.110000 -0.420000 0.010000 0.000000 1.720000 1.546501 1.933127 0.000000 36.920000 -27.690000
1390.768205 -0.070000 0.110000 -0.410000 0.010000 -0.010000 1.670000 0.807599 1.874783 0.000000 33.740000 -28.920000
1390.802737 -0.040000 -0.410000 0.110000 0.050000 0.040000 1.700000 0.000000 2.018997 0.000000 33.740000 -33.740000
1390.831355 0.250000 0.030000 -0.030000 -0.010000 -0.020000 1.720000 0.807599 1.874783 0.000000 33.740000 -28.920000
1390.859328 0.190000 0.190000 0.030000 0.010000 0.000000 1.720000 0.774088 1.795196 0.000000 32.310000 -27.690000
1390.893710 -0.180000 -0.120000 0.100000 0.000000 0.010000 1.760000 1.615198 2.018997 0.000000 38.560000 -28.920000
1390.930155 0.380000 -0.070000 0.480000 0.010000 -0.010000 1.770000 0.774088 1.795196 0.000000 32.310000 -27.690000
1390.958206 -0.210000 0.040000 -0.160000 -0.030000 -0.030000 1.770000 0.807599 1.874783 0.000000 33.740000 -28.920000
1390.995080 -0.550000 -0.010000 -0.040000 0.010000 0.000000 1.770000 0.807599 2.163211 0.000000 38.560000 -33.740000
1391.026591 0.380000 0.070000 0.450000 -0.020000 -0.010000 1.790000 1.340413 1.969928 0.000000 36.920000 -28.920000
1391.060579 -0.100000 0.350000 0.080000 -0.010000 -0.030000 1.770000 1.546501 1.933127 0.000000 36.920000 -27.690000
1391.090505 -0.110000 0.160000 -0.120000 0.030000 0.010000 1.690000 0.807599 1.874783 0.000000 33.740000 -28.920000
1391.119380 0.150000 -0.450000 0.750000 0.030000 0.020000 1.730000 0.807599 1.874783 0.000000 33.740000 -28.920000
1391.148809 -0.180000 0.050000 -0.390000 -0.020000 -0.020000 1.730000 1.546501 1.933127 0.000000 36.920000 -27.690000
1391.182488 0.130000 -0.030000 -0.140000 0.010000 0.020000 1.750000 1.013687 1.837981 0.000000 33.740000 -27.690000
1391.209578 -0.030000 0.060000 0.310000 -0.020000 -0.020000 1.750000 0.807599 1.874783 0.000000 33.740000 -28.920000
1391.244096 0.150000 0.230000 0.190000 0.030000 0.010000 1.650000 0.807599 1.874783 0.000000 33.740000 -28.920000
1391.279144 -0.250000 -0.240000 -0.110000 0.010000 0.000000 1.770000 1.546501 1.933127 0.000000 36.920000 -27.690000
1391.307599 0.100000 0.170000 -0.020000 -0.010000 0.010000 1.770000 0.000000 2.018997 0.000000 33.740000 -33.740000
1391.342827 0.080000 -0.250000 -0.380000 0.010000 -0.020000 1.780000 1.546501 1.933127 0.000000 36.920000 -27.690000
1391.369901 0.310000 0.070000 -0.300000 0.000000 0.000000 1.800000 0.807599 1.874783 0.000000 33.740000 -28.920000
1391.402183 0.480000 0.000000 -0.100000 -0.010000 0.000000 1.770000 0.807599 2.163211 0.000000 38.560000 -33.740000
1391.431425 -0.470000 0.200000 0.040000 0.020000 -0.000000 1.780000 0.000000 2.018997 0.000000 33.740000 -33.740000
1391.462633 -0.200000 -0.290000 -0.220000 0.020000 0.010000 1.790000 1.546501 1.933127 0.000000 36.920000 -27.690000
1391.491571 -0.350000 -0.180000 0.330000 0.000000 0.020000 1.850000 1.615198 2.018997 0.000000 38.560000 -28.920000
1391.520363 -0.100000 -0.060000 -0.080000 0.010000 -0.000000 1.820000 1.615198 2.018997 0.000000 38.560000 -28.920000
1391.549340 0.360000 -0.270000 -0.160000 0.010000 0.010000 1.790000 1.546501 1.933127 0.000000 36.920000 -27.690000
1391.580677 0.030000 -0.050000 0.170000 0.000000 0.010000 1.710000 1.546501 1.933127 0.000000 36.920000 -27.690000
1391.609507 -0.150000 -0.060000 -0.260000 0.010000 -0.000000 1.700000 0.807599 2.163211 0.000000 38.560000 -33.740000
1391.642114 -0.290000 0.020000 -0.090000 -0.010000 0.010000 1.760000 0.807599 1.874783 0.000000 33.740000 -28.920000
1391.670671 -0.140000 -0.120000 0.380000 -0.000000 0.010000 1.810000 0.774088 1.795196 0.000000 32.310000 -27.690000
1391.698288 0.430000 0.260000 0.360000 -0.000000 -0.010000 1.750000 1.615198 2.018997 0.000000 38.560000 -28.920000
1391.735732 0.450000 -0.020000 0.560000 -0.040000 -0.010000 1.760000 1.615198 2.018997 0.000000 38.560000 -28.920000
1391.771617 0.400000 -0.010000 -0.120000 0.010000 0.010000 1.710000 0.807599 1.874783 0.000000 33.740000 -28.920000
1391.798041 -0.100000 0.040000 0.660000 0.010000 0.000000 1.770000 0.807599 1.874783 0.000000 33.740000 -28.920000
1391.830340 -0.300000 0.190000 -0.260000 -0.030000 -0.020000 1.750000 0.807599 2.163211 0.000000 38.560000 -33.740000
1391.856797 0.230000 0.080000 0.020000 0.000000 0.020000 1.750000 0.774088 1.795196 0.000000 32.310000 -27.690000
1391.894323 0.430000 -0.000000 -0.030000 -0.010000 -0.030000 1.720000 0.807599 1.874783 0.000000 33.740000 -28.920000
1391.929110 -0.160000 -0.390000 0.140000 -0.030000 -0.040000 1.710000 0.807599 1.874783 0.000000 33.740000 -28.920000
1391.957853 -0.670000 0.060000 -0.890000 0.010000 -0.000000 1.720000 1.546501 1.933127 0.000000 36.920000 -27.690000
1391.991393 -0.640000 0.080000 0.020000 -0.010000 -0.000000 1.750000 0.000000 1.933426 0.000000 32.310000 -32.310000
1392.026001 -0.120000 0.040000 -0.430000 -0.010000 -0.010000 1.780000 1.615198 2.018997 0.000000 38.560000 -28.920000
1392.060161 0.400000 0.130000 0.090000 -0.000000 0.030000 1.730000 1.615198 2.018997 0.000000 38.560000 -28.920000
1392.088538 0.020000 -0.190000 0.140000 0.010000 -0.010000 1.660000 1.546501 1.933127 0.000000 36.920000 -27.690000
1392.122189 0.320000 0.020000 0.520000 0.010000 0.030000 1.710000 0.000000 2.018997 0.000000 33.740000 -33.740000
1392.154861 -0.170000 -0.240000 -0.320000 -0.010000 -0.040000 1.760000 0.807599 1.874783 0.000000 33.740000 -28.920000
1392.190996 -0.370000 0.300000 0.040000 -0.020000 -0.010000 1.800000 1.615198 2.018997 0.000000 38.560000 -28.920000
1392.218832 0.110000 -0.060000 -0.360000 -0.000000 0.020000 1.740000 0.774088 1.795196 0.000000 32.310000 -27.690000
1392.253722 0.440000 -0.130000 0.260000 -0.010000 -0.010000 1.780000 1.615198 2.018997 0.000000 38.560000 -28.920000
1392.285130 0.090000 0.290000 0.010000 0.010000 -0.000000 1.750000 1.546501 1.933127 0.000000 36.920000 -27.690000
1392.320501 -0.490000 -0.250000 -0.120000 0.020000 -0.010000 1.750000 0.807599 1.874783 0.000000 33.740000 -28.920000
1392.348803 -0.300000 0.120000 -0.220000 -0.000000 -0.010000 1.780000 1.615198 2.018997 0.000000 38.560000 -28.920000
1392.382260 -0.150000 -0.050000 0.130000 -0.000000 0.010000 1.800000 1.615198 2.018997 0.000000 38.560000 -28.920000
1392.412110 0.260000 -0.030000 0.070000 -0.010000 -0.010000 1.850000 1.546501 1.933127 0.000000 36.920000 -27.690000
1392.440355 0.530000 0.310000 0.030000 -0.000000 0.000000 1.840000 1.615198 2.018997 0.000000 38.560000 -28.920000
1392.467835 0.120000 0.090000 0.230000 0.020000 -0.010000 1.790000 1.615198 2.018997 0.000000 38.560000 -28.920000
1392.504710 -0.410000 0.110000 0.100000 0.010000 0.020000 1.870000 1.546501 2.209587 0.000000 41.540000 -32.310000
1392.536609 0.230000 0.060000 -0.320000 -0.010000 -0.010000 1.830000 1.546501 1.933127 0.000000 36.920000 -27.690000
1392.571004 -0.130000 -0.490000 -0.150000 -0.010000 -0.010000 1.880000 0.807599 2.163211 0.000000 38.560000 -33.740000
1392.599216 -0.370000 0.000000 0.150000 -0.020000 0.000000 1.860000 2.422796 1.874783 0.000000 38.560000 -24.100000
1392.633181 -0.040000 -0.160000 0.060000 -0.020000 -0.000000 1.880000 1.546501 1.933127 0.000000 36.920000 -27.690000
1392.661173 -0.270000 0.080000 0.070000 -0.000000 0.020000 1.920000 0.807599 2.163211 0.000000 38.560000 -33.740000
1392.689258 0.160000 -0.030000 -0.260000 0.010000 0.000000 1.880000 0.807599 2.163211 0.000000 38.560000 -33.740000
1392.722161 -0.190000 -0.020000 0.010000 0.020000 -0.010000 1.880000 1.615198 2.018997 0.000000 38.560000 -28.920000
1392.749346 0.310000 0.150000 0.090000 0.020000 -0.030000 1.870000 1.615198 2.307425 0.000000 43.380000 -33.740000
1392.782170 -0.310000 -0.400000 -0.190000 -0.000000 0.010000 1.830000 1.615198 2.018997 0.000000 38.560000 -28.920000
1392.811580 -0.020000 -0.350000 0.150000 -0.010000 -0.010000 1.780000 1.546501 1.933127 0.000000 36.920000 -27.690000
1392.846717 -0.220000 0.130000 0.230000 0.010000 0.030000 1.810000 0.807599 1.874783 0.000000 33.740000 -28.920000
1392.878250 -0.080000 0.480000 -0.460000 0.000000 0.000000 1.870000 1.615198 2.018997 0.000000 38.560000 -28.920000
1392.912696 0.230000 -0.030000 -0.000000 -0.000000 0.010000 1.850000 1.546501 1.933127 0.000000 36.920000 -27.690000
1392.939171 0.230000 0.150000 0.280000 0.000000 0.020000 1.790000 1.546501 2.209587 0.000000 41.540000 -32.310000
1392.975847 -0.020000 0.080000 -0.400000 -0.000000 -0.000000 1.800000 1.615198 2.018997 0.000000 38.560000 -28.920000
1393.008402 -0.110000 -0.120000 -0.390000 0.020000 0.020000 1.810000 2.422796 2.163211 0.000000 43.380000 -28.920000
1393.045402 -0.780000 0.030000 0.040000 -0.010000 -0.010000 1.800000 1.546501 1.933127 0.000000 36.920000 -27.690000
1393.079314 -0.460000 0.210000 -0.510000 -0.030000 0.010000 1.800000 1.615198 2.018997 0.000000 38.560000 -28.920000
1393.107220 0.160000 -0.080000 0.300000 0.010000 0.020000 1.890000 1.615198 2.018997 0.000000 38.560000 -28.920000
1393.141761 0.720000 0.120000 0.020000 0.010000 0.020000 1.800000 1.615198 2.018997 0.000000 38.560000 -28.920000
1393.168644 0.320000 -0.210000 -0.020000 -0.010000 0.010000 1.810000 1.047198 2.120425 0.000000 38.560000 -32.310000
1393.204275 0.020000 0.090000 0.390000 -0.010000 0.010000 1.830000 2.422796 2.163211 0.000000 43.380000 -28.920000
1393.235319 0.060000 0.050000 0.060000 0.020000 0.010000 1.820000 1.546501 1.933127 0.000000 36.920000 -27.690000
1393.269757 -0.020000 -0.210000 -0.190000 -0.000000 0.000000 1.860000 0.807599 2.163211 0.000000 38.560000 -33.740000
1393.297083 -0.170000 0.060000 0.170000 0.010000 0.020000 1.820000 1.615198 2.018997 0.000000 38.560000 -28.920000
1393.331288 -0.010000 -0.120000 -0.030000 -0.030000 0.000000 1.840000 1.546501 1.933127 0.000000 36.920000 -27.690000
1393.360867 0.470000 0.160000 -0.050000 -0.010000 -0.000000 1.830000 1.546501 1.933127 0.000000 36.920000 -27.690000
1393.396865 -0.090000 -0.030000 0.290000 -0.010000 0.020000 1.770000 1.615198 2.018997 0.000000 38.560000 -28.920000
1393.429658 -0.090000 0.400000 0.010000 0.000000 0.020000 1.750000 1.615198 2.018997 0.000000 38.560000 -28.920000
1393.464504 0.060000 0.060000 0.000000 0.010000 0.010000 1.720000 1.546501 1.933127 0.000000 36.920000 -27.690000
1393.502508 0.070000 -0.130000 -0.020000 -0.030000 -0.020000 1.760000 1.615198 2.018997 0.000000 38.560000 -28.920000
1393.532671 -0.070000 0.170000 0.090000 -0.010000 -0.010000 1.710000 1.615198 2.018997 0.000000 38.560000 -28.920000
1393.561445 -0.180000 0.230000 0.290000 -0.010000 -0.000000 1.720000 0.807599 1.874783 0.000000 33.740000 -28.920000
1393.591031 0.100000 0.250000 -0.250000 0.000000 0.010000 1.750000 1.546501 1.933127 0.000000 36.920000 -27.690000
1393.624643 0.300000 0.150000 -1.200000 0.000000 -0.020000 1.730000 1.615198 2.018997 0.000000 38.560000 -28.920000
1393.659728 -0.240000 -0.470000 0.010000 -0.020000 -0.030000 1.730000 0.774088 1.795196 0.000000 32.310000 -27.690000
1393.695277 -0.370000 0.140000 -1.240000 -0.010000 -0.020000 1.730000 2.422796 1.874783 0.000000 38.560000 -24.100000
1393.726753 -0.550000 -0.020000 0.300000 0.010000 0.010000 1.780000 0.000000 2.018997 0.000000 33.740000 -33.740000
1393.762899 -0.350000 0.070000 -0.120000 -0.000000 0.010000 1.850000 1.615198 2.018997 0.000000 38.560000 -28.920000
1393.792349 0.430000 -0.180000 -0.030000 0.020000 0.030000 1.760000 1.546501 1.933127 0.000000 36.920000 -27.690000
1393.829656 0.120000 -0.080000 0.040000 0.000000 0.000000 1.790000 0.807599 2.163211 0.000000 38.560000 -33.740000
1393.859204 -0.040000 -0.220000 0.390000 0.000000 -0.020000 1.810000 1.615198 2.018997 0.000000 38.560000 -28.920000
1393.892704 0.160000 -0.150000 0.440000 0.020000 0.030000 1.780000 1.546501 1.933127 0.000000 36.920000 -27.690000
1393.922079 -0.470000 0.100000 0.480000 0.020000 0.010000 1.800000 1.546501 1.933127 0.000000 36.920000 -27.690000
1393.951290 0.070000 0.020000 -0.520000 0.010000 -0.000000 1.820000 0.807599 2.163211 0.000000 38.560000 -33.740000
1393.979257 0.080000 -0.080000 1.220000 0.010000 0.010000 1.830000 0.807599 1.874783 0.000000 33.740000 -28.920000
1394.007796 0.480000 0.350000 -0.020000 0.020000 0.010000 1.770000 1.546501 1.933127 0.000000 36.920000 -27.690000
1394.042138 0.300000 -0.440000 -0.370000 -0.000000 -0.020000 1.710000 0.000000 2.018997 0.000000 33.740000 -33.740000
1394.071610 -0.250000 0.130000 0.230000 -0.020000 -0.020000 1.720000 1.615198 2.018997 0.000000 38.560000 -28.920000
1394.099876 -0.310000 0.320000 0.060000 0.020000 0.000000 1.720000 0.807599 1.874783 0.000000 33.740000 -28.920000
1394.135031 0.390000 0.010000 -0.040000 0.000000 0.010000 1.770000 1.615198 2.018997 0.000000 38.560000 -28.920000
1394.170201 0.640000 -0.050000 0.000000 -0.000000 0.010000 1.740000 1.615198 2.018997 0.000000 38.560000 -28.920000
1394.197188 0.250000 0.120000 -0.230000 0.020000 -0.010000 1.760000 0.772413 2.071357 0.000000 36.920000 -32.310000
1394.231508 -0.070000 0.090000 -0.170000 0.000000 -0.010000 1.860000 0.807599 1.874783 0.000000 33.740000 -28.920000
1394.266730 -0.390000 -0.090000 0.240000 0.010000 -0.000000 1.900000 0.807599 2.163211 0.000000 38.560000 -33.740000
1394.302301 -0.240000 0.180000 -0.050000 0.000000 -0.020000 1.880000 0.772413 2.071357 0.000000 36.920000 -32.310000
1394.328342 0.140000 0.070000 0.370000 0.010000 0.020000 1.870000 1.546501 1.933127 0.000000 36.920000 -27.690000
1394.363021 0.830000 -0.120000 0.150000 0.010000 -0.010000 1.790000 0.000000 2.018997 0.000000 33.740000 -33.740000
1394.389705 0.110000 -0.080000 -0.140000 0.000000 0.000000 1.750000 0.807599 1.874783 0.000000 33.740000 -28.920000
1394.425398 -0.060000 -0.220000 0.390000 0.000000 -0.010000 1.710000 1.546501 1.933127 0.000000 36.920000 -27.690000
1394.457040 0.060000 -0.260000 0.090000 0.000000 -0.000000 1.750000 1.615198 2.018997 0.000000 38.560000 -28.920000
1394.492783 -0.190000 0.110000 0.010000 -0.000000 -0.040000 1.780000 0.807599 1.874783 0.000000 33.740000 -28.920000
1394.528356 -0.240000 -0.320000 -0.100000 -0.010000 0.000000 1.760000 0.807599 1.874783 0.000000 33.740000 -28.920000
1394.559541 0.620000 0.180000 0.270000 0.000000 0.000000 1.710000 0.774088 1.795196 0.000000 32.310000 -27.690000
1394.597728 0.410000 -0.080000 -0.260000 -0.030000 -0.010000 1.690000 0.807599 2.163211 0.000000 38.560000 -33.740000
1394.632438 -0.190000 0.090000 -0.280000 0.010000 0.010000 1.710000 0.774088 1.795196 0.000000 32.310000 -27.690000
1394.660644 -0.550000 0.030000 0.360000 0.010000 0.010000 1.750000 0.807599 1.874783 0.000000 33.740000 -28.920000
1394.689179 -0.230000 0.230000 -0.490000 0.020000 0.000000 1.800000 1.615198 2.018997 0.000000 38.560000 -28.920000
1394.718783 0.150000 -0.090000 -0.120000 0.030000 0.010000 1.740000 -0.239599 1.976211 0.000000 32.310000 -33.740000
1394.751413 0.390000 -0.150000 0.180000 -0.010000 -0.020000 1.720000 1.546501 1.933127 0.000000 36.920000 -27.690000
1394.790428 0.080000 -0.130000 -0.030000 -0.060000 -0.020000 1.740000 0.807599 1.874783 0.000000 33.740000 -28.920000
1394.818634 -0.660000 0.060000 0.050000 0.020000 0.010000 1.740000 1.615198 2.018997 0.000000 38.560000 -28.920000
1394.855025 -0.150000 -0.130000 0.190000 0.020000 0.010000 1.790000 0.774088 1.795196 0.000000 32.310000 -27.690000
1394.893426 0.340000 0.280000 -0.120000 -0.010000 0.020000 1.770000 1.821286 1.982195 0.000000 38.560000 -27.690000
1394.924246 0.260000 -0.010000 0.540000 0.000000 0.010000 1.810000 0.807599 1.874783 0.000000 33.740000 -28.920000
1394.961770 0.220000 -0.020000 -0.410000 -0.030000 -0.010000 1.730000 0.807599 1.874783 0.000000 33.740000 -28.920000
1394.989858 -0.070000 0.220000 0.460000 0.000000 0.030000 1.730000 0.772413 2.071357 0.000000 36.920000 -32.310000
1395.018234 -0.490000 0.000000 0.020000 -0.000000 0.010000 1.810000 0.807599 1.874783 0.000000 33.740000 -28.920000
1395.050103 0.320000 -0.090000 0.180000 0.010000 0.030000 1.790000 1.546501 1.933127 0.000000 36.920000 -27.690000
1395.084910 0.040000 -0.320000 0.080000 0.010000 0.010000 1.740000 1.615198 2.018997 0.000000 38.560000 -28.920000
1395.120786 -0.060000 -0.020000 -0.060000 0.010000 0.020000 1.730000 1.615198 2.018997 0.000000 38.560000 -28.920000
1395.148312 -0.010000 -0.160000 -0.260000 -0.010000 0.030000 1.740000 1.615198 2.018997 0.000000 38.560000 -28.920000
1395.183166 -0.430000 -0.100000 0.390000 -0.010000 0.010000 1.810000 0.000000 1.933426 0.000000 32.310000 -32.310000
1395.210149 -0.350000 0.150000 -0.240000 0.010000 0.030000 1.800000 0.807599 2.163211 0.000000 38.560000 -33.740000
1395.240673 0.110000 -0.040000 -0.510000 -0.010000 -0.000000 1.810000 1.615198 2.018997 0.000000 38.560000 -28.920000
1395.267599 0.170000 0.130000 -0.130000 -0.000000 0.000000 1.770000 0.774088 1.795196 0.000000 32.310000 -27.690000
1395.302334 -0.160000 -0.340000 0.020000 -0.000000 0.010000 1.720000 0.774088 1.795196 0.000000 32.310000 -27.690000
1395.330341 -0.110000 0.060000 -0.270000 -0.000000 0.010000 1.730000 1.615198 2.018997 0.000000 38.560000 -28.920000
1395.359403 0.070000 0.050000 0.260000 -0.010000 0.020000 1.730000 0.807599 1.874783 0.000000 33.740000 -28.920000
1395.388498 -0.090000 0.320000 0.510000 0.000000 -0.010000 1.760000 0.772413 2.071357 0.000000 36.920000 -32.310000
1395.421707 0.020000 -0.180000 0.050000 -0.010000 0.010000 1.770000 0.807599 1.874783 0.000000 33.740000 -28.920000
1395.455559 0.470000 0.020000 -0.110000 -0.020000 -0.030000 1.730000 0.807599 1.874783 0.000000 33.740000 -28.920000
1395.491445 -0.190000 -0.160000 0.380000 -0.000000 0.020000 1.720000 1.615198 2.018997 0.000000 38.560000 -28.920000
1395.519127 -0.020000 0.020000 -0.220000 -0.030000 -0.030000 1.790000 1.615198 2.018997 0.000000 38.560000 -28.920000
1395.556037 0.270000 0.100000 0.100000 -0.010000 0.010000 1.810000 1.615198 2.018997 0.000000 38.560000 -28.920000
1395.592607 -0.140000 -0.080000 0.370000 -0.010000 -0.030000 1.760000 1.546501 1.933127 0.000000 36.920000 -27.690000
1395.621396 -0.290000 -0.010000 -0.560000 -0.010000 -0.000000 1.790000 1.615198 2.018997 0.000000 38.560000 -28.920000
1395.648658 0.270000 -0.210000 -0.230000 -0.020000 -0.020000 1.760000 0.807599 2.163211 0.000000 38.560000 -33.740000
1395.683408 -0.170000 -0.320000 -0.050000 -0.020000 -0.020000 1.760000 0.774088 1.795196 0.000000 32.310000 -27.690000
1395.712092 -0.300000 0.290000 -0.410000 -0.000000 -0.000000 1.790000 1.546501 1.933127 0.000000 36.920000 -27.690000
1395.739738 0.140000 0.220000 -0.010000 -0.000000 0.010000 1.780000 1.615198 2.018997 0.000000 38.560000 -28.920000
1395.775521 0.100000 0.510000 0.520000 0.020000 0.000000 1.760000 1.615198 2.018997 0.000000 38.560000 -28.920000
1395.808327 0.220000 -0.090000 -0.300000 -0.020000 -0.000000 1.740000 0.000000 1.933426 0.000000 32.310000 -32.310000
1395.845137 0.300000 -0.210000 0.210000 -0.050000 -0.060000 1.740000 1.615198 2.018997 0.000000 38.560000 -28.920000
1395.880783 -0.490000 -0.160000 0.170000 -0.010000 0.000000 1.810000 0.807599 1.874783 0.000000 33.740000 -28.920000
1395.917588 0.090000 0.160000 0.090000 0.010000 -0.010000 1.770000 1.615198 2.018997 0.000000 38.560000 -28.920000
1395.955519 -0.010000 0.130000 -0.070000 -0.010000 -0.020000 1.780000 0.774088 1.795196 0.000000 32.310000 -27.690000
1395.987750 0.040000 0.020000 -0.840000 0.020000 0.020000 1.710000 0.807599 2.163211 0.000000 38.560000 -33.740000
1396.022763 -0.460000 -0.120000 -0.230000 0.010000 -0.020000 1.810000 1.546501 1.933127 0.000000 36.920000 -27.690000
1396.050117 -0.160000 0.230000 -0.370000 -0.010000 -0.020000 1.820000 1.615198 2.018997 0.000000 38.560000 -28.920000
1396.079853 -0.230000 -0.330000 -0.030000 -0.010000 -0.010000 1.810000 1.615198 2.018997 0.000000 38.560000 -28.920000
1396.114158 -0.510000 0.140000 0.510000 0.020000 -0.010000 1.860000 1.615198 2.018997 0.000000 38.560000 -28.920000
1396.148487 0.090000 -0.010000 -0.080000 0.000000 0.000000 1.850000 0.772413 2.071357 0.000000 36.920000 -32.310000
1396.183867 0.050000 -0.120000 -0.200000 0.010000 0.020000 1.860000 1.615198 2.018997 0.000000 38.560000 -28.920000
1396.218194 0.310000 -0.350000 0.430000 0.020000 0.010000 1.810000 1.615198 2.018997 0.000000 38.560000 -28.920000
1396.252084 0.400000 0.050000 -0.040000 0.010000 -0.010000 1.770000 2.320590 2.071357 0.000000 41.540000 -27.690000
1396.280676 -0.600000 0.040000 0.260000 -0.000000 -0.010000 1.820000 1.546501 1.933127 0.000000 36.920000 -27.690000
1396.308398 -0.170000 -0.090000 -0.060000 0.000000 -0.010000 1.900000 0.807599 2.163211 0.000000 38.560000 -33.740000
1396.345134 -0.020000 -0.010000 0.110000 -0.000000 -0.000000 1.900000 1.615198 2.018997 0.000000 38.560000 -28.920000
1396.378168 0.090000 0.010000 0.140000 0.000000 0.010000 1.900000 1.546501 2.209587 0.000000 41.540000 -32.310000
1396.415554 0.200000 -0.060000 0.040000 0.010000 0.010000 1.920000 1.615198 2.018997 0.000000 38.560000 -28.920000
1396.451009 0.620000 0.060000 -0.140000 0.010000 0.000000 1.870000 2.422796 2.163211 0.000000 43.380000 -28.920000
1396.480404 -0.080000 0.210000 0.070000 0.000000 0.000000 1.880000 0.807599 2.163211 0.000000 38.560000 -33.740000
1396.508552 0.320000 -0.080000 0.020000 0.010000 0.010000 1.870000 1.615198 2.018997 0.000000 38.560000 -28.920000
1396.540442 -0.100000 -0.090000 -0.050000 0.030000 0.020000 1.850000 0.807599 2.163211 0.000000 38.560000 -33.740000
1396.571574 -0.280000 -0.090000 -0.000000 -0.010000 0.010000 1.820000 1.546501 1.933127 0.000000 36.920000 -27.690000
1396.599903 -0.410000 -0.260000 0.070000 0.010000 0.030000 1.810000 1.615198 2.018997 0.000000 38.560000 -28.920000
1396.634570 0.040000 -0.250000 -0.110000 0.010000 0.010000 1.840000 0.807599 2.163211 0.000000 38.560000 -33.740000
1396.670618 0.150000 0.330000 -0.230000 -0.010000 0.020000 1.820000 2.318914 1.795196 0.000000 36.920000 -23.080000
1396.698271 0.220000 0.360000 0.270000 0.030000 0.040000 1.790000 1.546501 1.933127 0.000000 36.920000 -27.690000
1396.730210 0.330000 -0.140000 -0.410000 0.000000 -0.020000 1.840000 1.615198 2.018997 0.000000 38.560000 -28.920000
1396.758340 0.170000 0.110000 -0.260000 0.020000 0.020000 1.830000 0.807599 2.163211 0.000000 38.560000 -33.740000
1396.790085 -0.520000 -0.320000 0.600000 0.030000 -0.000000 1.920000 1.546501 1.933127 0.000000 36.920000 -27.690000
1396.825775 0.040000 0.020000 -0.410000 -0.030000 -0.020000 1.860000 1.615198 2.018997 0.000000 38.560000 -28.920000
1396.857489 0.040000 0.320000 0.220000 0.010000 0.000000 1.730000 0.000000 2.018997 0.000000 33.740000 -33.740000
1396.892296 -0.190000 0.150000 0.090000 0.000000 -0.000000 1.720000 0.807599 1.874783 0.000000 33.740000 -28.920000
1396.929139 -0.430000 0.120000 -0.100000 -0.010000 0.010000 1.610000 0.000000 2.018997 0.000000 33.740000 -33.740000
1396.963000 -0.850000 -0.040000 0.250000 0.020000 0.020000 1.300000 0.807599 1.586355 0.000000 28.920000 -24.100000
