485.453896 -0.040000 -0.030000 -10.000000 -0.000000 0.000000 -0.000000 0.000000 0.000000 0.000000 0.000000 0.000000
485.495580 0.000000 -0.060000 -8.860000 -0.000000 -0.000000 -0.000000 0.000000 0.000000 0.000000 0.000000 0.000000
485.531565 -0.050000 -0.020000 -7.760000 -0.000000 -0.000000 0.000000 0.000000 0.000000 0.000000 0.000000 0.000000
485.558949 -0.020000 0.040000 -6.680000 -0.000000 0.000000 0.000000 0.000000 0.000000 0.000000 0.000000 0.000000
485.598103 -0.050000 -0.000000 -5.560000 -0.000000 -0.000000 0.000000 4.639504 -0.276161 0.000000 9.230000 18.460000
485.633987 1.040000 1.620000 -5.910000 -0.150000 0.090000 -0.310000 7.268389 0.144214 0.000000 24.100000 19.280000
485.668511 -1.230000 0.850000 -0.660000 -0.050000 0.020000 -0.260000 8.075988 0.576856 0.000000 33.740000 14.460000
485.705194 -0.160000 0.290000 -2.070000 0.030000 -0.020000 0.090000 8.883586 0.144214 0.000000 28.920000 24.100000
485.741384 -0.270000 0.320000 -1.410000 -0.020000 0.010000 -0.000000 11.306383 0.000000 0.000000 33.740000 33.740000
485.771085 0.820000 0.180000 0.900000 -0.020000 -0.000000 -0.010000 16.962925 0.144214 0.000000 53.030000 48.210000
485.810952 -0.130000 -0.510000 -0.120000 0.010000 -0.070000 -0.040000 15.465013 0.000000 0.000000 46.150000 46.150000
485.844672 -0.040000 -0.120000 -1.170000 -0.020000 0.100000 0.010000 19.385721 0.288428 0.000000 62.670000 53.030000
485.881945 0.780000 -0.200000 0.270000 0.110000 -0.010000 0.000000 23.423715 0.432642 0.000000 77.130000 62.670000
485.917923 0.020000 0.100000 -0.450000 -0.010000 0.040000 -0.070000 19.332105 -0.138230 0.000000 55.380000 60.000000
485.955147 0.170000 -0.360000 -0.310000 -0.110000 0.020000 0.060000 23.200871 0.276161 0.000000 73.850000 64.620000
485.992437 0.600000 0.020000 -0.820000 -0.020000 0.060000 -0.030000 25.038912 0.432642 0.000000 81.950000 67.490000
486.022796 0.010000 -0.640000 -0.400000 -0.050000 0.010000 0.040000 25.038912 0.432642 0.000000 81.950000 67.490000
486.063121 -0.130000 0.520000 0.230000 -0.070000 -0.030000 0.060000 23.973284 0.138230 0.000000 73.850000 69.230000
486.098665 0.050000 -0.080000 0.460000 -0.110000 -0.020000 -0.060000 24.231314 0.000000 0.000000 72.310000 72.310000
486.133969 -0.910000 0.020000 0.390000 0.010000 -0.160000 -0.030000 26.654110 0.432642 0.000000 86.770000 72.310000
486.168896 -0.040000 -0.980000 -0.070000 0.170000 0.070000 0.000000 25.846511 0.000000 0.000000 77.130000 77.130000
486.203948 -0.450000 -0.540000 -0.740000 -0.010000 0.010000 -0.050000 29.076906 -0.288428 0.000000 81.950000 91.590000
486.242723 0.140000 -0.880000 1.870000 0.010000 -0.060000 -0.020000 26.654110 0.144214 0.000000 81.950000 77.130000
486.272983 -0.170000 0.230000 1.990000 -0.090000 -0.050000 -0.060000 27.066287 -0.138230 0.000000 78.460000 83.080000
486.310984 -0.010000 0.290000 -1.380000 -0.170000 -0.040000 0.120000 25.038912 0.144214 0.000000 77.130000 72.310000
486.339544 0.210000 -0.240000 -1.210000 0.050000 -0.050000 -0.060000 28.269307 0.144214 0.000000 86.770000 81.950000
486.375476 0.030000 0.050000 0.350000 0.100000 -0.010000 0.060000 25.519785 -0.137931 0.000000 73.850000 78.460000
486.413133 0.250000 -0.170000 -0.350000 -0.020000 -0.020000 -0.070000 27.066287 0.138230 0.000000 83.080000 78.460000
486.446581 -0.300000 0.730000 -0.040000 -0.150000 0.000000 -0.030000 27.461709 -0.288428 0.000000 77.130000 86.770000
486.482653 -0.160000 -0.770000 -0.950000 0.040000 -0.110000 0.040000 28.269307 0.144214 0.000000 86.770000 81.950000
486.513275 0.330000 -0.160000 -1.620000 0.250000 0.040000 0.020000 27.066287 -0.138230 0.000000 78.460000 83.080000
486.548391 -0.250000 0.180000 0.460000 0.060000 -0.040000 0.040000 29.884505 0.144214 0.000000 91.590000 86.770000
486.587124 -0.600000 -0.760000 0.170000 -0.050000 0.090000 -0.020000 29.076906 0.000000 0.000000 86.770000 86.770000
486.619783 0.430000 0.050000 -1.280000 0.160000 -0.030000 0.050000 27.461709 0.000000 0.000000 81.950000 81.950000
486.652011 -0.130000 -0.210000 -0.410000 0.150000 -0.030000 0.070000 27.066287 -0.138230 0.000000 78.460000 83.080000
486.682857 -0.370000 -0.190000 2.990000 0.010000 -0.110000 -0.060000 27.461709 -0.288428 0.000000 77.130000 86.770000
486.714858 0.010000 0.130000 1.250000 -0.110000 -0.010000 0.020000 27.066287 -0.138230 0.000000 78.460000 83.080000
486.750392 0.140000 0.880000 -0.600000 -0.160000 -0.020000 0.000000 27.461709 0.000000 0.000000 81.950000 81.950000
486.778292 0.060000 -0.820000 -1.170000 0.050000 0.180000 0.010000 30.692104 0.288428 0.000000 96.410000 86.770000
486.812704 0.370000 -0.470000 1.090000 0.010000 -0.000000 -0.020000 29.884505 -0.144214 0.000000 86.770000 91.590000
486.849512 -0.690000 0.570000 -1.540000 -0.090000 -0.000000 0.030000 27.838700 0.276161 0.000000 87.690000 78.460000
486.883295 0.650000 0.240000 -0.900000 0.020000 -0.100000 0.080000 30.692104 0.288428 0.000000 96.410000 86.770000
486.917907 -0.250000 0.010000 1.310000 0.060000 0.050000 0.030000 28.269307 0.144214 0.000000 86.770000 81.950000
486.954707 0.390000 0.200000 1.460000 0.060000 0.040000 0.040000 28.612788 -0.137931 0.000000 83.080000 87.690000
486.988247 -0.410000 -0.440000 -0.820000 -0.220000 0.040000 -0.080000 27.461709 0.000000 0.000000 81.950000 81.950000
487.023138 -0.620000 0.420000 -1.600000 0.020000 -0.170000 0.010000 29.076906 0.000000 0.000000 86.770000 86.770000
487.058529 0.150000 -0.190000 1.390000 0.130000 -0.000000 -0.060000 25.846511 -0.288428 0.000000 72.310000 81.950000
487.094039 -0.360000 -0.270000 2.050000 -0.120000 -0.100000 -0.050000 26.292198 0.552322 0.000000 87.690000 69.230000
487.132650 0.030000 0.080000 0.350000 -0.110000 0.050000 -0.000000 25.038912 0.432642 0.000000 81.950000 67.490000
487.163309 0.160000 0.040000 -1.350000 0.000000 -0.050000 -0.040000 27.066287 0.138230 0.000000 83.080000 78.460000
487.198926 0.260000 1.080000 -1.660000 0.100000 -0.040000 0.140000 26.654110 -0.144214 0.000000 77.130000 81.950000
487.236184 0.820000 0.220000 0.860000 0.040000 0.030000 -0.070000 26.654110 0.721070 0.000000 91.590000 67.490000
487.272479 -0.110000 0.150000 0.810000 -0.090000 -0.060000 0.030000 29.076906 0.000000 0.000000 86.770000 86.770000
487.302964 0.470000 0.120000 -0.690000 -0.100000 -0.000000 -0.070000 25.519785 -0.137931 0.000000 73.850000 78.460000
487.337443 -0.040000 0.220000 -1.060000 0.000000 -0.100000 0.020000 28.269307 -0.144214 0.000000 81.950000 86.770000
487.374270 0.180000 0.070000 1.100000 0.100000 0.010000 0.030000 29.076906 0.000000 0.000000 86.770000 86.770000
487.410172 0.120000 -0.610000 1.190000 0.030000 -0.040000 -0.050000 26.292198 0.000000 0.000000 78.460000 78.460000
487.448317 -0.110000 0.350000 -0.270000 -0.120000 0.020000 0.020000 27.066287 0.138230 0.000000 83.080000 78.460000
487.486638 0.180000 -0.440000 -1.350000 0.060000 -0.100000 -0.030000 29.076906 0.288428 0.000000 91.590000 81.950000
487.520304 -0.130000 0.230000 0.870000 0.170000 0.030000 -0.000000 26.654110 0.432642 0.000000 86.770000 72.310000
487.557967 -0.360000 -0.600000 1.220000 -0.070000 -0.120000 0.030000 28.612788 0.137931 0.000000 87.690000 83.080000
487.595676 -0.280000 -0.250000 0.030000 -0.160000 0.080000 -0.070000 29.076906 0.288428 0.000000 91.590000 81.950000
487.630151 0.230000 0.400000 -0.230000 -0.020000 0.010000 0.030000 27.461709 0.000000 0.000000 81.950000 81.950000
487.658797 0.350000 0.080000 -0.530000 -0.050000 0.020000 0.020000 25.846511 -0.288428 0.000000 72.310000 81.950000
487.694706 0.490000 0.360000 0.200000 0.040000 0.060000 -0.010000 27.461709 0.000000 0.000000 81.950000 81.950000
487.731044 -0.160000 -0.470000 0.140000 -0.040000 0.020000 -0.010000 26.654110 0.144214 0.000000 81.950000 77.130000
487.759979 -0.070000 1.080000 -2.240000 -0.100000 -0.000000 -0.010000 27.840375 0.000000 0.000000 83.080000 83.080000
487.794050 0.430000 0.260000 -0.590000 -0.050000 -0.090000 0.030000 25.846511 0.288428 0.000000 81.950000 72.310000
487.827053 -0.460000 -0.570000 0.300000 0.050000 0.120000 -0.010000 28.269307 -0.144214 0.000000 81.950000 86.770000
487.866949 0.090000 -0.530000 1.130000 0.110000 0.010000 0.020000 30.159289 0.690552 0.000000 101.540000 78.460000
487.905302 -0.490000 -0.390000 0.260000 -0.140000 -0.020000 -0.060000 27.840375 0.000000 0.000000 83.080000 83.080000
487.942630 0.900000 0.430000 0.050000 -0.010000 0.080000 -0.000000 29.076906 0.288428 0.000000 91.590000 81.950000
487.981046 -0.140000 -0.970000 -1.480000 0.210000 0.100000 -0.060000 27.461709 -0.288428 0.000000 77.130000 86.770000
488.014532 -0.130000 0.530000 0.870000 0.040000 0.030000 0.010000 28.612788 -0.137931 0.000000 83.080000 87.690000
488.052729 -0.280000 -0.720000 0.440000 0.010000 -0.020000 -0.000000 29.076906 0.000000 0.000000 86.770000 86.770000
488.083693 -0.910000 0.070000 0.960000 -0.100000 -0.090000 -0.010000 29.884505 0.144214 0.000000 91.590000 86.770000
488.118043 0.540000 0.780000 -1.810000 -0.140000 0.000000 0.110000 26.654110 0.144214 0.000000 81.950000 77.130000
488.155814 0.380000 -0.490000 -2.440000 0.040000 0.140000 -0.090000 28.269307 0.144214 0.000000 86.770000 81.950000
488.191600 0.390000 -0.080000 1.440000 0.080000 0.030000 0.040000 27.461709 0.000000 0.000000 81.950000 81.950000
488.229707 -0.560000 0.990000 -1.220000 -0.060000 -0.000000 -0.020000 27.066287 0.138230 0.000000 83.080000 78.460000
488.268206 -0.670000 1.240000 0.490000 -0.240000 -0.010000 -0.060000 25.846511 -0.288428 0.000000 72.310000 81.950000
488.302130 -0.130000 -0.750000 -1.470000 0.070000 0.090000 0.010000 28.269307 0.144214 0.000000 86.770000 81.950000
488.339522 -0.020000 -0.030000 2.520000 0.160000 -0.020000 -0.040000 26.293874 -0.276161 0.000000 73.850000 83.080000
488.373045 -0.350000 -0.470000 1.110000 -0.100000 -0.090000 -0.010000 28.612788 0.137931 0.000000 87.690000 83.080000
488.411909 0.710000 0.350000 -0.070000 -0.050000 0.080000 -0.070000 30.692104 0.576856 0.000000 101.230000 81.950000
488.441414 0.070000 0.360000 -1.190000 0.230000 0.120000 -0.000000 29.884505 -0.144214 0.000000 86.770000 91.590000
488.470761 -0.050000 -0.990000 0.860000 0.120000 0.070000 0.020000 27.838700 0.276161 0.000000 87.690000 78.460000
488.500428 0.210000 0.490000 1.250000 -0.030000 -0.020000 -0.030000 29.076906 0.000000 0.000000 86.770000 86.770000
488.530566 -0.140000 -0.670000 -0.030000 -0.110000 -0.020000 0.020000 27.461709 0.000000 0.000000 81.950000 81.950000
488.559873 0.240000 0.730000 -0.940000 -0.100000 0.040000 0.030000 26.654110 0.144214 0.000000 81.950000 77.130000
488.594685 -0.200000 -0.920000 -1.030000 0.050000 0.120000 -0.030000 27.840375 0.000000 0.000000 83.080000 83.080000
488.629735 0.250000 -0.310000 0.620000 0.000000 0.030000 0.000000 29.076906 0.000000 0.000000 86.770000 86.770000
488.658584 -0.620000 1.030000 -0.880000 -0.060000 -0.010000 0.040000 26.292198 0.000000 0.000000 78.460000 78.460000
488.693742 0.400000 0.390000 0.340000 -0.150000 -0.020000 0.010000 25.846511 -0.288428 0.000000 72.310000 81.950000
488.726273 0.290000 0.830000 -1.010000 0.080000 0.100000 0.000000 28.269307 0.144214 0.000000 86.770000 81.950000
488.760982 -0.240000 -0.910000 1.450000 0.130000 0.040000 -0.010000 27.684552 -0.248635 0.000000 78.460000 86.770000
488.789312 -0.200000 -0.280000 0.780000 -0.100000 -0.030000 -0.030000 26.292198 0.000000 0.000000 78.460000 78.460000
488.827309 -0.320000 -1.250000 -0.610000 -0.060000 0.090000 -0.040000 28.269307 -0.144214 0.000000 81.950000 86.770000
488.863957 0.230000 -0.490000 -0.700000 0.200000 0.020000 -0.010000 27.461709 0.000000 0.000000 81.950000 81.950000
488.897586 0.440000 0.850000 0.550000 0.180000 0.080000 0.090000 27.066287 -0.138230 0.000000 78.460000 83.080000
488.933274 -0.380000 -0.690000 1.210000 0.020000 -0.120000 -0.020000 25.846511 0.000000 0.000000 77.130000 77.130000
488.965669 0.000000 0.810000 1.140000 -0.130000 0.000000 -0.040000 28.269307 -0.144214 0.000000 81.950000 86.770000
488.999641 -0.150000 -0.750000 0.000000 -0.200000 -0.020000 0.090000 25.846511 0.000000 0.000000 77.130000 77.130000
489.033207 0.300000 0.170000 -1.470000 0.030000 -0.060000 -0.080000 23.973284 -0.138230 0.000000 69.230000 73.850000
489.067072 0.100000 -0.170000 -0.180000 0.090000 0.140000 0.010000 21.000919 -0.865284 0.000000 48.210000 77.130000
489.104203 -0.710000 -1.290000 1.070000 0.060000 -0.070000 -0.420000 18.559692 -1.104943 0.000000 36.920000 73.850000
489.138198 0.040000 -0.430000 -0.090000 -0.050000 -0.060000 -0.560000 14.538453 -1.154012 0.000000 24.100000 62.670000
489.173586 -0.060000 0.050000 -1.370000 -0.060000 0.110000 -0.790000 12.923256 -1.154012 0.000000 19.280000 57.850000
489.204514 0.580000 -0.460000 -0.820000 0.030000 0.000000 -1.050000 8.885262 -1.586654 0.000000 0.000000 53.030000
489.236046 0.510000 0.710000 -0.970000 0.020000 -0.010000 -1.300000 7.732507 -1.380805 0.000000 0.000000 46.150000
489.273421 -0.470000 0.380000 -0.530000 0.040000 -0.070000 -1.310000 8.077663 -1.442440 0.000000 0.000000 48.210000
489.307124 0.440000 0.550000 0.630000 0.000000 0.000000 -1.310000 6.460790 -1.442141 0.000000 -4.820000 43.380000
489.344217 -0.470000 0.690000 0.670000 -0.030000 -0.000000 -1.360000 6.958418 -1.519035 0.000000 -4.620000 46.150000
489.377767 0.480000 0.530000 0.390000 -0.010000 0.010000 -1.350000 4.639504 -1.104943 0.000000 -4.620000 32.310000
489.415760 -0.410000 0.270000 -0.180000 0.000000 0.010000 -1.370000 5.653191 -1.586355 0.000000 -9.640000 43.380000
489.448928 0.130000 0.690000 0.810000 0.030000 0.000000 -1.410000 3.230395 -1.442141 0.000000 -14.460000 33.740000
489.485559 -0.170000 -0.080000 0.320000 -0.000000 0.000000 -1.410000 4.639504 -1.657265 0.000000 -13.850000 41.540000
489.521435 -0.230000 0.130000 0.580000 0.000000 -0.010000 -1.450000 3.230395 -1.730569 0.000000 -19.280000 38.560000
489.551432 0.060000 -0.120000 0.270000 0.020000 -0.010000 -1.390000 3.230395 -1.730569 0.000000 -19.280000 38.560000
489.582686 -0.250000 -0.060000 -0.200000 -0.010000 0.010000 -1.460000 4.037994 -1.586355 0.000000 -14.460000 38.560000
489.612073 0.040000 0.110000 0.090000 0.000000 0.000000 -1.500000 3.230395 -1.730569 0.000000 -19.280000 38.560000
489.641930 -0.300000 -0.140000 0.170000 0.040000 0.000000 -1.570000 3.230395 -1.730569 0.000000 -19.280000 38.560000
489.672731 -0.220000 -0.110000 0.170000 -0.020000 0.000000 -1.560000 3.093003 -1.656966 0.000000 -18.460000 36.920000
489.703037 -0.060000 0.330000 -0.130000 0.020000 0.020000 -1.640000 3.230395 -1.442141 0.000000 -14.460000 33.740000
489.733299 -0.100000 -0.210000 -0.270000 0.020000 0.010000 -1.640000 2.422796 -1.874783 0.000000 -24.100000 38.560000
489.766579 0.160000 0.200000 -0.100000 0.000000 0.000000 -1.710000 1.546501 -1.657265 0.000000 -23.080000 32.310000
489.799386 0.080000 -0.160000 0.100000 0.020000 0.010000 -1.680000 2.320590 -2.071357 0.000000 -27.690000 41.540000
489.836636 0.430000 0.230000 -0.160000 -0.000000 0.000000 -1.750000 4.037994 -1.586355 0.000000 -14.460000 38.560000
489.874261 -0.180000 -0.090000 -0.120000 0.010000 0.010000 -1.770000 0.000000 -2.307425 0.000000 -38.560000 38.560000
489.911432 -0.490000 -0.280000 0.310000 -0.000000 -0.000000 -1.690000 2.318914 -1.795196 0.000000 -23.080000 36.920000
489.942219 0.530000 0.570000 -0.190000 0.020000 -0.000000 -1.700000 0.807599 -2.451639 0.000000 -38.560000 43.380000
489.972312 -0.440000 -0.550000 -0.010000 0.010000 0.000000 -1.740000 2.422796 -1.874783 0.000000 -24.100000 38.560000
490.000575 -0.280000 0.050000 0.300000 -0.010000 0.000000 -1.740000 1.615198 -2.018997 0.000000 -28.920000 38.560000
490.038843 0.340000 0.120000 -0.330000 0.030000 -0.000000 -1.710000 2.148012 -1.825714 0.000000 -24.100000 36.920000
490.075827 0.090000 0.020000 0.410000 -0.010000 -0.010000 -1.750000 2.422796 -2.163211 0.000000 -28.920000 43.380000
490.109718 0.040000 0.160000 -0.310000 -0.010000 -0.010000 -1.710000 2.318914 -1.795196 0.000000 -23.080000 36.920000
490.146035 0.240000 -0.270000 0.200000 -0.010000 -0.000000 -1.600000 1.615198 -1.730569 0.000000 -24.100000 33.740000
490.184782 0.630000 0.010000 -0.080000 0.010000 -0.010000 -1.610000 1.615198 -1.442141 0.000000 -19.280000 28.920000
490.222048 -0.540000 -0.120000 -0.190000 -0.020000 -0.030000 -1.560000 2.318914 -1.795196 0.000000 -23.080000 36.920000
490.260630 0.390000 0.140000 -0.270000 -0.020000 -0.010000 -1.510000 0.000000 -1.933426 0.000000 -32.310000 32.310000
490.289486 0.220000 -0.030000 -0.250000 -0.000000 -0.010000 -1.590000 2.422796 -1.874783 0.000000 -24.100000 38.560000
490.326037 -0.010000 -0.220000 0.080000 -0.020000 0.010000 -1.650000 5.653191 -1.586355 0.000000 -9.640000 43.380000
490.363596 -0.230000 -0.010000 -0.170000 0.000000 -0.010000 -1.680000 2.318914 -1.795196 0.000000 -23.080000 36.920000
490.397161 -0.260000 0.020000 0.100000 0.010000 -0.000000 -1.690000 1.615198 -2.018997 0.000000 -28.920000 38.560000
490.435130 0.010000 -0.230000 -0.200000 -0.010000 0.000000 -1.710000 1.615198 -1.730569 0.000000 -24.100000 33.740000
490.468901 -0.130000 0.310000 0.100000 0.010000 0.010000 -1.630000 2.422796 -1.874783 0.000000 -24.100000 38.560000
490.506816 0.220000 -0.040000 -0.040000 0.010000 0.010000 -1.670000 2.318914 -1.795196 0.000000 -23.080000 36.920000
490.543620 -0.160000 -0.060000 0.260000 0.010000 -0.010000 -1.670000 4.845593 -1.442141 0.000000 -9.640000 38.560000
490.577747 0.190000 -0.140000 0.000000 -0.000000 -0.000000 -1.650000 2.318914 -1.795196 0.000000 -23.080000 36.920000
490.614423 0.010000 0.140000 0.330000 -0.010000 0.010000 -1.650000 2.422796 -1.874783 0.000000 -24.100000 38.560000
490.651129 -0.170000 -0.050000 0.020000 0.000000 -0.010000 -1.670000 2.422796 -1.874783 0.000000 -24.100000 38.560000
490.680945 -0.310000 -0.130000 0.330000 0.000000 0.010000 -1.670000 2.422796 -1.874783 0.000000 -24.100000 38.560000
490.709475 0.300000 -0.070000 -0.070000 0.000000 -0.010000 -1.690000 3.093003 -1.381104 0.000000 -13.850000 32.310000
490.747411 -0.290000 0.080000 -0.190000 0.020000 -0.000000 -1.720000 1.615198 -1.730569 0.000000 -24.100000 33.740000
490.784524 -0.030000 -0.200000 0.420000 -0.010000 0.010000 -1.710000 2.422796 -1.586355 0.000000 -19.280000 33.740000
490.819076 0.300000 0.110000 -0.100000 -0.020000 0.000000 -1.800000 3.093003 -1.933426 0.000000 -23.080000 41.540000
490.856662 -0.550000 -0.190000 0.320000 0.020000 -0.020000 -1.730000 2.318914 -1.795196 0.000000 -23.080000 36.920000
490.889289 0.110000 0.160000 -0.230000 0.000000 0.000000 -1.740000 2.422796 -1.874783 0.000000 -24.100000 38.560000
490.926133 -0.030000 0.140000 -0.130000 0.010000 -0.020000 -1.700000 -0.807599 -1.586355 0.000000 -28.920000 24.100000
490.967627 0.140000 -0.390000 0.070000 0.000000 -0.010000 -1.700000 2.320590 -1.519035 0.000000 -18.460000 32.310000
490.999775 -0.560000 0.350000 -0.340000 0.020000 0.010000 -1.720000 2.422796 -1.874783 0.000000 -24.100000 38.560000
491.034585 0.010000 -0.080000 0.210000 0.000000 -0.010000 -1.710000 2.628885 -2.126409 0.000000 -27.690000 43.380000
491.070572 0.640000 -0.230000 -0.100000 0.010000 -0.000000 -1.740000 3.230395 -1.730569 0.000000 -19.280000 38.560000
491.100945 0.170000 -0.170000 0.080000 0.000000 -0.020000 -1.730000 2.422796 -1.874783 0.000000 -24.100000 38.560000
491.136959 -0.160000 0.280000 -0.250000 -0.010000 -0.000000 -1.730000 3.230395 -2.018997 0.000000 -24.100000 43.380000
491.170808 0.100000 -0.060000 0.040000 0.000000 -0.020000 -1.780000 1.546501 -1.933127 0.000000 -27.690000 36.920000
491.207886 0.060000 -0.040000 0.010000 0.000000 -0.010000 -1.830000 0.807599 -2.163211 0.000000 -33.740000 38.560000
491.244411 -0.420000 -0.120000 -0.240000 -0.010000 -0.010000 -1.760000 3.230395 -2.018997 0.000000 -24.100000 43.380000
491.280785 0.150000 0.160000 -0.030000 0.000000 -0.000000 -1.750000 1.546501 -1.933127 0.000000 -27.690000 36.920000
491.309641 0.300000 -0.000000 -0.100000 0.020000 -0.010000 -1.780000 0.774088 -2.347518 0.000000 -36.920000 41.540000
491.345901 0.010000 0.010000 0.060000 -0.000000 -0.010000 -1.760000 1.615198 -2.018997 0.000000 -28.920000 38.560000
491.378920 0.160000 -0.040000 0.270000 0.000000 -0.010000 -1.710000 2.422796 -1.874783 0.000000 -24.100000 38.560000
491.414110 0.120000 -0.110000 0.170000 -0.000000 -0.020000 -1.760000 2.320590 -2.071357 0.000000 -27.690000 41.540000
491.450891 -0.150000 0.070000 -0.010000 -0.000000 0.000000 -1.790000 2.422796 -2.163211 0.000000 -28.920000 43.380000
491.481304 -0.210000 -0.370000 -0.020000 0.010000 -0.000000 -1.700000 3.230395 -2.018997 0.000000 -24.100000 43.380000
491.512727 0.630000 0.350000 -0.150000 -0.010000 -0.010000 -1.730000 1.615198 -2.018997 0.000000 -28.920000 38.560000
491.542622 0.060000 0.020000 0.260000 -0.000000 -0.030000 -1.760000 1.615198 -2.018997 0.000000 -28.920000 38.560000
491.572882 -0.310000 0.170000 -0.190000 -0.020000 0.020000 -1.660000 2.422796 -1.874783 0.000000 -24.100000 38.560000
491.601412 -0.020000 0.150000 0.030000 0.000000 -0.010000 -1.690000 1.546501 -1.933127 0.000000 -27.690000 36.920000
491.631565 0.020000 -0.130000 0.080000 -0.000000 0.020000 -1.700000 4.037994 -1.874783 0.000000 -19.280000 43.380000
491.660210 -0.110000 0.210000 -0.080000 0.010000 -0.000000 -1.690000 2.422796 -1.874783 0.000000 -24.100000 38.560000
491.689154 0.170000 -0.110000 -0.060000 -0.000000 -0.000000 -1.730000 2.318914 -1.795196 0.000000 -23.080000 36.920000
491.724585 -0.050000 0.040000 0.100000 -0.010000 -0.000000 -1.740000 4.639504 -1.657265 0.000000 -13.850000 41.540000
491.761748 -0.190000 -0.280000 -0.130000 -0.020000 -0.000000 -1.810000 3.230395 -2.018997 0.000000 -24.100000 43.380000
491.791688 -0.330000 0.350000 -0.030000 -0.020000 0.000000 -1.830000 2.422796 -1.874783 0.000000 -24.100000 38.560000
491.821770 0.420000 -0.300000 0.220000 0.000000 -0.010000 -1.830000 2.320590 -2.071357 0.000000 -27.690000 41.540000
491.850970 -0.320000 -0.190000 0.110000 -0.010000 0.000000 -1.820000 3.230395 -2.018997 0.000000 -24.100000 43.380000
491.889049 0.040000 0.150000 -0.250000 0.000000 0.010000 -1.780000 1.615198 -2.018997 0.000000 -28.920000 38.560000
491.924634 0.100000 -0.110000 -0.070000 -0.000000 -0.000000 -1.750000 2.422796 -1.874783 0.000000 -24.100000 38.560000
491.958321 0.270000 0.200000 0.390000 -0.000000 -0.010000 -1.750000 4.639504 -1.657265 0.000000 -13.850000 41.540000
491.998055 -0.010000 0.020000 -0.190000 -0.010000 0.010000 -1.770000 1.615198 -2.018997 0.000000 -28.920000 38.560000
492.032512 0.370000 0.290000 -0.150000 -0.020000 0.000000 -1.750000 5.413592 -1.519035 0.000000 -9.230000 41.540000
492.063028 0.180000 -0.480000 0.190000 0.010000 0.010000 -1.690000 2.422796 -1.874783 0.000000 -24.100000 38.560000
492.099584 0.300000 0.110000 -0.380000 -0.020000 -0.020000 -1.720000 1.615198 -2.018997 0.000000 -28.920000 38.560000
492.131227 0.070000 0.120000 -0.040000 0.010000 0.020000 -1.750000 2.422796 -1.874783 0.000000 -24.100000 38.560000
492.161736 -0.210000 -0.130000 -0.110000 -0.010000 0.010000 -1.850000 2.320590 -2.071357 0.000000 -27.690000 41.540000
492.190760 -0.260000 -0.080000 0.040000 0.010000 0.020000 -1.820000 1.615198 -2.018997 0.000000 -28.920000 38.560000
492.221252 -0.070000 -0.020000 0.080000 -0.000000 0.020000 -1.840000 1.615198 -2.018997 0.000000 -28.920000 38.560000
492.250216 -0.250000 0.640000 0.190000 0.020000 0.020000 -1.820000 3.093003 -1.933426 0.000000 -23.080000 41.540000
492.288248 0.120000 -0.190000 0.040000 0.010000 0.010000 -1.820000 2.114501 -2.108158 0.000000 -28.920000 41.540000
492.323936 -0.460000 0.130000 -0.020000 0.010000 0.000000 -1.820000 4.037994 -1.586355 0.000000 -14.460000 38.560000
492.362119 -0.180000 0.100000 0.050000 -0.000000 0.010000 -1.810000 2.422796 -1.874783 0.000000 -24.100000 38.560000
492.391401 0.510000 0.050000 0.210000 0.010000 -0.010000 -1.860000 2.320590 -2.071357 0.000000 -27.690000 41.540000
492.422444 -0.060000 0.050000 -0.180000 0.030000 -0.000000 -1.790000 1.615198 -1.442141 0.000000 -19.280000 28.920000
492.450392 0.210000 -0.040000 -0.350000 0.020000 0.010000 -1.850000 1.546501 -1.657265 0.000000 -23.080000 32.310000
492.479707 -0.440000 0.110000 0.010000 -0.010000 0.020000 -1.840000 3.230395 -2.018997 0.000000 -24.100000 43.380000
492.517114 0.250000 -0.060000 0.260000 0.020000 -0.010000 -1.840000 3.230395 -1.730569 0.000000 -19.280000 38.560000
492.553177 0.280000 -0.200000 0.060000 0.020000 -0.010000 -1.910000 2.422796 -2.163211 0.000000 -28.920000 43.380000
492.590387 -0.410000 -0.060000 -0.300000 -0.020000 -0.010000 -1.830000 5.413592 -1.519035 0.000000 -9.230000 41.540000
492.620756 0.440000 -0.160000 -0.010000 0.010000 0.010000 -1.800000 2.422796 -2.163211 0.000000 -28.920000 43.380000
492.650298 0.160000 0.030000 -0.400000 0.020000 0.010000 -1.790000 1.615198 -2.018997 0.000000 -28.920000 38.560000
492.678152 -0.250000 0.010000 0.010000 0.020000 0.030000 -1.760000 0.774088 -2.347518 0.000000 -36.920000 41.540000
492.714202 -0.130000 0.080000 0.240000 0.020000 -0.040000 -1.730000 2.318914 -1.795196 0.000000 -23.080000 36.920000
492.747734 -0.500000 0.030000 0.040000 0.010000 0.010000 -1.660000 2.422796 -1.874783 0.000000 -24.100000 38.560000
492.786112 0.220000 0.100000 0.180000 0.020000 0.000000 -1.610000 2.422796 -1.874783 0.000000 -24.100000 38.560000
492.820946 0.070000 0.060000 -0.040000 0.020000 -0.020000 -1.650000 2.320590 -1.519035 0.000000 -18.460000 32.310000
492.849205 -0.080000 0.460000 0.030000 0.020000 0.000000 -1.630000 1.615198 -2.018997 0.000000 -28.920000 38.560000
492.884479 -0.200000 -0.670000 0.300000 0.020000 0.010000 -1.610000 2.422796 -1.874783 0.000000 -24.100000 38.560000
492.916872 0.050000 0.370000 0.040000 0.020000 0.010000 -1.680000 1.615198 -1.730569 0.000000 -24.100000 33.740000
492.951235 -0.000000 0.190000 0.030000 0.030000 0.000000 -1.630000 2.422796 -1.874783 0.000000 -24.100000 38.560000
492.986027 0.310000 -0.090000 -0.040000 0.010000 -0.020000 -1.650000 2.422796 -1.874783 0.000000 -24.100000 38.560000
493.026584 -0.790000 -0.360000 -0.350000 -0.010000 0.000000 -1.600000 3.865416 -1.519035 0.000000 -13.850000 36.920000
493.063037 0.390000 0.350000 -0.030000 0.010000 -0.000000 -1.630000 2.422796 -1.586355 0.000000 -19.280000 33.740000
493.093591 0.120000 -0.470000 0.390000 -0.000000 -0.020000 -1.710000 1.615198 -2.018997 0.000000 -28.920000 38.560000
493.129580 -0.290000 -0.060000 -0.330000 -0.010000 -0.010000 -1.720000 2.320590 -1.519035 0.000000 -18.460000 32.310000
493.163589 0.490000 0.060000 0.350000 0.010000 -0.020000 -1.670000 3.093003 -1.933426 0.000000 -23.080000 41.540000
493.201291 0.290000 0.220000 -0.160000 -0.010000 -0.030000 -1.720000 3.230395 -1.442141 0.000000 -14.460000 33.740000
493.230189 -0.400000 -0.250000 -0.390000 0.020000 -0.010000 -1.720000 1.615198 -2.018997 0.000000 -28.920000 38.560000
493.260926 0.010000 0.180000 0.050000 0.010000 -0.010000 -1.670000 3.093003 -1.933426 0.000000 -23.080000 41.540000
493.289702 0.620000 -0.000000 -0.050000 0.020000 -0.010000 -1.680000 1.615198 -2.307425 0.000000 -33.740000 43.380000
493.326240 -0.230000 -0.280000 0.070000 -0.010000 -0.030000 -1.700000 1.615198 -2.018997 0.000000 -28.920000 38.560000
493.363719 -0.240000 0.430000 0.200000 -0.000000 -0.000000 -1.690000 2.422796 -1.874783 0.000000 -24.100000 38.560000
493.399687 -0.150000 -0.290000 -0.500000 -0.020000 0.000000 -1.670000 2.955610 -1.681500 0.000000 -19.280000 36.920000
493.430307 -0.070000 0.100000 0.010000 -0.000000 -0.000000 -1.690000 2.422796 -1.874783 0.000000 -24.100000 38.560000
493.458641 -0.370000 -0.050000 0.640000 0.010000 -0.020000 -1.680000 1.546501 -1.933127 0.000000 -27.690000 36.920000
493.496021 -0.010000 -0.100000 -0.230000 -0.010000 0.010000 -1.670000 1.615198 -1.730569 0.000000 -24.100000 33.740000
493.529696 0.370000 0.020000 0.060000 0.010000 -0.010000 -1.650000 2.422796 -1.874783 0.000000 -24.100000 38.560000
493.567402 -0.120000 0.070000 0.240000 0.000000 -0.020000 -1.640000 2.318914 -1.795196 0.000000 -23.080000 36.920000
493.603105 0.120000 -0.120000 -0.320000 -0.010000 0.000000 -1.630000 2.318914 -1.795196 0.000000 -23.080000 36.920000
493.638911 -0.040000 0.050000 -0.350000 -0.000000 0.000000 -1.630000 2.422796 -1.586355 0.000000 -19.280000 33.740000
493.675796 -0.000000 -0.140000 0.450000 0.020000 -0.010000 -1.590000 0.807599 -2.163211 0.000000 -33.740000 38.560000
493.711718 -0.220000 0.030000 -0.030000 -0.010000 0.010000 -1.620000 3.093003 -1.656966 0.000000 -18.460000 36.920000
493.743118 0.180000 -0.370000 -0.130000 0.010000 0.030000 -1.660000 0.000000 -2.018997 0.000000 -33.740000 33.740000
493.773840 -0.030000 0.000000 -0.190000 -0.010000 -0.020000 -1.680000 2.422796 -1.874783 0.000000 -24.100000 38.560000
493.810759 0.010000 0.250000 0.340000 -0.000000 0.000000 -1.660000 0.807599 -1.874783 0.000000 -28.920000 33.740000
493.841852 0.170000 -0.220000 0.350000 -0.010000 -0.030000 -1.710000 2.318914 -1.795196 0.000000 -23.080000 36.920000
493.871865 -0.520000 0.260000 -0.050000 -0.030000 0.020000 -1.660000 4.037994 -1.586355 0.000000 -14.460000 38.560000
493.902732 0.460000 0.240000 -0.150000 -0.000000 -0.000000 -1.690000 1.546501 -1.933127 0.000000 -27.690000 36.920000
493.932323 -0.060000 -0.210000 0.180000 -0.000000 -0.010000 -1.710000 2.422796 -1.874783 0.000000 -24.100000 38.560000
493.963317 -0.130000 0.240000 -0.520000 -0.010000 -0.000000 -1.720000 4.845593 -1.442141 0.000000 -9.640000 38.560000
493.996882 -0.070000 -0.200000 0.240000 0.000000 0.010000 -1.700000 2.422796 -1.874783 0.000000 -24.100000 38.560000
494.036875 0.330000 0.280000 -0.200000 -0.020000 0.020000 -1.740000 2.320590 -2.071357 0.000000 -27.690000 41.540000
494.074171 -0.230000 -0.060000 0.100000 0.020000 -0.020000 -1.730000 1.615198 -2.018997 0.000000 -28.920000 38.560000
494.112031 -0.400000 0.010000 0.050000 -0.010000 -0.000000 -1.720000 2.422796 -1.874783 0.000000 -24.100000 38.560000
494.139821 0.420000 0.150000 -0.170000 0.010000 0.010000 -1.750000 1.546501 -1.933127 0.000000 -27.690000 36.920000
494.177445 -0.120000 -0.180000 0.150000 0.000000 -0.000000 -1.770000 2.318914 -1.795196 0.000000 -23.080000 36.920000
494.212861 -0.430000 0.100000 -0.320000 0.000000 0.010000 -1.720000 1.615198 -1.730569 0.000000 -24.100000 33.740000
494.248001 0.090000 -0.090000 0.240000 -0.010000 -0.010000 -1.710000 3.230395 -1.442141 0.000000 -14.460000 33.740000
494.287296 0.360000 0.220000 -0.170000 -0.010000 -0.000000 -1.770000 1.546501 -1.933127 0.000000 -27.690000 36.920000
494.322147 -0.210000 -0.090000 0.370000 0.000000 -0.030000 -1.700000 2.422796 -1.874783 0.000000 -24.100000 38.560000
494.361004 -0.000000 -0.050000 0.140000 -0.010000 0.010000 -1.670000 1.821286 -1.982195 0.000000 -27.690000 38.560000
494.393818 0.260000 -0.140000 -0.050000 -0.000000 0.010000 -1.700000 1.615198 -1.730569 0.000000 -24.100000 33.740000
494.427711 -0.160000 -0.280000 -0.050000 -0.000000 0.010000 -1.750000 1.615198 -2.018997 0.000000 -28.920000 38.560000
494.464510 0.140000 -0.070000 -0.350000 0.000000 0.010000 -1.740000 4.037994 -1.874783 0.000000 -19.280000 43.380000
494.501010 0.020000 -0.180000 -0.370000 -0.010000 0.020000 -1.790000 2.318914 -1.795196 0.000000 -23.080000 36.920000
494.531048 0.130000 0.080000 0.260000 0.010000 -0.000000 -1.810000 2.422796 -1.874783 0.000000 -24.100000 38.560000
494.570092 0.220000 -0.010000 0.010000 0.010000 -0.000000 -1.830000 0.000000 -2.307425 0.000000 -38.560000 38.560000
494.599236 -0.230000 -0.080000 -0.240000 -0.010000 -0.010000 -1.760000 2.320590 -2.071357 0.000000 -27.690000 41.540000
494.628153 -0.060000 0.130000 0.550000 0.010000 0.010000 -1.740000 2.320590 -2.071357 0.000000 -27.690000 41.540000
494.661067 0.200000 0.110000 -0.200000 0.000000 0.000000 -1.800000 1.615198 -2.018997 0.000000 -28.920000 38.560000
494.689559 -0.520000 -0.180000 0.050000 0.010000 -0.000000 -1.730000 1.615198 -2.018997 0.000000 -28.920000 38.560000
494.726108 0.440000 0.190000 -0.530000 0.020000 -0.020000 -1.760000 2.320590 -2.071357 0.000000 -27.690000 41.540000
494.760488 0.180000 -0.170000 -0.100000 0.000000 0.020000 -1.750000 2.422796 -1.874783 0.000000 -24.100000 38.560000
494.788449 0.050000 0.070000 0.420000 -0.010000 0.010000 -1.810000 2.422796 -1.874783 0.000000 -24.100000 38.560000
494.826122 -0.360000 -0.280000 -0.480000 0.010000 -0.010000 -1.730000 2.422796 -1.874783 0.000000 -24.100000 38.560000
494.862911 0.180000 0.160000 0.090000 -0.010000 0.030000 -1.750000 0.807599 -2.451639 0.000000 -38.560000 43.380000
494.894172 -0.080000 0.340000 0.180000 0.020000 -0.010000 -1.810000 1.615198 -2.018997 0.000000 -28.920000 38.560000
494.929999 -0.180000 -0.490000 -0.020000 0.010000 0.010000 -1.770000 2.318914 -1.795196 0.000000 -23.080000 36.920000
494.960491 -0.070000 0.370000 0.130000 -0.000000 0.010000 -1.770000 4.845593 -1.442141 0.000000 -9.640000 38.560000
494.990901 -0.270000 -0.050000 0.190000 0.020000 -0.010000 -1.760000 1.615198 -1.730569 0.000000 -24.100000 33.740000
495.019411 0.110000 0.300000 -0.210000 0.000000 -0.010000 -1.770000 3.093003 -1.933426 0.000000 -23.080000 41.540000
495.054249 -0.280000 -0.320000 -0.020000 0.020000 0.010000 -1.770000 3.093003 -1.933426 0.000000 -23.080000 41.540000
495.087512 0.180000 0.120000 -0.080000 0.010000 -0.020000 -1.780000 3.230395 -2.018997 0.000000 -24.100000 43.380000
495.125451 0.440000 0.090000 -0.110000 0.020000 0.010000 -1.800000 0.807599 -2.451639 0.000000 -38.560000 43.380000
495.162272 0.000000 -0.430000 -0.030000 -0.000000 -0.000000 -1.790000 2.318914 -1.795196 0.000000 -23.080000 36.920000
495.191013 0.060000 0.350000 0.010000 0.010000 -0.030000 -1.790000 3.230395 -2.018997 0.000000 -24.100000 43.380000
495.222586 0.160000 -0.060000 0.180000 0.010000 -0.020000 -1.820000 2.422796 -1.874783 0.000000 -24.100000 38.560000
495.253091 0.250000 0.080000 0.120000 -0.020000 0.010000 -1.830000 3.230395 -2.018997 0.000000 -24.100000 43.380000
495.285235 -0.010000 -0.140000 0.120000 0.030000 -0.000000 -1.780000 2.318914 -1.795196 0.000000 -23.080000 36.920000
495.321495 -0.560000 -0.250000 0.640000 -0.010000 -0.010000 -1.740000 4.037994 -1.874783 0.000000 -19.280000 43.380000
495.352217 0.140000 0.440000 -0.480000 0.020000 0.010000 -1.740000 2.318914 -1.795196 0.000000 -23.080000 36.920000
495.383288 -0.200000 -0.310000 0.130000 0.010000 -0.020000 -1.750000 2.422796 -1.874783 0.000000 -24.100000 38.560000
495.419768 -0.160000 0.240000 -0.070000 0.000000 0.020000 -1.710000 1.615198 -2.018997 0.000000 -28.920000 38.560000
495.448722 0.360000 0.510000 0.100000 0.030000 -0.020000 -1.730000 -0.807599 -2.451639 0.000000 -43.380000 38.560000
495.487423 -0.040000 -0.170000 -0.040000 -0.000000 -0.010000 -1.730000 2.320590 -0.966713 0.000000 -9.230000 23.080000
495.524199 0.230000 -0.130000 -0.250000 0.020000 0.000000 -1.710000 3.230395 -2.018997 0.000000 -24.100000 43.380000
495.559812 0.110000 0.370000 0.240000 0.020000 0.000000 -1.720000 3.230395 -1.730569 0.000000 -19.280000 38.560000
495.598233 0.500000 -0.320000 -0.110000 0.010000 0.010000 -1.770000 2.318914 -1.795196 0.000000 -23.080000 36.920000
495.632715 -0.300000 0.040000 -0.220000 -0.010000 -0.020000 -1.730000 3.763209 -1.537286 0.000000 -14.460000 36.920000
495.670582 -0.050000 -0.150000 0.530000 0.000000 0.000000 -1.670000 1.615198 -2.018997 0.000000 -28.920000 38.560000
495.700943 -0.010000 -0.060000 -0.180000 -0.000000 -0.020000 -1.690000 4.037994 -1.297927 0.000000 -9.640000 33.740000
495.737872 -0.380000 0.060000 -0.350000 0.000000 0.010000 -1.680000 3.867091 -1.242874 0.000000 -9.230000 32.310000
495.775944 0.020000 -0.320000 0.190000 -0.000000 0.010000 -1.700000 2.422796 -1.874783 0.000000 -24.100000 38.560000
495.808904 0.430000 0.350000 -0.070000 0.010000 0.000000 -1.740000 2.318914 -1.795196 0.000000 -23.080000 36.920000
495.847516 -0.660000 -0.300000 -0.220000 0.000000 0.010000 -1.780000 1.615198 -2.018997 0.000000 -28.920000 38.560000
495.883326 0.150000 0.380000 0.220000 -0.000000 0.010000 -1.760000 2.422796 -1.874783 0.000000 -24.100000 38.560000
495.916844 0.090000 -0.090000 0.200000 -0.010000 0.010000 -1.750000 3.230395 -2.018997 0.000000 -24.100000 43.380000
495.954810 0.150000 0.160000 -0.020000 -0.000000 0.000000 -1.740000 3.865416 -1.519035 0.000000 -13.850000 36.920000
495.988688 -0.160000 -0.080000 0.130000 -0.020000 0.010000 -1.690000 1.615198 -2.307425 0.000000 -33.740000 43.380000
496.025060 0.010000 -0.080000 -0.190000 -0.000000 -0.020000 -1.680000 2.422796 -1.874783 0.000000 -24.100000 38.560000
496.058280 0.120000 -0.110000 0.400000 0.020000 0.000000 -1.650000 1.546501 -1.933127 0.000000 -27.690000 36.920000
496.094907 -0.340000 0.100000 0.040000 -0.010000 -0.000000 -1.620000 3.093003 -1.933426 0.000000 -23.080000 41.540000
496.132554 0.320000 -0.070000 -0.180000 0.020000 0.030000 -1.600000 0.000000 -2.307425 0.000000 -38.560000 38.560000
496.163418 0.310000 -0.290000 -0.210000 -0.010000 0.010000 -1.630000 5.653191 -1.297927 0.000000 -4.820000 38.560000
496.201202 0.420000 0.530000 0.360000 0.020000 0.020000 -1.670000 2.320590 -1.519035 0.000000 -18.460000 32.310000
496.232311 -0.360000 -0.250000 -0.060000 0.010000 -0.010000 -1.710000 2.422796 -1.874783 0.000000 -24.100000 38.560000
496.262949 -0.250000 0.300000 0.030000 -0.010000 0.020000 -1.760000 0.807599 -2.163211 0.000000 -33.740000 38.560000
496.293225 0.430000 0.000000 0.170000 0.010000 -0.020000 -1.760000 2.422796 -1.874783 0.000000 -24.100000 38.560000
496.330425 -0.050000 0.170000 -0.270000 0.000000 -0.010000 -1.770000 3.230395 -2.018997 0.000000 -24.100000 43.380000
496.360881 -0.150000 -0.030000 -0.110000 -0.010000 -0.030000 -1.740000 0.807599 -2.451639 0.000000 -38.560000 43.380000
496.390571 -0.170000 -0.320000 0.550000 -0.020000 -0.010000 -1.760000 2.318914 -1.795196 0.000000 -23.080000 36.920000
496.419842 0.280000 0.070000 -0.320000 0.010000 -0.040000 -1.750000 4.037994 -1.586355 0.000000 -14.460000 38.560000
496.457812 -0.240000 -0.420000 -0.360000 0.010000 0.010000 -1.820000 3.230395 -2.018997 0.000000 -24.100000 43.380000
496.496128 -0.320000 0.190000 0.200000 0.010000 -0.000000 -1.830000 3.093003 -1.933426 0.000000 -23.080000 41.540000
496.529463 0.610000 -0.190000 -0.090000 0.010000 -0.000000 -1.870000 1.546501 -2.209587 0.000000 -32.310000 41.540000
496.563688 -0.200000 0.190000 0.030000 0.010000 0.000000 -1.860000 3.232071 -2.307724 0.000000 -28.920000 48.210000
496.596640 -0.150000 0.010000 -0.110000 0.000000 0.010000 -1.920000 2.422796 -2.163211 0.000000 -28.920000 43.380000
496.630919 -0.160000 -0.060000 0.360000 -0.010000 0.010000 -1.930000 4.639504 -1.657265 0.000000 -13.850000 41.540000
496.660773 0.310000 0.290000 -0.290000 0.030000 -0.000000 -1.880000 2.422796 -2.163211 0.000000 -28.920000 43.380000
496.689469 -0.120000 -0.020000 -0.100000 0.020000 -0.010000 -1.900000 3.230395 -2.018997 0.000000 -24.100000 43.380000
496.723067 -0.630000 0.100000 0.300000 0.000000 -0.020000 -1.810000 0.000000 -1.730569 0.000000 -28.920000 28.920000
496.758432 0.070000 -0.040000 0.100000 -0.000000 -0.010000 -1.760000 3.694513 -2.101875 0.000000 -24.100000 46.150000
496.793175 0.270000 0.110000 0.040000 0.000000 -0.040000 -1.810000 2.422796 -2.163211 0.000000 -28.920000 43.380000
496.831186 -0.320000 -0.070000 -0.240000 -0.000000 -0.020000 -1.770000 0.774088 -1.795196 0.000000 -27.690000 32.310000
496.866796 0.090000 -0.160000 0.140000 0.000000 -0.020000 -1.760000 2.422796 -1.874783 0.000000 -24.100000 38.560000
496.903621 -0.090000 0.080000 -0.260000 -0.010000 -0.010000 -1.660000 0.807599 -1.586355 0.000000 -24.100000 28.920000
496.936605 0.500000 -0.060000 0.000000 0.000000 -0.000000 -1.730000 3.093003 -1.933426 0.000000 -23.080000 41.540000
496.973959 -0.370000 -0.150000 0.080000 0.000000 -0.020000 -1.710000 4.639504 -1.380805 0.000000 -9.230000 36.920000
497.006867 0.440000 0.070000 -0.150000 0.020000 0.000000 -1.700000 2.422796 -1.874783 0.000000 -24.100000 38.560000
497.042303 -0.210000 0.150000 -0.070000 0.000000 -0.030000 -1.720000 2.422796 -2.163211 0.000000 -28.920000 43.380000
497.071524 -0.410000 0.050000 0.230000 0.010000 -0.020000 -1.670000 0.000000 -1.656966 0.000000 -27.690000 27.690000
497.101608 -0.020000 -0.040000 0.260000 -0.010000 0.010000 -1.660000 4.037994 -1.586355 0.000000 -14.460000 38.560000
497.131603 0.140000 0.130000 -0.470000 -0.010000 0.020000 -1.650000 1.615198 -2.018997 0.000000 -28.920000 38.560000
497.161954 0.110000 -0.140000 -0.080000 0.010000 -0.010000 -1.700000 2.422796 -1.874783 0.000000 -24.100000 38.560000
497.190567 -0.140000 -0.110000 0.080000 -0.020000 0.020000 -1.730000 0.774088 -1.795196 0.000000 -27.690000 32.310000
497.223497 0.640000 0.150000 0.000000 0.000000 -0.000000 -1.800000 3.230395 -2.018997 0.000000 -24.100000 43.380000
497.258622 -0.020000 -0.380000 0.210000 -0.020000 -0.010000 -1.780000 1.546501 -1.933127 0.000000 -27.690000 36.920000
497.293039 0.080000 0.290000 -0.280000 0.000000 0.010000 -1.760000 1.615198 -2.018997 0.000000 -28.920000 38.560000
497.326576 -0.060000 -0.240000 0.180000 0.000000 0.010000 -1.790000 3.230395 -2.018997 0.000000 -24.100000 43.380000
497.363463 -0.130000 0.370000 -0.160000 0.000000 0.010000 -1.810000 1.615198 -2.018997 0.000000 -28.920000 38.560000
497.401131 -0.140000 0.170000 0.140000 0.020000 0.000000 -1.780000 2.320590 -2.071357 0.000000 -27.690000 41.540000
497.434833 -0.180000 -0.070000 0.220000 -0.010000 0.020000 -1.790000 1.615198 -2.018997 0.000000 -28.920000 38.560000
497.473111 -0.180000 0.390000 0.230000 -0.000000 0.020000 -1.780000 2.422796 -1.874783 0.000000 -24.100000 38.560000
497.511667 0.210000 -0.310000 -0.130000 -0.010000 -0.020000 -1.750000 2.318914 -1.795196 0.000000 -23.080000 36.920000
497.542041 -0.420000 0.300000 0.050000 -0.010000 0.010000 -1.740000 1.546501 -1.933127 0.000000 -27.690000 36.920000
497.571193 0.490000 -0.130000 0.000000 -0.010000 0.020000 -1.740000 0.000000 -2.307425 0.000000 -38.560000 38.560000
497.602284 -0.070000 0.050000 -0.240000 -0.010000 0.020000 -1.740000 2.422796 -1.874783 0.000000 -24.100000 38.560000
497.631865 -0.030000 -0.140000 0.100000 0.000000 -0.000000 -1.690000 3.865416 -1.519035 0.000000 -13.850000 36.920000
497.660872 -0.180000 -0.360000 -0.300000 -0.000000 -0.000000 -1.660000 1.615198 -2.018997 0.000000 -28.920000 38.560000
497.692050 0.070000 -0.010000 -0.320000 -0.010000 0.020000 -1.600000 2.593699 -1.844264 0.000000 -23.080000 38.560000
497.720518 0.570000 -0.050000 -0.060000 0.020000 0.010000 -1.650000 2.422796 -1.874783 0.000000 -24.100000 38.560000
497.750760 -0.190000 -0.270000 0.120000 -0.010000 0.010000 -1.620000 1.615198 -1.730569 0.000000 -24.100000 33.740000
497.779915 -0.240000 0.290000 0.060000 -0.020000 -0.020000 -1.650000 2.422796 -1.874783 0.000000 -24.100000 38.560000
497.815568 -0.210000 0.140000 0.030000 0.000000 0.010000 -1.630000 1.546501 -1.657265 0.000000 -23.080000 32.310000
497.851320 0.430000 -0.020000 0.100000 -0.000000 -0.010000 -1.690000 1.615198 -1.730569 0.000000 -24.100000 33.740000
497.883284 -0.390000 -0.130000 -0.180000 -0.020000 -0.000000 -1.610000 2.422796 -1.874783 0.000000 -24.100000 38.560000
497.919013 -0.150000 0.160000 0.310000 0.020000 -0.020000 -1.640000 1.546501 -1.933127 0.000000 -27.690000 36.920000
497.954520 0.020000 -0.010000 0.000000 0.010000 0.000000 -1.710000 0.774088 -1.795196 0.000000 -27.690000 32.310000
497.991592 -0.060000 -0.170000 -0.110000 0.000000 0.020000 -1.700000 3.230395 -1.730569 0.000000 -19.280000 38.560000
498.022524 -0.220000 0.130000 0.010000 0.000000 0.010000 -1.680000 2.422796 -1.874783 0.000000 -24.100000 38.560000
498.058421 -0.280000 -0.090000 -0.010000 0.000000 0.030000 -1.690000 1.546501 -1.380805 0.000000 -18.460000 27.690000
498.092450 0.140000 0.020000 0.070000 0.020000 0.010000 -1.690000 2.422796 -1.874783 0.000000 -24.100000 38.560000
498.123136 0.150000 -0.380000 0.000000 0.000000 0.000000 -1.700000 2.422796 -1.874783 0.000000 -24.100000 38.560000
498.155725 0.070000 0.400000 -0.280000 0.010000 0.010000 -1.720000 0.807599 -2.163211 0.000000 -33.740000 38.560000
498.194280 -0.100000 -0.150000 0.060000 0.020000 -0.010000 -1.750000 4.845593 -1.442141 0.000000 -9.640000 38.560000
498.230781 -0.460000 0.190000 0.280000 -0.010000 0.010000 -1.750000 2.422796 -1.874783 0.000000 -24.100000 38.560000
498.262294 0.590000 -0.170000 0.090000 0.030000 0.000000 -1.700000 2.318914 -1.795196 0.000000 -23.080000 36.920000
498.292614 0.020000 0.030000 -0.020000 0.000000 0.000000 -1.700000 2.422796 -1.874783 0.000000 -24.100000 38.560000
498.321043 -0.030000 0.160000 -0.130000 0.010000 -0.020000 -1.680000 1.615198 -1.442141 0.000000 -19.280000 28.920000
498.351325 0.020000 -0.070000 -0.550000 -0.010000 0.000000 -1.680000 2.318914 -1.795196 0.000000 -23.080000 36.920000
498.382493 0.070000 -0.110000 0.040000 0.030000 -0.000000 -1.670000 1.546501 -1.933127 0.000000 -27.690000 36.920000
498.412468 0.190000 -0.280000 -0.390000 0.000000 -0.000000 -1.730000 2.422796 -1.874783 0.000000 -24.100000 38.560000
498.442793 0.100000 -0.080000 -0.010000 0.010000 0.010000 -1.760000 3.230395 -1.730569 0.000000 -19.280000 38.560000
498.472432 0.290000 -0.030000 0.110000 0.010000 0.010000 -1.770000 1.546501 -2.209587 0.000000 -32.310000 41.540000
498.501973 -0.110000 -0.350000 -0.300000 0.000000 -0.010000 -1.680000 1.615198 -2.018997 0.000000 -28.920000 38.560000
498.532794 0.030000 0.080000 0.130000 0.000000 0.020000 -1.670000 2.422796 -1.874783 0.000000 -24.100000 38.560000
498.562555 0.280000 0.270000 -0.050000 0.020000 0.000000 -1.680000 2.422796 -1.874783 0.000000 -24.100000 38.560000
498.601155 0.250000 -0.420000 0.140000 0.010000 0.020000 -1.720000 1.546501 -1.933127 0.000000 -27.690000 36.920000
498.629528 -0.420000 -0.080000 0.220000 0.000000 -0.010000 -1.710000 4.845593 -1.442141 0.000000 -9.640000 38.560000
498.665747 -0.070000 0.380000 0.280000 0.020000 0.010000 -1.670000 0.774088 -1.795196 0.000000 -27.690000 32.310000
498.703860 -0.210000 -0.080000 0.050000 -0.010000 -0.010000 -1.740000 0.807599 -2.163211 0.000000 -33.740000 38.560000
498.737770 -0.090000 0.110000 -0.350000 0.030000 -0.000000 -1.690000 2.422796 -1.874783 0.000000 -24.100000 38.560000
498.774912 -0.310000 0.210000 0.410000 0.010000 -0.010000 -1.690000 -0.807599 -2.451639 0.000000 -43.380000 38.560000
498.810201 -0.160000 0.040000 0.290000 0.010000 -0.010000 -1.710000 3.867091 -1.795196 0.000000 -18.460000 41.540000
498.848029 0.120000 -0.200000 0.030000 -0.010000 -0.010000 -1.750000 2.422796 -1.874783 0.000000 -24.100000 38.560000
498.881479 -0.020000 -0.050000 0.300000 0.000000 -0.010000 -1.670000 1.615198 -1.730569 0.000000 -24.100000 33.740000
498.915895 0.240000 -0.030000 -0.080000 -0.000000 -0.010000 -1.710000 3.093003 -1.933426 0.000000 -23.080000 41.540000
498.954839 0.020000 0.030000 -0.210000 0.010000 -0.010000 -1.740000 2.148012 -1.825714 0.000000 -24.100000 36.920000
498.990994 -0.110000 -0.160000 0.290000 -0.020000 0.000000 -1.680000 3.230395 -2.018997 0.000000 -24.100000 43.380000
499.029917 0.200000 0.170000 -0.250000 0.010000 -0.010000 -1.680000 2.422796 -1.874783 0.000000 -24.100000 38.560000
