643.737694 0.040000 0.000000 -9.930000 0.000000 0.000000 -0.000000 0.000000 0.000000 0.000000 0.000000 0.000000
643.777402 0.060000 -0.050000 -8.840000 -0.000000 -0.000000 0.000000 0.000000 0.000000 0.000000 0.000000 0.000000
643.817294 -0.020000 0.070000 -7.770000 0.010000 0.000000 -0.000000 0.000000 0.000000 0.000000 0.000000 0.000000
643.852573 0.100000 -0.040000 -6.560000 -0.000000 0.000000 0.010000 0.807599 -0.144214 0.000000 0.000000 4.820000
643.880862 0.290000 0.970000 -5.490000 -0.010000 0.010000 -0.070000 2.422796 -0.144214 0.000000 4.820000 9.640000
643.909632 -0.330000 1.090000 -4.660000 -0.020000 -0.020000 0.070000 3.867091 0.138230 0.000000 13.850000 9.230000
643.947694 -0.130000 0.410000 -3.620000 0.000000 -0.000000 -0.000000 5.653191 0.144214 0.000000 19.280000 14.460000
643.984354 0.030000 0.400000 -2.620000 0.030000 -0.020000 -0.020000 9.691185 0.000000 0.000000 28.920000 28.920000
644.020582 0.140000 0.020000 -0.620000 -0.000000 0.010000 -0.000000 11.306383 0.000000 0.000000 33.740000 33.740000
644.051862 -0.470000 -0.290000 -0.270000 0.080000 -0.000000 -0.000000 12.921580 0.000000 0.000000 38.560000 38.560000
644.081046 -0.480000 -0.080000 0.580000 -0.020000 0.010000 -0.010000 16.155326 0.000000 0.000000 48.210000 48.210000
644.111239 -0.030000 -0.160000 0.120000 -0.070000 0.000000 0.010000 17.013190 0.000000 0.000000 50.770000 50.770000
644.140124 -0.350000 -0.430000 0.500000 0.020000 0.020000 -0.010000 19.385721 0.000000 0.000000 57.850000 57.850000
644.169937 -0.280000 -0.120000 0.720000 0.000000 -0.050000 0.030000 21.808517 -0.144214 0.000000 62.670000 67.490000
644.207367 -0.080000 -1.310000 -0.390000 0.100000 -0.050000 0.040000 21.654370 0.000000 0.000000 64.620000 64.620000
644.244498 0.210000 0.020000 0.300000 0.030000 0.010000 0.030000 21.654370 0.000000 0.000000 64.620000 64.620000
644.282291 0.150000 -0.750000 1.080000 -0.040000 -0.040000 -0.010000 25.038912 0.144214 0.000000 77.130000 72.310000
644.310246 -0.110000 0.080000 -0.600000 -0.040000 0.010000 -0.020000 25.846511 0.000000 0.000000 77.130000 77.130000
644.349184 0.010000 -0.630000 -0.220000 -0.040000 -0.040000 0.050000 24.747373 0.000000 0.000000 73.850000 73.850000
644.377512 0.340000 0.980000 -0.420000 -0.140000 0.030000 -0.030000 26.654110 -0.144214 0.000000 77.130000 81.950000
644.415003 0.210000 -0.490000 -1.560000 -0.000000 -0.080000 0.010000 25.846511 0.000000 0.000000 77.130000 77.130000
644.452039 0.270000 0.340000 -0.690000 0.190000 0.040000 -0.040000 27.461709 0.000000 0.000000 81.950000 81.950000
644.482214 -0.070000 -0.050000 0.210000 0.090000 -0.020000 0.040000 26.292198 0.000000 0.000000 78.460000 78.460000
644.512368 -0.030000 0.050000 1.720000 -0.020000 -0.020000 0.020000 28.269307 0.432642 0.000000 91.590000 77.130000
644.541021 -0.230000 -0.140000 0.320000 0.030000 -0.010000 -0.050000 27.840375 0.000000 0.000000 83.080000 83.080000
644.569325 0.600000 0.910000 -1.320000 0.050000 0.010000 0.110000 27.461709 0.000000 0.000000 81.950000 81.950000
644.604774 0.660000 -0.220000 0.710000 0.090000 0.110000 -0.090000 27.461709 0.288428 0.000000 86.770000 77.130000
644.640626 -0.350000 -0.640000 2.000000 -0.040000 -0.010000 0.030000 28.269307 -0.144214 0.000000 81.950000 86.770000
644.668356 0.640000 0.980000 -0.760000 -0.120000 0.010000 0.010000 27.840375 0.000000 0.000000 83.080000 83.080000
644.704947 -0.390000 -0.050000 -1.600000 -0.010000 -0.110000 -0.060000 29.076906 0.000000 0.000000 86.770000 86.770000
644.738676 -0.190000 -0.430000 0.800000 0.060000 0.030000 0.020000 29.076906 0.000000 0.000000 86.770000 86.770000
644.774306 -0.190000 -0.130000 0.550000 -0.030000 -0.010000 -0.050000 27.840375 0.000000 0.000000 83.080000 83.080000
644.810179 -0.730000 -0.640000 0.450000 -0.200000 0.020000 0.050000 28.458641 0.110405 0.000000 86.770000 83.080000
644.838056 0.050000 0.530000 -1.850000 0.030000 -0.070000 -0.070000 29.884505 -0.144214 0.000000 86.770000 91.590000
644.873934 0.140000 -0.560000 -0.900000 0.200000 0.030000 0.020000 28.269307 0.144214 0.000000 86.770000 81.950000
644.912051 -0.580000 -0.520000 1.950000 -0.060000 -0.050000 0.050000 27.066287 0.138230 0.000000 83.080000 78.460000
644.941281 0.310000 0.690000 -1.090000 -0.070000 0.050000 -0.100000 29.884505 -0.144214 0.000000 86.770000 91.590000
644.968520 0.580000 -0.420000 -2.560000 0.190000 0.100000 0.010000 28.612788 0.137931 0.000000 87.690000 83.080000
645.006027 0.360000 -0.080000 1.960000 0.120000 -0.010000 0.010000 28.269307 -0.144214 0.000000 81.950000 86.770000
645.040226 -0.710000 -0.100000 0.760000 -0.130000 0.050000 -0.030000 29.076906 0.000000 0.000000 86.770000 86.770000
645.078707 0.890000 0.370000 -2.550000 0.020000 -0.040000 0.010000 29.076906 0.000000 0.000000 86.770000 86.770000
645.113133 0.310000 -0.080000 -1.500000 0.130000 0.040000 0.100000 28.612788 0.137931 0.000000 87.690000 83.080000
645.145283 -0.100000 -0.490000 3.360000 0.070000 -0.130000 0.010000 29.076906 0.000000 0.000000 86.770000 86.770000
645.180314 -0.130000 0.480000 1.180000 -0.000000 0.010000 -0.040000 29.884505 0.144214 0.000000 91.590000 86.770000
645.211430 -0.170000 0.190000 -1.320000 0.050000 -0.090000 0.090000 27.840375 0.000000 0.000000 83.080000 83.080000
645.240896 0.310000 0.490000 1.380000 0.070000 -0.030000 -0.090000 27.840375 0.000000 0.000000 83.080000 83.080000
645.268804 -0.550000 -0.330000 2.510000 -0.090000 0.000000 -0.000000 29.076906 0.000000 0.000000 86.770000 86.770000
645.308465 -0.230000 1.140000 -0.830000 -0.210000 -0.040000 0.060000 29.076906 0.000000 0.000000 86.770000 86.770000
645.345292 0.290000 0.140000 -3.670000 0.140000 0.110000 -0.060000 27.840375 0.000000 0.000000 83.080000 83.080000
645.379210 -0.130000 -0.840000 2.160000 0.080000 0.010000 0.020000 29.076906 0.000000 0.000000 86.770000 86.770000
645.409073 0.380000 0.490000 -0.420000 -0.100000 -0.030000 0.050000 29.076906 0.000000 0.000000 86.770000 86.770000
645.439897 0.090000 1.360000 -1.380000 -0.090000 -0.010000 -0.040000 27.461709 0.000000 0.000000 81.950000 81.950000
645.475650 0.080000 -0.900000 -0.640000 0.130000 0.100000 0.050000 29.884505 -0.144214 0.000000 86.770000 91.590000
645.509980 -0.090000 -0.490000 2.050000 0.140000 0.030000 -0.040000 29.884505 0.144214 0.000000 91.590000 86.770000
645.550307 -0.920000 -0.320000 -0.170000 -0.170000 -0.040000 0.070000 27.840375 0.000000 0.000000 83.080000 83.080000
645.579433 0.580000 0.320000 -1.690000 0.010000 -0.120000 -0.040000 27.461709 0.000000 0.000000 81.950000 81.950000
645.616322 0.090000 -0.350000 0.920000 0.130000 -0.010000 -0.070000 29.076906 0.000000 0.000000 86.770000 86.770000
645.652898 -0.000000 0.090000 1.390000 -0.090000 -0.050000 -0.000000 27.840375 0.000000 0.000000 83.080000 83.080000
645.683832 -0.440000 -0.410000 0.200000 -0.140000 0.020000 -0.060000 27.066287 -0.138230 0.000000 78.460000 83.080000
645.720200 -0.500000 0.150000 -1.730000 0.060000 -0.050000 0.080000 29.884505 0.144214 0.000000 91.590000 86.770000
645.749857 0.820000 0.300000 -0.630000 0.100000 0.010000 -0.040000 27.461709 -0.288428 0.000000 77.130000 86.770000
645.787932 -0.380000 -0.610000 2.530000 -0.030000 -0.070000 0.010000 27.066287 -0.138230 0.000000 78.460000 83.080000
645.824957 -0.660000 -0.220000 0.100000 -0.040000 -0.030000 0.110000 29.884505 0.144214 0.000000 91.590000 86.770000
645.861971 0.310000 1.100000 -1.890000 0.040000 -0.020000 0.010000 29.884505 -0.144214 0.000000 86.770000 91.590000
645.890887 0.510000 -0.750000 -0.350000 0.070000 0.120000 0.020000 27.461709 0.000000 0.000000 81.950000 81.950000
645.927291 -0.200000 -0.260000 2.450000 -0.030000 0.040000 -0.080000 28.269307 -0.144214 0.000000 81.950000 86.770000
645.963257 -0.260000 -0.290000 -1.220000 -0.240000 -0.040000 0.110000 29.076906 0.000000 0.000000 86.770000 86.770000
645.992290 0.530000 0.680000 -1.820000 0.010000 -0.070000 -0.030000 27.840375 0.000000 0.000000 83.080000 83.080000
646.030450 -0.280000 -0.880000 1.050000 0.090000 0.030000 -0.010000 28.269307 -0.144214 0.000000 81.950000 86.770000
646.059333 -0.360000 0.630000 0.710000 -0.090000 -0.020000 0.080000 29.076906 0.000000 0.000000 86.770000 86.770000
646.095072 -0.230000 1.130000 -0.420000 -0.150000 -0.010000 -0.020000 27.840375 0.000000 0.000000 83.080000 83.080000
646.130373 -0.090000 -1.210000 -1.580000 0.140000 0.090000 0.000000 27.840375 0.000000 0.000000 83.080000 83.080000
646.158428 0.600000 0.130000 2.270000 0.170000 -0.000000 0.010000 29.076906 0.000000 0.000000 86.770000 86.770000
646.195105 -0.660000 -0.030000 0.900000 -0.110000 -0.040000 -0.030000 29.076906 0.000000 0.000000 86.770000 86.770000
646.230309 0.560000 0.370000 -2.330000 0.030000 -0.110000 0.020000 27.840375 0.000000 0.000000 83.080000 83.080000
646.259614 0.560000 -0.480000 -0.020000 0.150000 0.050000 -0.090000 29.884505 -0.144214 0.000000 86.770000 91.590000
646.292523 -0.670000 -0.240000 2.870000 -0.040000 -0.050000 0.080000 29.076906 0.000000 0.000000 86.770000 86.770000
646.328301 0.220000 0.350000 -0.410000 -0.160000 0.040000 -0.090000 27.461709 0.000000 0.000000 81.950000 81.950000
646.363641 0.330000 -0.430000 -2.820000 0.070000 -0.030000 0.020000 27.840375 0.000000 0.000000 83.080000 83.080000
646.396927 0.850000 0.350000 0.080000 0.150000 0.030000 0.110000 29.076906 0.000000 0.000000 86.770000 86.770000
646.432242 -0.350000 -0.640000 3.450000 0.020000 -0.060000 -0.100000 27.840375 0.000000 0.000000 83.080000 83.080000
646.465398 -0.740000 -0.540000 -0.760000 -0.060000 -0.030000 0.030000 28.269307 -0.144214 0.000000 81.950000 86.770000
646.503720 0.290000 1.070000 -0.020000 0.090000 -0.060000 -0.000000 29.076906 0.000000 0.000000 86.770000 86.770000
646.536325 -0.060000 -0.340000 0.370000 0.070000 0.090000 -0.020000 27.651042 0.033810 0.000000 83.080000 81.950000
646.573115 0.200000 0.690000 1.570000 -0.020000 -0.050000 0.020000 28.612788 -0.137931 0.000000 83.080000 87.690000
646.606949 -0.450000 -0.130000 -0.650000 -0.130000 -0.000000 0.010000 29.076906 0.000000 0.000000 86.770000 86.770000
646.642087 -0.040000 0.040000 -2.320000 0.010000 -0.030000 0.070000 29.076906 0.000000 0.000000 86.770000 86.770000
646.671268 -0.290000 -0.000000 0.380000 0.050000 -0.010000 -0.060000 28.612788 -0.137931 0.000000 83.080000 87.690000
646.707830 -0.230000 -0.300000 1.360000 -0.040000 -0.030000 0.050000 29.076906 0.000000 0.000000 86.770000 86.770000
646.744497 0.330000 0.770000 -0.700000 -0.270000 0.050000 -0.030000 29.076906 0.000000 0.000000 86.770000 86.770000
646.782436 0.040000 -0.560000 -3.840000 0.070000 0.060000 -0.010000 27.461709 0.000000 0.000000 81.950000 81.950000
646.810906 0.080000 -0.330000 1.430000 0.200000 0.010000 0.070000 28.612788 -0.137931 0.000000 83.080000 87.690000
646.846415 -0.300000 0.230000 1.570000 -0.130000 -0.030000 -0.100000 29.076906 0.000000 0.000000 86.770000 86.770000
646.881452 -0.390000 -0.560000 -1.750000 -0.060000 -0.200000 0.010000 27.840375 0.000000 0.000000 83.080000 83.080000
646.909152 0.450000 -0.110000 0.820000 0.120000 -0.050000 -0.070000 27.461709 0.000000 0.000000 81.950000 81.950000
646.942063 -0.080000 -0.090000 2.090000 -0.020000 -0.060000 0.000000 29.076906 0.000000 0.000000 86.770000 86.770000
646.972180 -0.370000 -0.560000 0.150000 -0.170000 0.010000 0.040000 29.884505 0.144214 0.000000 91.590000 86.770000
647.007101 0.360000 -0.170000 -2.730000 0.170000 0.040000 -0.030000 27.840375 0.000000 0.000000 83.080000 83.080000
647.043452 0.080000 0.260000 0.600000 0.120000 0.020000 0.120000 29.076906 0.000000 0.000000 86.770000 86.770000
647.076913 0.190000 0.000000 0.960000 0.040000 0.050000 -0.090000 28.269307 -0.144214 0.000000 81.950000 86.770000
647.111874 0.220000 0.090000 -1.210000 0.020000 -0.000000 0.000000 25.519785 -0.414391 0.000000 69.230000 83.080000
647.142473 0.570000 0.100000 -0.210000 -0.010000 -0.060000 -0.080000 21.652694 -0.828483 0.000000 50.770000 78.460000
647.172487 -0.610000 -0.530000 -1.270000 0.130000 0.050000 -0.050000 23.423715 -0.432642 0.000000 62.670000 77.130000
647.201654 0.890000 -0.660000 -0.610000 0.090000 0.120000 -0.350000 20.193320 -0.721070 0.000000 48.210000 72.310000
647.230364 0.150000 0.090000 0.130000 0.030000 0.010000 -0.410000 18.559692 -0.828483 0.000000 41.540000 69.230000
647.259024 0.040000 -0.230000 1.600000 -0.040000 -0.010000 -0.600000 16.153651 -0.865584 0.000000 33.740000 62.670000
647.294790 -0.230000 0.060000 -0.200000 0.020000 -0.010000 -0.690000 12.115657 -1.298226 0.000000 14.460000 57.850000
647.328526 0.260000 0.100000 -0.350000 -0.060000 -0.040000 -0.910000 10.500459 -1.298226 0.000000 9.640000 53.030000
647.366388 -0.690000 0.230000 0.570000 0.020000 -0.040000 -0.970000 8.077663 -1.442440 0.000000 0.000000 48.210000
647.401533 -0.190000 0.180000 0.160000 0.040000 -0.030000 -1.080000 8.077663 -1.442440 0.000000 0.000000 48.210000
647.429128 0.130000 0.180000 -0.010000 -0.030000 0.030000 -1.200000 6.186005 -1.381104 0.000000 -4.620000 41.540000
647.466085 0.640000 0.790000 -0.090000 0.020000 -0.000000 -1.280000 5.653191 -1.297927 0.000000 -4.820000 38.560000
647.499069 -0.880000 0.320000 0.210000 -0.040000 -0.000000 -1.150000 6.460790 -1.442141 0.000000 -4.820000 43.380000
647.535808 0.470000 0.420000 0.060000 0.000000 0.000000 -1.220000 6.186005 -1.381104 0.000000 -4.620000 41.540000
647.570591 -0.180000 0.380000 0.360000 0.050000 -0.050000 -1.280000 4.639504 -1.380805 0.000000 -9.230000 36.920000
647.600419 -0.240000 0.290000 0.550000 -0.000000 -0.000000 -1.280000 4.845593 -1.442141 0.000000 -9.640000 38.560000
647.631236 -0.020000 0.200000 -0.220000 -0.010000 -0.000000 -1.400000 4.037994 -1.586355 0.000000 -14.460000 38.560000
647.668572 -0.130000 0.090000 0.210000 0.010000 -0.010000 -1.390000 3.865416 -1.519035 0.000000 -13.850000 36.920000
647.705463 0.070000 -0.040000 -0.100000 -0.010000 0.020000 -1.410000 2.422796 -1.586355 0.000000 -19.280000 33.740000
647.738391 0.240000 0.070000 -0.150000 0.010000 0.030000 -1.420000 3.230395 -1.730569 0.000000 -19.280000 38.560000
647.777066 0.050000 -0.130000 0.010000 -0.000000 0.000000 -1.530000 2.422796 -1.586355 0.000000 -19.280000 33.740000
647.814258 -0.250000 0.190000 -0.160000 0.010000 0.020000 -1.540000 1.615198 -1.730569 0.000000 -24.100000 33.740000
647.847015 0.240000 -0.140000 0.080000 -0.010000 0.010000 -1.600000 1.615198 -1.730569 0.000000 -24.100000 33.740000
647.887023 -0.210000 0.100000 -0.090000 -0.010000 -0.010000 -1.640000 2.318914 -1.795196 0.000000 -23.080000 36.920000
647.924797 0.160000 0.000000 -0.220000 -0.000000 -0.010000 -1.710000 1.615198 -1.730569 0.000000 -24.100000 33.740000
647.960216 -0.030000 -0.230000 -0.010000 -0.020000 0.000000 -1.760000 1.615198 -2.018997 0.000000 -28.920000 38.560000
647.989417 0.100000 0.070000 -0.100000 0.010000 0.010000 -1.760000 2.318914 -1.795196 0.000000 -23.080000 36.920000
648.027668 -0.360000 -0.120000 0.040000 -0.010000 0.030000 -1.710000 3.093003 -1.933426 0.000000 -23.080000 41.540000
648.063324 0.220000 0.190000 0.100000 0.010000 -0.000000 -1.690000 1.615198 -2.018997 0.000000 -28.920000 38.560000
648.094320 -0.110000 0.190000 0.040000 0.010000 0.020000 -1.720000 2.422796 -1.874783 0.000000 -24.100000 38.560000
648.130503 -0.200000 -0.390000 -0.290000 -0.010000 -0.010000 -1.620000 2.318914 -1.795196 0.000000 -23.080000 36.920000
648.159054 0.210000 0.320000 0.240000 -0.000000 0.030000 -1.620000 1.615198 -2.018997 0.000000 -28.920000 38.560000
648.198079 0.110000 -0.140000 0.190000 -0.010000 -0.010000 -1.690000 2.422796 -1.874783 0.000000 -24.100000 38.560000
648.234669 -0.130000 0.040000 -0.190000 -0.000000 0.020000 -1.720000 1.615198 -1.730569 0.000000 -24.100000 33.740000
648.271402 -0.550000 -0.220000 -0.290000 -0.010000 -0.000000 -1.670000 1.546501 -1.933127 0.000000 -27.690000 36.920000
648.302107 0.220000 0.360000 0.320000 -0.000000 0.010000 -1.670000 2.422796 -1.874783 0.000000 -24.100000 38.560000
648.330414 0.060000 -0.080000 0.340000 -0.000000 -0.020000 -1.710000 0.774088 -1.795196 0.000000 -27.690000 32.310000
648.369386 -0.140000 -0.070000 0.100000 -0.020000 -0.010000 -1.740000 2.422796 -1.874783 0.000000 -24.100000 38.560000
648.399086 0.410000 -0.190000 -0.160000 0.020000 0.000000 -1.740000 1.615198 -2.018997 0.000000 -28.920000 38.560000
648.438333 0.130000 -0.300000 -0.220000 -0.010000 -0.000000 -1.790000 2.422796 -1.874783 0.000000 -24.100000 38.560000
648.475523 -0.170000 0.170000 -0.120000 0.020000 0.000000 -1.780000 2.320590 -2.071357 0.000000 -27.690000 41.540000
648.508444 -0.020000 -0.430000 0.090000 0.000000 -0.000000 -1.730000 2.422796 -1.874783 0.000000 -24.100000 38.560000
648.549414 0.350000 0.680000 0.020000 0.020000 -0.000000 -1.640000 2.422796 -1.874783 0.000000 -24.100000 38.560000
648.587078 -0.080000 -0.300000 0.260000 0.010000 0.010000 -1.700000 1.546501 -1.933127 0.000000 -27.690000 36.920000
648.623093 -0.260000 -0.030000 -0.410000 -0.000000 0.010000 -1.700000 2.148012 -1.825714 0.000000 -24.100000 36.920000
648.660637 0.330000 -0.150000 0.120000 0.000000 0.010000 -1.680000 1.615198 -2.018997 0.000000 -28.920000 38.560000
648.691417 -0.000000 -0.260000 0.050000 -0.010000 0.010000 -1.740000 2.422796 -1.874783 0.000000 -24.100000 38.560000
648.728692 0.210000 0.130000 0.010000 0.010000 -0.010000 -1.760000 1.546501 -1.933127 0.000000 -27.690000 36.920000
648.767010 0.070000 0.060000 0.110000 -0.010000 0.020000 -1.830000 2.422796 -2.163211 0.000000 -28.920000 43.380000
648.802672 -0.010000 -0.180000 -0.180000 0.010000 -0.000000 -1.780000 1.546501 -1.933127 0.000000 -27.690000 36.920000
648.834380 0.380000 -0.130000 -0.330000 0.020000 0.000000 -1.850000 2.422796 -2.163211 0.000000 -28.920000 43.380000
648.872787 -0.200000 -0.130000 -0.300000 -0.000000 0.000000 -1.880000 1.615198 -2.018997 0.000000 -28.920000 38.560000
648.903213 -0.050000 0.130000 0.070000 0.000000 -0.000000 -1.820000 1.615198 -2.018997 0.000000 -28.920000 38.560000
648.931339 0.310000 0.140000 -0.150000 0.010000 -0.010000 -1.810000 2.320590 -2.071357 0.000000 -27.690000 41.540000
648.968665 -0.120000 -0.110000 0.230000 -0.010000 0.010000 -1.860000 1.615198 -2.018997 0.000000 -28.920000 38.560000
649.002311 -0.450000 0.420000 0.150000 0.010000 -0.010000 -1.880000 2.422796 -2.163211 0.000000 -28.920000 43.380000
649.043068 -0.450000 -0.340000 0.170000 0.000000 -0.020000 -1.810000 1.546501 -1.933127 0.000000 -27.690000 36.920000
649.072655 0.190000 0.130000 0.170000 -0.010000 -0.010000 -1.800000 2.318914 -1.795196 0.000000 -23.080000 36.920000
649.101957 0.480000 0.080000 -0.380000 0.010000 0.000000 -1.830000 2.422796 -2.163211 0.000000 -28.920000 43.380000
649.132685 -0.540000 -0.420000 -0.180000 -0.000000 0.010000 -1.820000 3.230395 -2.018997 0.000000 -24.100000 43.380000
649.163223 -0.200000 0.500000 0.230000 0.010000 0.010000 -1.770000 2.320590 -2.071357 0.000000 -27.690000 41.540000
649.192682 0.200000 0.040000 0.020000 0.000000 -0.020000 -1.810000 3.230395 -2.018997 0.000000 -24.100000 43.380000
649.220344 -0.100000 0.150000 0.320000 0.010000 -0.010000 -1.800000 3.230395 -2.018997 0.000000 -24.100000 43.380000
649.250622 0.070000 -0.270000 -0.160000 0.010000 -0.000000 -1.780000 1.615198 -2.018997 0.000000 -28.920000 38.560000
649.281040 -0.250000 -0.030000 0.020000 -0.010000 0.010000 -1.750000 3.230395 -2.018997 0.000000 -24.100000 43.380000
649.316664 0.080000 0.100000 0.240000 0.000000 -0.010000 -1.790000 1.615198 -2.018997 0.000000 -28.920000 38.560000
649.349438 0.150000 -0.020000 0.080000 0.010000 -0.020000 -1.830000 3.093003 -1.933426 0.000000 -23.080000 41.540000
649.388043 -0.200000 -0.070000 -0.180000 0.020000 0.010000 -1.760000 3.230395 -2.018997 0.000000 -24.100000 43.380000
649.421465 0.040000 -0.070000 0.460000 0.000000 0.010000 -1.790000 2.422796 -1.874783 0.000000 -24.100000 38.560000
649.453793 -0.110000 -0.030000 -0.200000 -0.000000 -0.010000 -1.800000 2.320590 -2.071357 0.000000 -27.690000 41.540000
649.488630 0.260000 -0.170000 0.000000 -0.020000 -0.000000 -1.830000 1.546501 -1.933127 0.000000 -27.690000 36.920000
649.523978 -0.060000 -0.000000 -0.140000 -0.010000 -0.010000 -1.770000 2.422796 -2.163211 0.000000 -28.920000 43.380000
649.560328 -0.170000 -0.120000 0.360000 -0.020000 0.000000 -1.770000 3.230395 -2.018997 0.000000 -24.100000 43.380000
649.590201 0.440000 0.340000 -0.050000 -0.000000 -0.010000 -1.810000 2.318914 -1.795196 0.000000 -23.080000 36.920000
649.620630 -0.330000 -0.310000 0.130000 0.000000 -0.020000 -1.710000 1.615198 -2.018997 0.000000 -28.920000 38.560000
649.648353 0.220000 0.200000 -0.130000 0.000000 0.000000 -1.730000 2.422796 -2.163211 0.000000 -28.920000 43.380000
649.686694 0.060000 -0.080000 -0.370000 0.010000 0.010000 -1.740000 2.422796 -1.874783 0.000000 -24.100000 38.560000
649.721868 -0.050000 0.160000 0.160000 -0.010000 -0.010000 -1.770000 2.320590 -2.071357 0.000000 -27.690000 41.540000
649.752293 0.090000 -0.120000 -0.160000 0.010000 0.010000 -1.740000 2.422796 -1.874783 0.000000 -24.100000 38.560000
649.780706 0.070000 0.130000 -0.100000 -0.000000 0.020000 -1.750000 3.093003 -1.933426 0.000000 -23.080000 41.540000
649.810172 -0.010000 0.020000 0.160000 -0.000000 0.030000 -1.810000 2.422796 -1.874783 0.000000 -24.100000 38.560000
649.839643 -0.470000 -0.300000 -0.030000 0.010000 0.020000 -1.720000 2.422796 -1.874783 0.000000 -24.100000 38.560000
649.875842 0.080000 0.530000 0.170000 -0.010000 0.010000 -1.740000 1.821286 -1.982195 0.000000 -27.690000 38.560000
649.911004 0.400000 -0.250000 -0.180000 -0.010000 -0.000000 -1.780000 2.318914 -1.795196 0.000000 -23.080000 36.920000
649.941042 -0.230000 -0.070000 -0.180000 0.000000 -0.000000 -1.790000 2.422796 -2.163211 0.000000 -28.920000 43.380000
649.970818 0.020000 -0.190000 -0.070000 0.000000 0.010000 -1.730000 2.422796 -1.874783 0.000000 -24.100000 38.560000
650.000719 0.140000 0.070000 -0.060000 0.000000 0.040000 -1.770000 2.320590 -2.071357 0.000000 -27.690000 41.540000
650.037141 0.220000 0.190000 0.050000 0.020000 0.000000 -1.780000 3.230395 -2.018997 0.000000 -24.100000 43.380000
650.070577 -0.250000 -0.420000 -0.220000 0.010000 -0.000000 -1.720000 3.230395 -2.018997 0.000000 -24.100000 43.380000
650.100363 0.500000 0.090000 0.300000 0.010000 0.010000 -1.660000 2.422796 -1.874783 0.000000 -24.100000 38.560000
650.130557 0.170000 -0.130000 0.090000 0.010000 -0.010000 -1.700000 1.546501 -1.933127 0.000000 -27.690000 36.920000
650.161228 -0.190000 0.270000 -0.250000 -0.010000 -0.010000 -1.720000 2.422796 -1.874783 0.000000 -24.100000 38.560000
650.189032 -0.320000 0.080000 0.050000 0.020000 -0.020000 -1.610000 2.318914 -1.795196 0.000000 -23.080000 36.920000
650.223926 0.250000 0.200000 0.110000 0.010000 -0.010000 -1.610000 1.615198 -1.730569 0.000000 -24.100000 33.740000
650.260211 0.070000 0.040000 0.050000 0.010000 -0.010000 -1.590000 3.230395 -1.730569 0.000000 -19.280000 38.560000
650.288104 0.280000 0.100000 -0.530000 0.000000 0.000000 -1.570000 2.422796 -1.874783 0.000000 -24.100000 38.560000
650.321724 -0.070000 -0.390000 -0.010000 0.020000 -0.010000 -1.540000 3.093003 -1.656966 0.000000 -18.460000 36.920000
650.351235 0.040000 0.160000 -0.260000 0.000000 -0.030000 -1.520000 2.422796 -1.874783 0.000000 -24.100000 38.560000
650.380688 -0.150000 0.020000 0.190000 -0.020000 -0.030000 -1.540000 3.230395 -1.730569 0.000000 -19.280000 38.560000
650.410651 -0.030000 -0.160000 0.130000 -0.010000 -0.030000 -1.550000 2.318914 -1.795196 0.000000 -23.080000 36.920000
650.440339 0.210000 -0.110000 0.060000 -0.000000 -0.010000 -1.520000 3.093003 -1.656966 0.000000 -18.460000 36.920000
650.469947 0.350000 -0.160000 0.370000 -0.010000 -0.000000 -1.560000 2.422796 -1.874783 0.000000 -24.100000 38.560000
650.505791 -0.280000 0.090000 -0.080000 -0.010000 -0.010000 -1.570000 2.422796 -1.586355 0.000000 -19.280000 33.740000
650.542897 0.220000 0.170000 0.110000 0.020000 -0.030000 -1.600000 2.318914 -1.795196 0.000000 -23.080000 36.920000
650.573105 -0.220000 -0.150000 0.090000 -0.010000 -0.000000 -1.590000 2.422796 -1.874783 0.000000 -24.100000 38.560000
650.601519 -0.150000 0.350000 -0.160000 0.020000 -0.010000 -1.560000 2.422796 -1.874783 0.000000 -24.100000 38.560000
650.631114 -0.020000 -0.060000 -0.240000 0.010000 0.020000 -1.580000 3.230395 -1.730569 0.000000 -19.280000 38.560000
650.669609 -0.000000 -0.120000 0.140000 -0.000000 0.010000 -1.600000 2.422796 -1.874783 0.000000 -24.100000 38.560000
650.699244 -0.020000 0.170000 -0.110000 0.020000 -0.020000 -1.560000 3.230395 -1.730569 0.000000 -19.280000 38.560000
650.736651 -0.170000 0.110000 0.110000 0.000000 -0.000000 -1.590000 2.318914 -1.795196 0.000000 -23.080000 36.920000
650.773542 -0.160000 0.060000 0.270000 0.000000 -0.000000 -1.580000 1.615198 -1.730569 0.000000 -24.100000 33.740000
650.809361 -0.150000 -0.210000 0.170000 0.000000 0.010000 -1.570000 3.230395 -1.730569 0.000000 -19.280000 38.560000
650.838318 -0.460000 0.020000 -0.430000 0.010000 -0.010000 -1.550000 2.318914 -1.795196 0.000000 -23.080000 36.920000
650.876176 -0.410000 0.220000 0.410000 0.020000 -0.010000 -1.570000 1.546501 -1.657265 0.000000 -23.080000 32.310000
650.909680 0.150000 -0.150000 -0.110000 -0.020000 -0.020000 -1.610000 2.422796 -1.874783 0.000000 -24.100000 38.560000
650.945667 -0.150000 -0.070000 0.160000 0.010000 0.030000 -1.550000 3.230395 -1.730569 0.000000 -19.280000 38.560000
650.981182 0.140000 0.290000 -0.180000 0.010000 0.010000 -1.520000 2.318914 -1.795196 0.000000 -23.080000 36.920000
651.018352 -0.070000 0.100000 0.120000 0.030000 0.030000 -1.560000 1.615198 -1.730569 0.000000 -24.100000 33.740000
651.053831 0.370000 -0.070000 0.380000 -0.000000 0.020000 -1.520000 2.422796 -1.874783 0.000000 -24.100000 38.560000
651.089415 0.490000 -0.030000 -0.340000 0.010000 -0.000000 -1.530000 1.615198 -1.730569 0.000000 -24.100000 33.740000
651.128100 0.300000 0.160000 -0.090000 0.020000 0.010000 -1.590000 2.422796 -1.586355 0.000000 -19.280000 33.740000
651.161164 -0.050000 0.150000 0.060000 0.010000 0.010000 -1.570000 3.230395 -1.730569 0.000000 -19.280000 38.560000
651.197315 -0.190000 -0.190000 -0.530000 0.020000 0.020000 -1.490000 1.546501 -1.657265 0.000000 -23.080000 32.310000
651.234123 -0.220000 -0.250000 -0.060000 -0.000000 0.020000 -1.310000 1.615198 -1.442141 0.000000 -19.280000 28.920000
651.270709 0.050000 0.200000 0.020000 0.000000 -0.070000 -1.240000 2.422796 -1.586355 0.000000 -19.280000 33.740000
651.301364 -0.180000 -0.070000 -0.390000 -0.000000 0.010000 -1.300000 2.320590 -1.519035 0.000000 -18.460000 32.310000
651.329457 0.030000 -0.200000 -0.200000 -0.000000 -0.010000 -1.410000 2.320590 -1.519035 0.000000 -18.460000 32.310000
651.365311 0.250000 0.070000 -0.020000 -0.030000 0.020000 -1.530000 2.422796 -1.586355 0.000000 -19.280000 33.740000
651.402358 0.100000 -0.090000 0.570000 -0.010000 -0.020000 -1.560000 1.615198 -1.730569 0.000000 -24.100000 33.740000
651.432043 0.180000 0.190000 0.560000 -0.010000 -0.030000 -1.560000 2.318914 -1.795196 0.000000 -23.080000 36.920000
651.460903 -0.280000 -0.070000 -0.100000 -0.010000 0.010000 -1.560000 2.422796 -1.874783 0.000000 -24.100000 38.560000
651.498223 0.190000 0.220000 0.150000 0.000000 0.010000 -1.590000 2.422796 -1.874783 0.000000 -24.100000 38.560000
651.537113 0.230000 -0.310000 -0.250000 -0.010000 -0.020000 -1.610000 1.615198 -1.730569 0.000000 -24.100000 33.740000
651.569852 -0.160000 0.200000 0.580000 -0.030000 0.010000 -1.570000 1.546501 -1.657265 0.000000 -23.080000 32.310000
651.607619 -0.180000 0.070000 -0.540000 -0.010000 -0.010000 -1.590000 3.230395 -1.730569 0.000000 -19.280000 38.560000
651.641596 -0.310000 -0.010000 0.320000 0.000000 0.030000 -1.610000 2.318914 -1.795196 0.000000 -23.080000 36.920000
651.672144 0.120000 -0.120000 -0.180000 -0.010000 0.010000 -1.600000 1.615198 -1.730569 0.000000 -24.100000 33.740000
651.711429 -0.030000 0.130000 -0.280000 -0.010000 -0.010000 -1.630000 1.615198 -2.018997 0.000000 -28.920000 38.560000
651.740364 -0.220000 -0.030000 0.110000 -0.010000 -0.030000 -1.650000 2.422796 -1.874783 0.000000 -24.100000 38.560000
651.769138 0.140000 0.130000 0.250000 -0.020000 0.020000 -1.600000 0.774088 -1.795196 0.000000 -27.690000 32.310000
651.800382 0.240000 -0.020000 -0.250000 -0.020000 -0.010000 -1.640000 2.422796 -1.874783 0.000000 -24.100000 38.560000
651.831554 -0.250000 0.010000 -0.020000 -0.010000 0.010000 -1.610000 2.422796 -1.874783 0.000000 -24.100000 38.560000
651.859985 0.040000 0.100000 -0.240000 -0.010000 -0.010000 -1.620000 0.774088 -1.795196 0.000000 -27.690000 32.310000
651.896850 0.100000 0.140000 -0.090000 0.000000 0.030000 -1.660000 1.546501 -1.657265 0.000000 -23.080000 32.310000
651.930478 -0.160000 -0.240000 0.250000 -0.010000 -0.000000 -1.640000 2.422796 -1.874783 0.000000 -24.100000 38.560000
651.961485 -0.300000 -0.030000 -0.180000 -0.000000 -0.000000 -1.600000 1.615198 -1.730569 0.000000 -24.100000 33.740000
651.989307 0.110000 0.240000 -0.150000 -0.010000 0.010000 -1.610000 2.318914 -1.795196 0.000000 -23.080000 36.920000
652.026260 0.330000 -0.320000 0.240000 -0.000000 0.020000 -1.620000 1.615198 -1.730569 0.000000 -24.100000 33.740000
652.063087 -0.060000 -0.350000 -0.160000 0.010000 0.010000 -1.530000 1.786100 -1.700050 0.000000 -23.080000 33.740000
652.093303 0.360000 0.210000 0.290000 -0.010000 -0.010000 -1.580000 2.422796 -1.586355 0.000000 -19.280000 33.740000
652.123663 -0.440000 0.060000 0.280000 0.000000 -0.020000 -1.610000 2.422796 -1.874783 0.000000 -24.100000 38.560000
652.158107 -0.120000 -0.070000 -0.220000 0.000000 0.020000 -1.650000 0.807599 -1.874783 0.000000 -28.920000 33.740000
652.197056 0.240000 -0.310000 -0.080000 0.000000 0.010000 -1.670000 2.318914 -1.795196 0.000000 -23.080000 36.920000
652.233509 0.110000 0.280000 -0.020000 0.010000 0.010000 -1.710000 2.422796 -1.874783 0.000000 -24.100000 38.560000
652.271311 -0.560000 -0.150000 -0.170000 -0.020000 0.010000 -1.660000 2.422796 -1.874783 0.000000 -24.100000 38.560000
652.307223 0.760000 0.440000 -0.230000 -0.030000 0.030000 -1.650000 2.318914 -1.795196 0.000000 -23.080000 36.920000
652.345089 -0.060000 -0.130000 -0.340000 0.000000 -0.000000 -1.680000 1.546501 -1.657265 0.000000 -23.080000 32.310000
652.382881 -0.260000 0.280000 -0.370000 0.000000 -0.000000 -1.620000 2.422796 -1.874783 0.000000 -24.100000 38.560000
652.412719 0.070000 -0.250000 0.210000 0.010000 0.000000 -1.680000 2.422796 -1.874783 0.000000 -24.100000 38.560000
652.442666 0.270000 0.010000 0.280000 0.020000 0.010000 -1.680000 1.546501 -1.933127 0.000000 -27.690000 36.920000
652.476023 -0.040000 -0.100000 -0.180000 -0.000000 0.020000 -1.660000 2.422796 -1.874783 0.000000 -24.100000 38.560000
652.513600 -0.160000 0.090000 0.110000 -0.010000 -0.000000 -1.650000 0.807599 -1.874783 0.000000 -28.920000 33.740000
652.548539 0.250000 -0.060000 0.240000 0.010000 0.010000 -1.690000 2.422796 -1.874783 0.000000 -24.100000 38.560000
652.585184 -0.160000 -0.130000 -0.190000 0.010000 -0.030000 -1.740000 2.422796 -1.874783 0.000000 -24.100000 38.560000
652.620915 -0.270000 -0.120000 0.310000 0.020000 0.020000 -1.640000 2.422796 -1.874783 0.000000 -24.100000 38.560000
652.651021 0.370000 -0.120000 0.350000 0.000000 -0.010000 -1.720000 2.318914 -1.795196 0.000000 -23.080000 36.920000
652.681026 0.020000 -0.020000 -0.330000 -0.010000 0.020000 -1.740000 2.422796 -1.874783 0.000000 -24.100000 38.560000
652.711583 -0.290000 -0.120000 -0.030000 0.010000 0.010000 -1.720000 1.615198 -2.018997 0.000000 -28.920000 38.560000
652.749450 -0.240000 -0.070000 0.350000 -0.010000 -0.000000 -1.610000 2.318914 -1.795196 0.000000 -23.080000 36.920000
652.782553 0.370000 -0.010000 0.490000 0.010000 0.010000 -1.650000 1.546501 -1.933127 0.000000 -27.690000 36.920000
652.823716 -0.400000 -0.010000 -0.070000 0.010000 -0.000000 -1.640000 1.615198 -1.730569 0.000000 -24.100000 33.740000
652.858156 0.210000 -0.320000 0.240000 0.030000 0.010000 -1.630000 1.615198 -1.730569 0.000000 -24.100000 33.740000
652.894301 -0.200000 0.110000 -0.130000 0.000000 -0.010000 -1.630000 2.318914 -1.795196 0.000000 -23.080000 36.920000
652.932259 -0.330000 0.190000 -0.610000 0.050000 0.010000 -1.660000 1.615198 -2.018997 0.000000 -28.920000 38.560000
652.960661 -0.230000 0.120000 0.380000 0.020000 0.010000 -1.670000 2.422796 -1.874783 0.000000 -24.100000 38.560000
652.990907 -0.100000 0.130000 0.620000 0.010000 0.010000 -1.640000 1.615198 -1.730569 0.000000 -24.100000 33.740000
653.026916 0.240000 0.210000 -0.420000 0.020000 0.000000 -1.630000 2.318914 -1.795196 0.000000 -23.080000 36.920000
653.062409 -0.590000 -0.260000 0.010000 -0.020000 0.010000 -1.630000 2.422796 -1.874783 0.000000 -24.100000 38.560000
653.092702 0.450000 0.450000 -0.140000 0.020000 -0.020000 -1.630000 1.546501 -1.933127 0.000000 -27.690000 36.920000
653.122729 0.130000 -0.200000 -0.430000 0.010000 -0.020000 -1.690000 1.615198 -1.730569 0.000000 -24.100000 33.740000
653.152596 -0.090000 0.110000 0.100000 -0.010000 0.010000 -1.650000 3.230395 -2.018997 0.000000 -24.100000 43.380000
653.180900 0.350000 -0.010000 -0.090000 0.030000 -0.040000 -1.680000 2.422796 -1.874783 0.000000 -24.100000 38.560000
653.212143 -0.260000 0.080000 0.110000 0.010000 -0.010000 -1.740000 1.546501 -1.933127 0.000000 -27.690000 36.920000
653.240645 0.150000 -0.370000 -0.070000 -0.000000 -0.020000 -1.730000 2.422796 -1.874783 0.000000 -24.100000 38.560000
653.269856 0.100000 0.170000 0.360000 0.000000 -0.000000 -1.670000 2.422796 -1.874783 0.000000 -24.100000 38.560000
653.298314 0.600000 -0.250000 0.320000 -0.010000 -0.040000 -1.730000 1.546501 -1.933127 0.000000 -27.690000 36.920000
653.334567 -0.530000 -0.330000 -0.500000 -0.010000 -0.010000 -1.700000 2.148012 -1.825714 0.000000 -24.100000 36.920000
653.369096 0.200000 -0.090000 0.070000 -0.000000 -0.010000 -1.650000 2.422796 -1.874783 0.000000 -24.100000 38.560000
653.406461 -0.050000 0.050000 -0.020000 0.000000 -0.010000 -1.680000 2.422796 -1.874783 0.000000 -24.100000 38.560000
653.442197 -0.400000 0.020000 -0.090000 0.000000 0.010000 -1.650000 2.318914 -1.795196 0.000000 -23.080000 36.920000
653.472472 -0.180000 -0.240000 0.180000 -0.000000 0.020000 -1.620000 2.422796 -1.874783 0.000000 -24.100000 38.560000
653.500731 0.360000 0.340000 -0.270000 0.010000 0.010000 -1.610000 2.318914 -1.795196 0.000000 -23.080000 36.920000
653.539252 -0.060000 -0.240000 0.080000 0.000000 -0.020000 -1.630000 1.615198 -1.730569 0.000000 -24.100000 33.740000
653.576486 0.060000 0.210000 0.240000 -0.010000 -0.010000 -1.620000 3.230395 -1.730569 0.000000 -19.280000 38.560000
653.611414 0.290000 0.020000 -0.220000 0.010000 0.000000 -1.630000 2.422796 -1.874783 0.000000 -24.100000 38.560000
653.640859 0.150000 -0.060000 0.320000 -0.020000 -0.000000 -1.620000 2.318914 -1.795196 0.000000 -23.080000 36.920000
653.680132 0.020000 0.260000 0.270000 0.020000 -0.030000 -1.600000 1.615198 -1.730569 0.000000 -24.100000 33.740000
653.710487 -0.260000 -0.070000 0.130000 -0.010000 0.010000 -1.620000 2.422796 -1.874783 0.000000 -24.100000 38.560000
653.738313 0.190000 -0.270000 -0.610000 -0.000000 0.020000 -1.590000 2.318914 -1.795196 0.000000 -23.080000 36.920000
653.778611 -0.140000 0.040000 0.190000 0.010000 0.010000 -1.590000 2.318914 -1.795196 0.000000 -23.080000 36.920000
653.812271 0.260000 0.040000 0.040000 -0.000000 0.000000 -1.640000 3.230395 -1.730569 0.000000 -19.280000 38.560000
653.844852 -0.260000 0.150000 -0.170000 0.000000 0.020000 -1.620000 1.615198 -1.730569 0.000000 -24.100000 33.740000
653.883077 -0.120000 -0.110000 -0.070000 0.010000 -0.000000 -1.610000 2.318914 -1.795196 0.000000 -23.080000 36.920000
653.915106 -0.110000 0.200000 0.130000 0.010000 0.030000 -1.620000 2.422796 -1.874783 0.000000 -24.100000 38.560000
653.951485 0.310000 0.140000 -0.280000 0.010000 0.010000 -1.630000 2.422796 -1.874783 0.000000 -24.100000 38.560000
653.980539 0.170000 0.280000 -0.390000 -0.020000 0.000000 -1.640000 2.422796 -1.586355 0.000000 -19.280000 33.740000
654.011214 0.010000 -0.090000 -0.020000 0.010000 -0.010000 -1.600000 2.422796 -1.874783 0.000000 -24.100000 38.560000
654.039032 0.150000 0.110000 0.250000 -0.010000 -0.000000 -1.610000 2.422796 -1.874783 0.000000 -24.100000 38.560000
654.076325 0.600000 -0.040000 0.090000 -0.010000 -0.020000 -1.620000 2.318914 -1.795196 0.000000 -23.080000 36.920000
654.109378 -0.310000 -0.310000 0.060000 -0.040000 -0.010000 -1.640000 2.422796 -1.874783 0.000000 -24.100000 38.560000
654.142331 0.150000 0.090000 0.110000 0.010000 -0.010000 -1.560000 1.615198 -1.730569 0.000000 -24.100000 33.740000
654.174353 0.140000 -0.580000 -0.060000 -0.020000 0.000000 -1.610000 3.093003 -1.933426 0.000000 -23.080000 41.540000
654.210363 0.120000 0.250000 -0.090000 -0.010000 0.030000 -1.600000 3.093003 -1.656966 0.000000 -18.460000 36.920000
654.239935 0.100000 -0.080000 -0.120000 0.020000 -0.020000 -1.650000 2.422796 -1.874783 0.000000 -24.100000 38.560000
654.274094 -0.080000 0.090000 -0.130000 -0.000000 -0.020000 -1.670000 2.422796 -1.874783 0.000000 -24.100000 38.560000
654.310689 -0.080000 0.120000 0.060000 0.020000 -0.020000 -1.690000 2.318914 -1.795196 0.000000 -23.080000 36.920000
654.340201 -0.160000 0.260000 -0.210000 0.010000 0.010000 -1.720000 3.230395 -2.018997 0.000000 -24.100000 43.380000
654.371921 -0.140000 -0.080000 -0.030000 -0.020000 -0.020000 -1.710000 2.422796 -1.874783 0.000000 -24.100000 38.560000
654.401012 0.070000 0.250000 0.360000 0.000000 0.010000 -1.650000 2.422796 -1.874783 0.000000 -24.100000 38.560000
654.431167 0.060000 -0.060000 0.040000 0.020000 -0.000000 -1.670000 2.318914 -1.795196 0.000000 -23.080000 36.920000
654.459129 0.250000 0.250000 0.250000 -0.010000 -0.010000 -1.650000 2.422796 -1.874783 0.000000 -24.100000 38.560000
654.493915 0.140000 -0.190000 0.090000 0.010000 -0.030000 -1.570000 2.318914 -1.795196 0.000000 -23.080000 36.920000
654.529919 -0.270000 0.130000 -0.760000 -0.010000 -0.010000 -1.600000 1.615198 -1.730569 0.000000 -24.100000 33.740000
654.559912 -0.000000 0.010000 0.060000 0.010000 0.010000 -1.600000 2.422796 -1.874783 0.000000 -24.100000 38.560000
654.596539 -0.080000 0.100000 -0.350000 0.020000 0.020000 -1.550000 2.593699 -1.844264 0.000000 -23.080000 38.560000
654.632477 0.080000 -0.060000 -0.320000 0.010000 0.020000 -1.520000 2.320590 -1.519035 0.000000 -18.460000 32.310000
654.666828 -0.030000 -0.010000 0.240000 -0.010000 0.020000 -1.500000 2.422796 -1.874783 0.000000 -24.100000 38.560000
654.703829 -0.020000 0.180000 -0.340000 0.020000 0.010000 -1.540000 3.230395 -1.730569 0.000000 -19.280000 38.560000
654.738697 -0.210000 -0.270000 0.430000 -0.020000 0.030000 -1.550000 1.546501 -1.657265 0.000000 -23.080000 32.310000
654.776549 -0.090000 0.110000 0.100000 -0.010000 -0.010000 -1.550000 2.422796 -1.874783 0.000000 -24.100000 38.560000
654.815155 -0.010000 -0.110000 -0.210000 -0.030000 0.030000 -1.560000 1.615198 -1.730569 0.000000 -24.100000 33.740000
654.852320 0.030000 0.030000 -0.090000 -0.010000 -0.040000 -1.610000 3.230395 -1.730569 0.000000 -19.280000 38.560000
654.887189 0.330000 -0.070000 0.580000 -0.020000 0.020000 -1.600000 2.318914 -1.795196 0.000000 -23.080000 36.920000
654.924106 -0.120000 0.000000 -0.110000 -0.010000 0.000000 -1.630000 2.422796 -1.874783 0.000000 -24.100000 38.560000
654.960210 -0.410000 -0.030000 -0.100000 -0.010000 -0.000000 -1.600000 2.318914 -1.795196 0.000000 -23.080000 36.920000
654.988283 -0.040000 -0.020000 0.110000 -0.000000 -0.000000 -1.610000 1.615198 -1.730569 0.000000 -24.100000 33.740000
655.027444 0.000000 -0.040000 0.130000 -0.010000 -0.000000 -1.670000 2.422796 -1.874783 0.000000 -24.100000 38.560000
655.062150 -0.230000 0.160000 -0.130000 -0.010000 0.010000 -1.570000 1.615198 -1.730569 0.000000 -24.100000 33.740000
655.091274 0.280000 0.180000 0.290000 0.000000 0.020000 -1.560000 3.093003 -1.656966 0.000000 -18.460000 36.920000
655.118905 0.270000 -0.000000 0.210000 0.000000 0.000000 -1.560000 2.422796 -1.874783 0.000000 -24.100000 38.560000
655.155539 -0.140000 0.070000 0.040000 0.000000 0.000000 -1.540000 2.422796 -1.586355 0.000000 -19.280000 33.740000
655.190154 0.150000 0.130000 -0.050000 0.000000 0.000000 -1.540000 2.318914 -1.795196 0.000000 -23.080000 36.920000
655.220251 0.140000 -0.110000 -0.230000 -0.010000 0.020000 -1.550000 2.320590 -1.519035 0.000000 -18.460000 32.310000
655.249162 0.360000 0.010000 0.010000 -0.000000 0.010000 -1.530000 2.422796 -1.874783 0.000000 -24.100000 38.560000
655.284257 -0.160000 0.220000 -0.800000 -0.030000 0.030000 -1.510000 2.422796 -1.586355 0.000000 -19.280000 33.740000
655.318244 -0.280000 -0.190000 0.060000 0.010000 0.020000 -1.470000 1.546501 -1.657265 0.000000 -23.080000 32.310000
655.355365 -0.010000 -0.050000 0.050000 -0.010000 0.010000 -1.500000 3.230395 -1.730569 0.000000 -19.280000 38.560000
655.394390 -0.160000 -0.010000 -0.270000 -0.020000 0.020000 -1.540000 2.422796 -1.874783 0.000000 -24.100000 38.560000
655.427073 0.080000 -0.090000 0.430000 0.010000 0.030000 -1.550000 1.615198 -1.730569 0.000000 -24.100000 33.740000
655.462294 0.100000 0.040000 -0.000000 0.000000 0.030000 -1.530000 2.422796 -1.586355 0.000000 -19.280000 33.740000
655.492953 -0.210000 0.030000 0.450000 -0.000000 0.020000 -1.480000 1.615198 -1.730569 0.000000 -24.100000 33.740000
655.523395 0.040000 0.190000 0.300000 -0.000000 -0.000000 -1.520000 2.320590 -1.519035 0.000000 -18.460000 32.310000
655.558911 -0.300000 -0.110000 0.040000 0.020000 0.000000 -1.510000 2.422796 -1.586355 0.000000 -19.280000 33.740000
655.596453 -0.100000 0.070000 0.660000 0.010000 0.010000 -1.470000 1.615198 -1.730569 0.000000 -24.100000 33.740000
655.631208 -0.150000 0.230000 -0.300000 0.010000 0.010000 -1.410000 1.546501 -1.657265 0.000000 -23.080000 32.310000
655.662287 0.130000 -0.110000 -1.040000 0.020000 0.040000 -1.220000 1.546501 -1.657265 0.000000 -23.080000 32.310000
655.693253 0.580000 0.370000 0.000000 -0.010000 -0.010000 -1.300000 1.615198 -1.442141 0.000000 -19.280000 28.920000
655.721979 -0.150000 -0.070000 -0.660000 0.020000 -0.010000 -1.390000 2.422796 -1.586355 0.000000 -19.280000 33.740000
655.752417 -0.130000 0.020000 -0.280000 -0.010000 0.020000 -1.420000 1.546501 -1.380805 0.000000 -18.460000 27.690000
655.780585 0.140000 0.080000 0.260000 0.000000 0.010000 -1.540000 1.615198 -1.730569 0.000000 -24.100000 33.740000
655.819835 -0.390000 -0.170000 0.340000 -0.000000 0.010000 -1.580000 1.615198 -1.730569 0.000000 -24.100000 33.740000
655.855568 0.060000 0.300000 0.180000 0.000000 0.010000 -1.630000 1.615198 -1.730569 0.000000 -24.100000 33.740000
655.892182 -0.160000 -0.790000 -0.270000 0.000000 0.010000 -1.640000 2.422796 -1.874783 0.000000 -24.100000 38.560000
655.921981 -0.010000 0.310000 0.560000 -0.020000 0.010000 -1.630000 2.422796 -1.874783 0.000000 -24.100000 38.560000
655.951512 -0.060000 -0.160000 0.070000 -0.010000 -0.010000 -1.640000 2.318914 -1.795196 0.000000 -23.080000 36.920000
655.986612 0.050000 0.370000 -0.510000 0.000000 0.030000 -1.660000 1.615198 -1.730569 0.000000 -24.100000 33.740000
656.020423 -0.570000 -0.450000 0.920000 -0.000000 0.000000 -1.630000 1.615198 -1.730569 0.000000 -24.100000 33.740000
656.050212 0.650000 0.420000 -0.400000 0.040000 0.020000 -1.690000 1.546501 -1.933127 0.000000 -27.690000 36.920000
656.088443 -0.140000 -0.260000 -0.230000 0.010000 0.000000 -1.760000 2.318914 -1.795196 0.000000 -23.080000 36.920000
656.124336 -0.230000 -0.030000 0.310000 -0.010000 -0.010000 -1.790000 1.615198 -2.018997 0.000000 -28.920000 38.560000
656.161551 0.240000 0.300000 0.020000 0.010000 -0.020000 -1.710000 1.615198 -2.018997 0.000000 -28.920000 38.560000
656.191910 0.350000 -0.010000 0.080000 -0.020000 -0.010000 -1.780000 2.318914 -1.795196 0.000000 -23.080000 36.920000
656.221954 -0.650000 -0.090000 0.310000 -0.000000 -0.010000 -1.730000 1.615198 -2.018997 0.000000 -28.920000 38.560000
656.251371 -0.070000 0.020000 0.180000 0.010000 -0.040000 -1.730000 0.807599 -1.874783 0.000000 -28.920000 33.740000
656.281481 0.090000 -0.270000 -0.080000 -0.000000 -0.000000 -1.660000 2.422796 -1.874783 0.000000 -24.100000 38.560000
656.311153 0.320000 -0.000000 -0.020000 0.040000 -0.030000 -1.650000 2.318914 -1.795196 0.000000 -23.080000 36.920000
656.342075 -0.430000 -0.370000 0.210000 -0.020000 -0.020000 -1.640000 2.422796 -1.874783 0.000000 -24.100000 38.560000
656.369738 0.480000 0.100000 -0.090000 -0.000000 0.010000 -1.620000 2.318914 -1.795196 0.000000 -23.080000 36.920000
656.406455 -0.450000 -0.060000 -0.090000 0.000000 -0.010000 -1.600000 3.230395 -1.730569 0.000000 -19.280000 38.560000
656.441969 -0.270000 -0.080000 -0.450000 -0.010000 0.010000 -1.550000 2.422796 -1.874783 0.000000 -24.100000 38.560000
656.472075 -0.010000 0.010000 -0.010000 0.020000 0.010000 -1.580000 2.422796 -1.874783 0.000000 -24.100000 38.560000
656.501256 0.130000 -0.280000 0.590000 0.000000 0.020000 -1.590000 2.318914 -1.795196 0.000000 -23.080000 36.920000
656.530871 -0.100000 0.070000 -0.350000 -0.010000 0.000000 -1.540000 1.615198 -1.730569 0.000000 -24.100000 33.740000
656.565193 0.290000 0.290000 -0.180000 0.030000 -0.000000 -1.590000 2.422796 -1.874783 0.000000 -24.100000 38.560000
656.600498 0.130000 -0.110000 0.530000 0.010000 -0.030000 -1.600000 1.546501 -1.657265 0.000000 -23.080000 32.310000
656.628537 0.010000 -0.070000 0.150000 -0.010000 0.020000 -1.580000 2.148012 -1.825714 0.000000 -24.100000 36.920000
656.664608 0.060000 0.070000 -0.450000 0.010000 -0.000000 -1.570000 0.807599 -1.586355 0.000000 -24.100000 28.920000
656.697692 0.320000 -0.020000 0.110000 0.030000 0.010000 -1.600000 2.422796 -1.874783 0.000000 -24.100000 38.560000
656.734664 -0.010000 0.050000 0.440000 -0.000000 -0.010000 -1.580000 1.546501 -1.657265 0.000000 -23.080000 32.310000
656.773088 -0.200000 -0.360000 0.410000 0.000000 -0.010000 -1.590000 2.422796 -1.874783 0.000000 -24.100000 38.560000
656.803108 -0.030000 0.250000 -0.190000 0.030000 -0.010000 -1.570000 2.318914 -1.795196 0.000000 -23.080000 36.920000
656.832294 -0.300000 0.000000 0.230000 0.030000 -0.000000 -1.580000 1.615198 -1.730569 0.000000 -24.100000 33.740000
656.861189 -0.190000 0.150000 0.100000 -0.010000 -0.030000 -1.610000 2.422796 -1.874783 0.000000 -24.100000 38.560000
656.898049 -0.030000 -0.070000 -0.110000 -0.020000 0.010000 -1.680000 1.615198 -1.730569 0.000000 -24.100000 33.740000
656.934460 0.100000 0.240000 -0.030000 -0.000000 -0.020000 -1.650000 2.318914 -1.795196 0.000000 -23.080000 36.920000
656.970877 -0.320000 0.000000 -0.090000 0.000000 -0.010000 -1.710000 1.615198 -2.018997 0.000000 -28.920000 38.560000
657.001907 0.020000 0.380000 -0.140000 0.000000 -0.030000 -1.660000 2.422796 -1.874783 0.000000 -24.100000 38.560000
657.030688 0.050000 -0.450000 -0.020000 0.010000 0.020000 -1.640000 2.318914 -1.795196 0.000000 -23.080000 36.920000
657.068669 0.320000 0.190000 -0.230000 0.010000 -0.020000 -1.590000 2.318914 -1.795196 0.000000 -23.080000 36.920000
657.105628 -0.150000 -0.250000 -0.070000 -0.010000 -0.020000 -1.480000 2.422796 -1.586355 0.000000 -19.280000 33.740000
