570.943390 0.010000 0.000000 -9.920000 0.000000 -0.000000 -0.000000 0.000000 0.000000 0.000000 0.000000 0.000000
570.984266 -0.020000 0.020000 -8.830000 0.000000 0.000000 0.000000 0.000000 0.000000 0.000000 0.000000 0.000000
571.019975 0.020000 -0.070000 -7.760000 0.000000 0.000000 0.000000 0.000000 0.000000 0.000000 0.000000 0.000000
571.052622 -0.060000 0.030000 -6.670000 0.000000 -0.000000 -0.000000 0.807599 0.144214 0.000000 4.820000 0.000000
571.082430 -0.460000 0.720000 -5.870000 0.020000 -0.020000 -0.010000 7.734182 0.000000 0.000000 23.080000 23.080000
571.110483 0.340000 1.020000 -3.520000 0.070000 -0.100000 -0.360000 8.075988 0.288428 0.000000 28.920000 19.280000
571.148198 0.020000 1.570000 -2.560000 -0.060000 -0.070000 -0.070000 9.691185 0.288428 0.000000 33.740000 24.100000
571.184382 0.280000 0.160000 -2.870000 -0.080000 -0.010000 0.030000 11.306383 0.000000 0.000000 33.740000 33.740000
571.219175 -0.040000 0.150000 -1.770000 0.010000 -0.020000 0.010000 13.729179 -0.144214 0.000000 38.560000 43.380000
571.257652 0.020000 -0.330000 -0.530000 0.140000 0.000000 -0.030000 16.962925 0.144214 0.000000 53.030000 48.210000
571.293488 -0.590000 -0.230000 0.360000 -0.020000 -0.000000 0.000000 19.332105 0.138230 0.000000 60.000000 55.380000
571.327873 0.110000 -0.220000 0.030000 0.030000 -0.020000 0.050000 18.578122 0.144214 0.000000 57.850000 53.030000
571.363627 0.260000 -0.870000 -1.860000 0.070000 0.020000 0.030000 20.193320 -0.144214 0.000000 57.850000 62.670000
571.396656 -0.030000 -0.520000 -0.430000 0.100000 0.050000 0.000000 20.106193 -0.276460 0.000000 55.380000 64.620000
571.433811 -0.590000 -1.690000 1.000000 0.050000 0.070000 0.030000 22.426783 0.137931 0.000000 69.230000 64.620000
571.467802 0.340000 -0.400000 -0.490000 0.120000 0.080000 -0.060000 23.423715 -0.144214 0.000000 67.490000 72.310000
571.504240 0.320000 -0.430000 -0.110000 0.060000 -0.040000 0.100000 23.423715 0.144214 0.000000 72.310000 67.490000
571.537195 0.830000 0.080000 1.030000 0.060000 0.090000 -0.000000 25.519785 0.137931 0.000000 78.460000 73.850000
571.574392 -0.060000 -0.630000 1.410000 0.010000 -0.030000 -0.010000 25.846511 0.000000 0.000000 77.130000 77.130000
571.607623 0.180000 0.370000 -0.110000 -0.020000 0.040000 -0.060000 26.654110 0.144214 0.000000 81.950000 77.130000
571.645370 -0.790000 0.060000 1.180000 -0.120000 0.010000 0.040000 25.846511 0.000000 0.000000 77.130000 77.130000
571.682315 0.450000 0.410000 1.160000 -0.080000 -0.030000 0.000000 25.846511 0.000000 0.000000 77.130000 77.130000
571.712960 0.070000 -0.450000 -1.440000 0.100000 0.020000 -0.050000 27.461709 0.000000 0.000000 81.950000 81.950000
571.743824 0.350000 -0.130000 -1.310000 0.040000 0.010000 0.070000 27.066287 0.138230 0.000000 83.080000 78.460000
571.777423 -0.490000 -0.640000 1.720000 0.010000 -0.040000 -0.080000 27.461709 0.000000 0.000000 81.950000 81.950000
571.813421 -0.380000 0.620000 -0.450000 -0.020000 -0.060000 0.040000 27.461709 0.000000 0.000000 81.950000 81.950000
571.849932 -0.130000 0.650000 -0.160000 -0.080000 0.060000 -0.070000 26.293874 -0.276161 0.000000 73.850000 83.080000
571.879991 -0.170000 -0.190000 -1.130000 0.090000 -0.020000 0.090000 27.066287 -0.138230 0.000000 78.460000 83.080000
571.915355 0.270000 0.160000 0.280000 0.090000 -0.010000 -0.040000 27.461709 0.000000 0.000000 81.950000 81.950000
571.951976 -0.560000 -0.730000 1.310000 -0.010000 0.010000 -0.030000 27.461709 0.000000 0.000000 81.950000 81.950000
571.981993 0.560000 0.540000 -0.490000 -0.150000 -0.020000 0.030000 27.840375 0.000000 0.000000 83.080000 83.080000
572.012517 -0.390000 -0.020000 -2.200000 -0.010000 -0.140000 -0.090000 29.076906 0.288428 0.000000 91.590000 81.950000
572.042287 0.300000 -0.270000 0.930000 0.160000 0.000000 0.010000 29.076906 0.000000 0.000000 86.770000 86.770000
572.070263 0.010000 0.110000 1.770000 -0.030000 -0.120000 -0.080000 26.654110 -0.144214 0.000000 77.130000 81.950000
572.107492 -0.620000 -0.400000 0.610000 -0.130000 0.010000 -0.020000 27.066287 -0.138230 0.000000 78.460000 83.080000
572.140586 0.610000 0.810000 -1.400000 0.030000 -0.010000 0.030000 28.269307 0.144214 0.000000 86.770000 81.950000
572.178122 0.260000 0.390000 -1.150000 0.010000 -0.020000 0.030000 27.066287 -0.138230 0.000000 78.460000 83.080000
572.211097 0.680000 0.020000 0.890000 0.010000 0.000000 -0.020000 26.654110 0.144214 0.000000 81.950000 77.130000
572.241818 -0.230000 0.740000 1.080000 -0.040000 -0.060000 -0.060000 27.461709 0.000000 0.000000 81.950000 81.950000
572.272261 -0.050000 0.040000 -1.080000 -0.110000 -0.000000 0.030000 27.651042 0.033810 0.000000 83.080000 81.950000
572.300152 0.470000 0.570000 -0.840000 0.040000 -0.090000 -0.060000 27.066287 -0.138230 0.000000 78.460000 83.080000
572.330885 -0.140000 -0.600000 0.390000 0.090000 0.070000 0.060000 28.269307 0.144214 0.000000 86.770000 81.950000
572.360598 -0.230000 -0.010000 1.630000 0.070000 -0.000000 -0.000000 29.076906 0.000000 0.000000 86.770000 86.770000
572.391607 -0.160000 -0.060000 -0.380000 -0.150000 -0.060000 -0.060000 27.066287 -0.138230 0.000000 78.460000 83.080000
572.421953 0.260000 -0.340000 -1.620000 0.060000 -0.120000 0.000000 29.076906 0.000000 0.000000 86.770000 86.770000
572.451906 0.020000 -0.020000 0.700000 0.160000 0.020000 -0.070000 28.269307 0.144214 0.000000 86.770000 81.950000
572.483226 -0.450000 -0.900000 1.640000 -0.080000 -0.100000 0.050000 28.269307 -0.144214 0.000000 81.950000 86.770000
572.519378 -0.430000 -0.270000 0.490000 -0.100000 0.050000 -0.050000 26.292198 0.000000 0.000000 78.460000 78.460000
572.556992 -0.000000 0.750000 -1.060000 0.020000 -0.010000 0.030000 29.076906 0.000000 0.000000 86.770000 86.770000
572.593753 0.280000 0.320000 -0.410000 0.010000 -0.020000 0.050000 27.840375 0.000000 0.000000 83.080000 83.080000
572.628779 -0.290000 0.080000 -0.120000 -0.000000 0.020000 -0.080000 26.654110 0.144214 0.000000 81.950000 77.130000
572.662623 0.380000 0.360000 1.080000 -0.050000 -0.010000 0.040000 29.076906 0.000000 0.000000 86.770000 86.770000
572.693982 0.300000 0.600000 -1.470000 -0.110000 0.060000 -0.140000 28.269307 -0.144214 0.000000 81.950000 86.770000
572.727787 0.130000 0.150000 -1.160000 0.000000 -0.100000 0.100000 27.066287 0.138230 0.000000 83.080000 78.460000
572.766892 0.420000 -0.480000 0.550000 0.090000 0.120000 -0.030000 28.269307 -0.144214 0.000000 81.950000 86.770000
572.804434 -0.490000 -0.610000 1.040000 0.080000 -0.020000 0.010000 28.269307 -0.144214 0.000000 81.950000 86.770000
572.839845 0.120000 0.170000 0.530000 -0.140000 -0.020000 -0.010000 27.066287 0.138230 0.000000 83.080000 78.460000
572.867799 0.230000 0.680000 -1.160000 0.000000 -0.030000 -0.100000 27.066287 0.138230 0.000000 83.080000 78.460000
572.902484 -0.030000 -0.110000 -1.150000 0.160000 0.060000 0.040000 28.269307 -0.144214 0.000000 81.950000 86.770000
572.932223 0.050000 -0.470000 1.060000 0.010000 -0.040000 -0.080000 28.269307 0.144214 0.000000 86.770000 81.950000
572.960187 -0.690000 -0.580000 0.600000 -0.080000 0.010000 0.030000 27.066287 0.138230 0.000000 83.080000 78.460000
572.990254 -0.270000 -0.070000 0.020000 -0.100000 -0.060000 -0.030000 28.269307 -0.144214 0.000000 81.950000 86.770000
573.024459 -0.490000 0.210000 -0.590000 -0.040000 -0.010000 0.130000 28.458641 -0.110405 0.000000 83.080000 86.770000
573.058388 0.750000 0.090000 -0.220000 0.000000 0.120000 -0.000000 26.654110 0.144214 0.000000 81.950000 77.130000
573.096661 -0.040000 -0.200000 -0.140000 0.020000 0.040000 -0.060000 29.076906 0.000000 0.000000 86.770000 86.770000
573.131693 0.410000 0.730000 -1.440000 -0.090000 -0.020000 0.070000 27.461709 0.000000 0.000000 81.950000 81.950000
573.162953 0.430000 0.510000 -0.560000 -0.040000 -0.030000 -0.060000 27.840375 0.000000 0.000000 83.080000 83.080000
573.192657 -0.140000 -0.570000 -0.740000 0.110000 0.070000 0.090000 28.269307 0.144214 0.000000 86.770000 81.950000
573.222074 -0.060000 -0.530000 2.020000 0.160000 -0.030000 -0.030000 28.269307 -0.144214 0.000000 81.950000 86.770000
573.251831 -0.740000 -0.160000 0.340000 -0.090000 -0.080000 0.030000 27.066287 0.138230 0.000000 83.080000 78.460000
573.280951 0.770000 0.750000 0.190000 -0.010000 0.120000 -0.010000 27.066287 -0.138230 0.000000 78.460000 83.080000
573.317071 -0.110000 -0.440000 -1.770000 0.190000 0.090000 -0.100000 29.884505 0.144214 0.000000 91.590000 86.770000
573.354226 -0.050000 -0.300000 1.200000 0.060000 0.040000 0.110000 26.654110 -0.144214 0.000000 77.130000 81.950000
573.387056 -0.030000 -0.260000 0.890000 -0.040000 0.010000 -0.110000 27.066287 -0.138230 0.000000 78.460000 83.080000
573.423756 -0.580000 0.100000 -0.850000 -0.120000 -0.050000 0.040000 28.269307 0.144214 0.000000 86.770000 81.950000
573.458609 0.070000 0.530000 -0.530000 -0.080000 0.000000 0.040000 28.269307 0.144214 0.000000 86.770000 81.950000
573.492987 -0.270000 -0.710000 -0.470000 0.030000 0.180000 -0.020000 27.461709 0.000000 0.000000 81.950000 81.950000
573.524982 0.490000 -0.020000 -0.150000 -0.000000 0.060000 0.000000 27.461709 0.000000 0.000000 81.950000 81.950000
573.561429 -0.360000 0.370000 -0.430000 -0.070000 0.030000 -0.070000 28.269307 -0.144214 0.000000 81.950000 86.770000
573.592483 -0.060000 0.870000 0.610000 -0.180000 0.020000 0.070000 26.292198 0.000000 0.000000 78.460000 78.460000
573.619932 0.320000 0.340000 -0.020000 0.090000 0.040000 -0.080000 25.846511 -0.288428 0.000000 72.310000 81.950000
573.653311 -0.290000 -0.370000 1.120000 0.180000 -0.050000 0.040000 28.269307 0.144214 0.000000 86.770000 81.950000
573.691712 0.230000 0.050000 1.330000 -0.080000 -0.040000 -0.000000 27.066287 -0.138230 0.000000 78.460000 83.080000
573.723106 -0.980000 -1.290000 -0.550000 -0.020000 0.000000 -0.010000 26.292198 0.000000 0.000000 78.460000 78.460000
573.750733 0.630000 0.240000 -0.860000 0.120000 -0.040000 0.020000 29.076906 0.000000 0.000000 86.770000 86.770000
573.782620 0.080000 0.160000 -0.690000 0.110000 0.030000 -0.030000 29.076906 0.000000 0.000000 86.770000 86.770000
573.811052 -0.190000 -0.440000 1.580000 0.070000 -0.110000 0.050000 27.066287 0.138230 0.000000 83.080000 78.460000
573.842854 -0.200000 0.100000 1.300000 -0.140000 0.020000 -0.080000 28.269307 0.144214 0.000000 86.770000 81.950000
573.871608 -0.080000 0.150000 -1.130000 -0.150000 -0.100000 0.100000 27.461709 0.000000 0.000000 81.950000 81.950000
573.900988 0.280000 0.100000 -0.220000 0.020000 -0.020000 -0.070000 27.461709 0.000000 0.000000 81.950000 81.950000
573.931253 -0.480000 -0.470000 -0.300000 0.060000 -0.020000 0.030000 27.066287 0.138230 0.000000 83.080000 78.460000
573.960756 0.040000 0.470000 0.840000 0.000000 0.000000 0.020000 29.076906 -0.288428 0.000000 81.950000 91.590000
573.988355 -0.700000 0.640000 -0.580000 -0.210000 0.010000 -0.050000 27.066287 -0.138230 0.000000 78.460000 83.080000
574.025318 0.470000 -0.030000 -1.790000 0.040000 -0.070000 0.040000 27.461709 0.000000 0.000000 81.950000 81.950000
574.058326 0.660000 -0.260000 0.130000 0.190000 0.020000 -0.050000 28.269307 -0.144214 0.000000 81.950000 86.770000
574.096675 -0.370000 -0.420000 1.910000 0.020000 -0.020000 0.080000 27.840375 0.000000 0.000000 83.080000 83.080000
574.133918 -0.060000 -0.420000 -0.700000 -0.080000 0.030000 0.000000 27.066287 0.138230 0.000000 83.080000 78.460000
574.168781 0.100000 -0.210000 -1.240000 0.160000 0.000000 0.040000 29.076906 0.000000 0.000000 86.770000 86.770000
574.206013 0.650000 0.120000 -0.210000 0.140000 0.010000 0.020000 28.269307 -0.144214 0.000000 81.950000 86.770000
574.243968 0.130000 -0.140000 0.580000 0.050000 -0.030000 -0.050000 27.066287 -0.138230 0.000000 78.460000 83.080000
574.277420 -0.190000 -0.180000 1.450000 -0.070000 0.010000 0.030000 28.269307 0.144214 0.000000 86.770000 81.950000
574.314182 0.030000 0.240000 -0.650000 -0.160000 -0.060000 -0.100000 26.654110 -0.144214 0.000000 77.130000 81.950000
574.350619 -0.130000 -0.010000 -0.440000 -0.020000 -0.080000 0.060000 24.231314 -0.288428 0.000000 67.490000 77.130000
574.380724 0.130000 -0.490000 -0.480000 0.080000 0.170000 -0.040000 23.200871 -0.276161 0.000000 64.620000 73.850000
574.408426 -0.280000 -0.050000 0.780000 0.090000 0.030000 -0.060000 21.808517 -0.432642 0.000000 57.850000 72.310000
574.445059 -0.160000 -0.880000 0.470000 -0.000000 0.100000 -0.070000 19.332105 -0.690552 0.000000 46.150000 69.230000
574.480726 -0.410000 -1.120000 0.100000 0.060000 0.110000 -0.350000 16.153651 -0.865584 0.000000 33.740000 62.670000
574.510159 0.380000 -0.640000 0.530000 -0.080000 0.000000 -0.570000 14.538453 -1.154012 0.000000 24.100000 62.670000
574.539648 -0.130000 0.010000 -0.450000 -0.010000 0.060000 -0.640000 11.308058 -1.442440 0.000000 9.640000 57.850000
574.574802 0.580000 0.610000 0.170000 -0.010000 -0.030000 -0.870000 7.732507 -1.380805 0.000000 0.000000 46.150000
574.609258 0.080000 0.320000 0.020000 0.020000 0.060000 -0.970000 8.077663 -1.442440 0.000000 0.000000 48.210000
574.637686 0.700000 0.870000 1.320000 0.040000 0.010000 -1.130000 7.268389 -1.297927 0.000000 0.000000 43.380000
574.673646 -0.570000 0.930000 -0.560000 -0.020000 0.000000 -1.110000 6.186005 -1.104644 0.000000 0.000000 36.920000
574.707895 -0.110000 0.420000 -0.090000 0.010000 0.010000 -1.000000 6.186005 -1.104644 0.000000 0.000000 36.920000
574.743649 0.070000 0.540000 -0.010000 0.020000 0.000000 -1.020000 6.460790 -1.153713 0.000000 0.000000 38.560000
574.775813 0.040000 0.400000 -0.260000 -0.010000 -0.010000 -1.060000 6.460790 -1.153713 0.000000 0.000000 38.560000
574.811683 -0.310000 -0.290000 0.340000 -0.020000 -0.010000 -1.200000 5.411917 -1.242874 0.000000 -4.620000 36.920000
574.842338 -0.240000 0.160000 -0.470000 -0.000000 -0.030000 -1.310000 4.037994 -1.297927 0.000000 -9.640000 33.740000
574.872819 -0.000000 0.370000 0.020000 0.030000 -0.010000 -1.280000 3.332601 -1.423889 0.000000 -13.850000 33.740000
574.902987 -0.230000 -0.190000 -0.290000 -0.010000 -0.010000 -1.370000 4.037994 -1.586355 0.000000 -14.460000 38.560000
574.937824 -0.100000 0.120000 -0.110000 0.000000 0.000000 -1.430000 2.422796 -1.586355 0.000000 -19.280000 33.740000
574.971730 0.600000 0.170000 -0.620000 -0.000000 0.000000 -1.490000 3.230395 -1.442141 0.000000 -14.460000 33.740000
575.005006 0.080000 0.080000 0.430000 0.020000 -0.020000 -1.490000 1.546501 -1.657265 0.000000 -23.080000 32.310000
575.037814 0.020000 0.110000 0.140000 0.000000 -0.010000 -1.530000 2.422796 -1.586355 0.000000 -19.280000 33.740000
575.074244 0.320000 0.280000 -0.430000 0.020000 -0.000000 -1.540000 1.615198 -1.730569 0.000000 -24.100000 33.740000
575.109296 0.060000 0.060000 0.160000 0.030000 -0.010000 -1.560000 2.320590 -1.519035 0.000000 -18.460000 32.310000
575.137305 -0.230000 0.110000 0.160000 -0.010000 0.020000 -1.550000 1.546501 -1.657265 0.000000 -23.080000 32.310000
575.172824 -0.040000 0.040000 0.090000 0.010000 -0.030000 -1.610000 2.422796 -1.874783 0.000000 -24.100000 38.560000
575.200966 -0.310000 -0.060000 0.080000 0.000000 -0.020000 -1.630000 3.230395 -1.730569 0.000000 -19.280000 38.560000
575.238761 0.010000 -0.100000 0.230000 -0.010000 -0.010000 -1.710000 1.546501 -1.657265 0.000000 -23.080000 32.310000
575.271823 -0.400000 -0.100000 -0.130000 0.010000 0.000000 -1.640000 2.422796 -1.874783 0.000000 -24.100000 38.560000
575.302818 0.440000 -0.100000 -0.310000 -0.000000 -0.030000 -1.670000 1.615198 -2.018997 0.000000 -28.920000 38.560000
575.333090 0.010000 -0.330000 0.580000 -0.000000 0.010000 -1.660000 4.037994 -1.586355 0.000000 -14.460000 38.560000
575.363678 0.230000 -0.080000 -0.510000 0.000000 0.000000 -1.750000 1.615198 -2.018997 0.000000 -28.920000 38.560000
575.400697 -0.360000 -0.360000 -0.240000 0.010000 0.000000 -1.710000 2.422796 -1.874783 0.000000 -24.100000 38.560000
575.428668 0.330000 0.260000 0.360000 -0.010000 -0.010000 -1.700000 1.546501 -1.933127 0.000000 -27.690000 36.920000
575.467133 0.110000 -0.010000 -0.390000 0.000000 -0.010000 -1.710000 2.422796 -1.874783 0.000000 -24.100000 38.560000
575.500237 0.050000 -0.240000 0.110000 -0.010000 -0.000000 -1.700000 1.615198 -2.018997 0.000000 -28.920000 38.560000
575.536118 0.050000 -0.010000 0.040000 0.000000 0.000000 -1.650000 2.318914 -1.795196 0.000000 -23.080000 36.920000
575.569157 0.240000 0.080000 0.220000 0.010000 -0.020000 -1.680000 1.546501 -1.933127 0.000000 -27.690000 36.920000
575.608259 0.050000 0.010000 -0.130000 0.010000 -0.000000 -1.730000 2.422796 -1.874783 0.000000 -24.100000 38.560000
575.646646 -0.650000 -0.120000 0.170000 -0.010000 0.000000 -1.650000 2.422796 -1.874783 0.000000 -24.100000 38.560000
575.679109 -0.160000 0.380000 0.050000 0.010000 0.010000 -1.610000 2.318914 -1.795196 0.000000 -23.080000 36.920000
575.709058 -0.230000 -0.110000 -0.130000 0.000000 -0.000000 -1.640000 2.422796 -1.874783 0.000000 -24.100000 38.560000
575.746903 -0.200000 0.050000 0.040000 -0.010000 -0.020000 -1.610000 0.807599 -1.586355 0.000000 -24.100000 28.920000
575.782873 0.200000 -0.250000 0.130000 0.010000 -0.010000 -1.640000 2.422796 -1.874783 0.000000 -24.100000 38.560000
575.811274 0.150000 0.130000 -0.010000 -0.010000 -0.020000 -1.670000 2.318914 -1.795196 0.000000 -23.080000 36.920000
575.846880 -0.380000 -0.090000 -0.040000 -0.010000 -0.020000 -1.730000 2.422796 -1.874783 0.000000 -24.100000 38.560000
575.882941 -0.230000 0.320000 -0.000000 0.020000 0.010000 -1.730000 1.546501 -1.933127 0.000000 -27.690000 36.920000
575.914674 0.210000 -0.180000 -0.220000 -0.000000 0.010000 -1.730000 1.615198 -2.018997 0.000000 -28.920000 38.560000
575.950985 0.130000 -0.180000 0.030000 -0.010000 -0.020000 -1.690000 0.807599 -1.586355 0.000000 -24.100000 28.920000
575.982056 0.270000 -0.110000 0.080000 -0.010000 0.000000 -1.680000 2.422796 -1.874783 0.000000 -24.100000 38.560000
576.013731 -0.080000 -0.110000 -0.540000 -0.010000 -0.010000 -1.710000 2.318914 -1.795196 0.000000 -23.080000 36.920000
576.046329 0.530000 -0.140000 -0.070000 0.000000 0.010000 -1.680000 1.615198 -2.018997 0.000000 -28.920000 38.560000
576.081999 -0.190000 0.120000 -0.010000 -0.010000 -0.000000 -1.640000 2.422796 -1.874783 0.000000 -24.100000 38.560000
576.112244 0.110000 0.060000 0.060000 0.000000 0.020000 -1.650000 2.318914 -1.795196 0.000000 -23.080000 36.920000
576.141642 0.250000 0.030000 0.220000 0.000000 0.010000 -1.690000 1.340413 -1.969928 0.000000 -28.920000 36.920000
576.170863 -0.430000 0.030000 0.200000 0.000000 0.000000 -1.620000 1.615198 -2.018997 0.000000 -28.920000 38.560000
576.199718 -0.020000 0.020000 0.170000 0.010000 0.020000 -1.630000 1.615198 -1.730569 0.000000 -24.100000 33.740000
576.236893 0.110000 -0.050000 0.140000 -0.000000 -0.010000 -1.690000 2.318914 -1.795196 0.000000 -23.080000 36.920000
576.270651 -0.180000 0.190000 -0.010000 0.010000 0.000000 -1.680000 2.422796 -1.874783 0.000000 -24.100000 38.560000
576.308608 -0.030000 -0.210000 0.690000 -0.000000 0.010000 -1.670000 0.772413 -1.519035 0.000000 -23.080000 27.690000
576.346524 -0.190000 0.140000 -0.390000 0.010000 0.000000 -1.720000 2.422796 -1.874783 0.000000 -24.100000 38.560000
576.380945 -0.040000 0.030000 0.420000 0.010000 -0.000000 -1.740000 2.422796 -1.874783 0.000000 -24.100000 38.560000
576.416314 -0.020000 -0.340000 0.130000 -0.020000 -0.000000 -1.700000 3.230395 -2.018997 0.000000 -24.100000 43.380000
576.452618 0.210000 0.410000 -0.200000 0.010000 0.000000 -1.710000 2.318914 -1.795196 0.000000 -23.080000 36.920000
576.483089 0.160000 -0.300000 -0.030000 0.000000 0.020000 -1.770000 2.422796 -1.874783 0.000000 -24.100000 38.560000
576.511966 0.180000 0.120000 -0.070000 0.000000 -0.020000 -1.770000 1.615198 -2.018997 0.000000 -28.920000 38.560000
576.549225 -0.000000 -0.180000 -0.270000 -0.010000 0.000000 -1.740000 3.093003 -1.933426 0.000000 -23.080000 41.540000
576.586075 -0.220000 0.070000 -0.140000 -0.030000 -0.020000 -1.740000 2.318914 -1.795196 0.000000 -23.080000 36.920000
576.620177 -0.100000 0.060000 -0.310000 0.010000 0.020000 -1.740000 3.230395 -2.018997 0.000000 -24.100000 43.380000
576.654892 -0.230000 -0.200000 0.160000 -0.010000 -0.000000 -1.700000 2.422796 -1.874783 0.000000 -24.100000 38.560000
576.691294 0.530000 0.240000 -0.290000 0.040000 -0.020000 -1.700000 2.318914 -1.795196 0.000000 -23.080000 36.920000
576.721879 -0.510000 -0.270000 -0.180000 0.010000 -0.020000 -1.700000 3.230395 -2.018997 0.000000 -24.100000 43.380000
576.751419 0.060000 0.280000 0.410000 0.000000 0.010000 -1.760000 2.422796 -1.874783 0.000000 -24.100000 38.560000
576.780923 0.060000 -0.510000 -0.420000 0.020000 0.000000 -1.770000 2.422796 -1.874783 0.000000 -24.100000 38.560000
576.808908 0.030000 0.490000 0.050000 0.010000 0.010000 -1.780000 2.422796 -1.874783 0.000000 -24.100000 38.560000
576.847768 0.020000 -0.160000 0.020000 0.010000 -0.000000 -1.790000 2.422796 -1.874783 0.000000 -24.100000 38.560000
576.881069 0.220000 0.200000 0.100000 0.010000 -0.010000 -1.800000 3.093003 -1.933426 0.000000 -23.080000 41.540000
576.916854 0.500000 -0.150000 -0.220000 0.010000 -0.020000 -1.810000 2.422796 -1.874783 0.000000 -24.100000 38.560000
576.954978 -0.590000 -0.250000 0.200000 0.020000 -0.040000 -1.840000 2.422796 -2.163211 0.000000 -28.920000 43.380000
576.987729 -0.300000 0.440000 0.290000 0.010000 0.000000 -1.780000 3.093003 -1.933426 0.000000 -23.080000 41.540000
577.023323 0.420000 -0.210000 -0.240000 0.000000 0.010000 -1.790000 3.093003 -1.933426 0.000000 -23.080000 41.540000
577.051788 -0.230000 0.330000 0.360000 0.020000 -0.010000 -1.760000 4.037994 -1.874783 0.000000 -19.280000 43.380000
577.082285 -0.040000 -0.010000 0.040000 0.000000 -0.010000 -1.780000 3.230395 -2.018997 0.000000 -24.100000 43.380000
577.110452 0.000000 -0.150000 0.110000 -0.000000 -0.020000 -1.780000 2.318914 -1.795196 0.000000 -23.080000 36.920000
577.140681 0.210000 0.070000 0.320000 0.000000 -0.020000 -1.750000 1.615198 -2.018997 0.000000 -28.920000 38.560000
577.168661 -0.110000 -0.420000 0.250000 -0.030000 0.010000 -1.760000 2.422796 -1.874783 0.000000 -24.100000 38.560000
577.204728 0.230000 0.460000 -0.170000 0.000000 -0.010000 -1.760000 3.230395 -2.018997 0.000000 -24.100000 43.380000
577.238410 -0.030000 -0.310000 -0.410000 0.000000 0.010000 -1.740000 1.340413 -1.969928 0.000000 -28.920000 36.920000
577.274173 -0.080000 0.310000 -0.190000 0.020000 -0.010000 -1.690000 3.230395 -2.018997 0.000000 -24.100000 43.380000
577.309781 -0.170000 -0.110000 0.090000 0.010000 0.000000 -1.690000 2.318914 -1.795196 0.000000 -23.080000 36.920000
577.338275 0.230000 0.340000 -0.080000 0.010000 0.000000 -1.720000 4.037994 -1.586355 0.000000 -14.460000 38.560000
577.375067 0.060000 -0.390000 -0.140000 0.020000 -0.020000 -1.690000 3.230395 -2.018997 0.000000 -24.100000 43.380000
577.410526 -0.090000 0.270000 0.120000 -0.000000 -0.020000 -1.700000 2.318914 -1.795196 0.000000 -23.080000 36.920000
577.448040 0.480000 -0.160000 -0.030000 0.010000 -0.010000 -1.760000 1.546501 -1.933127 0.000000 -27.690000 36.920000
577.484941 -0.270000 -0.250000 -0.220000 -0.020000 -0.020000 -1.780000 4.037994 -1.874783 0.000000 -19.280000 43.380000
577.518841 0.080000 0.190000 0.220000 0.010000 0.010000 -1.760000 3.230395 -2.018997 0.000000 -24.100000 43.380000
577.555052 -0.030000 -0.040000 -0.110000 -0.000000 0.010000 -1.820000 2.320590 -2.071357 0.000000 -27.690000 41.540000
577.592106 -0.110000 0.400000 0.230000 0.020000 -0.020000 -1.800000 2.422796 -1.874783 0.000000 -24.100000 38.560000
577.623336 -0.110000 -0.470000 0.030000 -0.010000 -0.010000 -1.790000 2.422796 -1.874783 0.000000 -24.100000 38.560000
577.655869 -0.010000 0.490000 0.140000 0.000000 -0.020000 -1.720000 3.230395 -2.018997 0.000000 -24.100000 43.380000
577.694086 0.460000 -0.110000 0.170000 -0.000000 -0.030000 -1.800000 3.093003 -1.933426 0.000000 -23.080000 41.540000
577.729353 -0.500000 -0.060000 -0.310000 -0.010000 -0.010000 -1.800000 1.615198 -2.018997 0.000000 -28.920000 38.560000
577.765074 -0.050000 -0.220000 -0.020000 0.010000 0.000000 -1.690000 1.546501 -1.657265 0.000000 -23.080000 32.310000
577.801874 0.170000 0.170000 -0.150000 -0.020000 0.010000 -1.750000 1.615198 -1.730569 0.000000 -24.100000 33.740000
577.831487 0.130000 0.160000 -0.060000 0.030000 -0.000000 -1.770000 3.230395 -2.018997 0.000000 -24.100000 43.380000
577.861964 0.060000 -0.510000 0.010000 -0.010000 -0.010000 -1.800000 1.615198 -2.018997 0.000000 -28.920000 38.560000
577.890258 -0.130000 0.450000 -0.090000 0.000000 -0.020000 -1.780000 3.093003 -1.933426 0.000000 -23.080000 41.540000
577.921043 0.230000 -0.150000 0.160000 -0.000000 0.010000 -1.880000 2.422796 -2.163211 0.000000 -28.920000 43.380000
577.956072 -0.470000 0.120000 -0.460000 -0.030000 0.010000 -1.860000 2.422796 -2.163211 0.000000 -28.920000 43.380000
577.996864 -0.050000 0.020000 0.170000 -0.010000 -0.010000 -1.740000 3.093003 -1.933426 0.000000 -23.080000 41.540000
578.033883 0.360000 -0.040000 -0.060000 0.000000 -0.010000 -1.790000 2.318914 -1.795196 0.000000 -23.080000 36.920000
578.066991 -0.180000 0.150000 0.100000 0.010000 -0.000000 -1.760000 2.422796 -2.163211 0.000000 -28.920000 43.380000
578.103897 -0.200000 -0.120000 0.160000 -0.010000 -0.010000 -1.700000 2.422796 -1.874783 0.000000 -24.100000 38.560000
578.140844 -0.260000 0.070000 0.040000 0.000000 0.000000 -1.630000 3.093003 -1.933426 0.000000 -23.080000 41.540000
578.170463 0.010000 0.090000 0.020000 0.010000 0.010000 -1.660000 1.615198 -2.018997 0.000000 -28.920000 38.560000
578.200836 -0.090000 -0.030000 0.080000 -0.010000 0.010000 -1.610000 1.615198 -1.730569 0.000000 -24.100000 33.740000
578.230486 0.210000 -0.090000 -0.090000 0.010000 -0.020000 -1.570000 3.230395 -1.730569 0.000000 -19.280000 38.560000
578.259394 0.160000 0.320000 -0.100000 -0.010000 -0.010000 -1.590000 2.422796 -1.874783 0.000000 -24.100000 38.560000
578.295630 -0.340000 -0.010000 0.180000 0.000000 -0.010000 -1.590000 2.422796 -1.874783 0.000000 -24.100000 38.560000
578.331824 -0.040000 -0.040000 -0.230000 0.000000 0.000000 -1.630000 3.865416 -1.519035 0.000000 -13.850000 36.920000
578.360291 -0.430000 -0.190000 0.150000 0.010000 -0.010000 -1.550000 3.230395 -1.730569 0.000000 -19.280000 38.560000
578.389935 0.060000 0.220000 -0.020000 -0.000000 0.020000 -1.550000 2.422796 -1.874783 0.000000 -24.100000 38.560000
578.419239 0.170000 0.060000 -0.180000 0.000000 -0.000000 -1.600000 1.546501 -1.657265 0.000000 -23.080000 32.310000
578.458066 -0.210000 -0.090000 -0.390000 -0.010000 -0.020000 -1.610000 1.546501 -1.657265 0.000000 -23.080000 32.310000
578.490792 -0.040000 0.230000 0.350000 0.020000 -0.010000 -1.560000 3.230395 -1.730569 0.000000 -19.280000 38.560000
578.522725 0.310000 -0.090000 -0.230000 -0.000000 -0.030000 -1.600000 2.422796 -1.874783 0.000000 -24.100000 38.560000
578.550405 -0.160000 0.080000 0.080000 0.000000 0.010000 -1.630000 1.546501 -1.657265 0.000000 -23.080000 32.310000
578.582973 0.450000 0.090000 0.310000 0.010000 -0.020000 -1.640000 2.422796 -1.874783 0.000000 -24.100000 38.560000
578.611617 -0.190000 -0.300000 -0.170000 -0.010000 0.000000 -1.650000 1.615198 -1.730569 0.000000 -24.100000 33.740000
578.641029 0.010000 0.400000 0.240000 -0.000000 -0.030000 -1.660000 2.422796 -1.874783 0.000000 -24.100000 38.560000
578.679931 -0.210000 -0.020000 0.340000 0.020000 0.000000 -1.630000 1.615198 -2.018997 0.000000 -28.920000 38.560000
578.709879 0.410000 0.010000 -0.630000 -0.010000 -0.020000 -1.700000 2.422796 -1.874783 0.000000 -24.100000 38.560000
578.745517 -0.500000 -0.340000 0.050000 0.010000 0.000000 -1.620000 1.546501 -1.657265 0.000000 -23.080000 32.310000
578.780997 0.650000 0.130000 -0.000000 -0.000000 0.030000 -1.630000 2.422796 -1.874783 0.000000 -24.100000 38.560000
578.812195 0.040000 -0.250000 0.050000 -0.010000 0.020000 -1.670000 1.615198 -2.018997 0.000000 -28.920000 38.560000
578.841855 0.250000 0.140000 0.020000 -0.000000 -0.020000 -1.630000 2.318914 -1.795196 0.000000 -23.080000 36.920000
578.872947 -0.020000 -0.090000 -0.030000 0.010000 0.000000 -1.580000 2.318914 -1.795196 0.000000 -23.080000 36.920000
578.901733 -0.040000 -0.200000 0.370000 -0.020000 -0.020000 -1.610000 2.422796 -1.874783 0.000000 -24.100000 38.560000
578.932754 0.220000 -0.150000 -0.360000 -0.000000 0.010000 -1.610000 2.422796 -1.874783 0.000000 -24.100000 38.560000
578.960770 0.020000 0.380000 -0.270000 0.010000 -0.030000 -1.620000 1.546501 -1.657265 0.000000 -23.080000 32.310000
578.998911 0.030000 0.060000 0.200000 -0.000000 -0.000000 -1.630000 2.422796 -1.874783 0.000000 -24.100000 38.560000
579.033935 -0.370000 -0.270000 -0.440000 -0.000000 0.010000 -1.590000 0.807599 -1.874783 0.000000 -28.920000 33.740000
579.069006 0.180000 0.140000 0.330000 0.010000 -0.020000 -1.610000 2.422796 -1.874783 0.000000 -24.100000 38.560000
579.106614 0.040000 -0.210000 0.060000 0.000000 -0.020000 -1.600000 2.318914 -1.795196 0.000000 -23.080000 36.920000
579.144243 0.080000 -0.080000 0.310000 -0.000000 -0.020000 -1.590000 2.422796 -1.874783 0.000000 -24.100000 38.560000
579.180200 -0.090000 -0.300000 0.050000 -0.020000 -0.020000 -1.580000 2.320590 -1.519035 0.000000 -18.460000 32.310000
579.211512 0.030000 0.290000 -0.010000 -0.000000 -0.000000 -1.600000 1.615198 -1.730569 0.000000 -24.100000 33.740000
579.249051 -0.410000 -0.080000 -0.140000 -0.000000 -0.050000 -1.630000 1.615198 -1.730569 0.000000 -24.100000 33.740000
579.286621 -0.180000 -0.210000 0.130000 -0.000000 0.010000 -1.550000 2.422796 -1.874783 0.000000 -24.100000 38.560000
579.321242 0.230000 0.030000 -0.140000 -0.000000 -0.000000 -1.610000 0.774088 -1.795196 0.000000 -27.690000 32.310000
579.357255 0.010000 -0.100000 0.050000 -0.000000 0.010000 -1.620000 3.230395 -1.730569 0.000000 -19.280000 38.560000
579.394382 0.140000 0.220000 -0.720000 -0.020000 -0.020000 -1.650000 1.615198 -1.730569 0.000000 -24.100000 33.740000
579.429701 0.140000 -0.170000 0.210000 0.000000 0.030000 -1.630000 2.318914 -1.795196 0.000000 -23.080000 36.920000
579.464895 0.210000 0.120000 0.080000 -0.000000 -0.020000 -1.650000 2.148012 -1.825714 0.000000 -24.100000 36.920000
579.504711 -0.350000 -0.050000 0.060000 -0.010000 -0.000000 -1.620000 2.422796 -1.874783 0.000000 -24.100000 38.560000
579.540874 0.230000 -0.000000 0.050000 -0.010000 0.020000 -1.700000 1.615198 -1.730569 0.000000 -24.100000 33.740000
579.576889 -0.150000 0.070000 0.080000 -0.000000 -0.030000 -1.660000 2.318914 -1.795196 0.000000 -23.080000 36.920000
579.613160 -0.220000 0.250000 -0.040000 -0.000000 -0.020000 -1.640000 2.422796 -1.874783 0.000000 -24.100000 38.560000
579.642631 0.000000 -0.020000 -0.010000 0.010000 -0.020000 -1.680000 2.318914 -1.795196 0.000000 -23.080000 36.920000
579.674069 -0.300000 -0.300000 0.080000 0.010000 0.000000 -1.690000 1.615198 -1.730569 0.000000 -24.100000 33.740000
579.709729 -0.170000 0.120000 0.240000 -0.000000 -0.000000 -1.670000 2.422796 -1.874783 0.000000 -24.100000 38.560000
579.743136 0.000000 -0.240000 0.100000 0.020000 0.020000 -1.700000 2.422796 -1.874783 0.000000 -24.100000 38.560000
579.783218 0.300000 0.140000 -0.040000 0.010000 0.000000 -1.750000 2.318914 -1.795196 0.000000 -23.080000 36.920000
579.818759 -0.400000 -0.210000 -0.150000 -0.020000 0.010000 -1.730000 2.422796 -1.874783 0.000000 -24.100000 38.560000
579.855282 0.790000 0.170000 0.470000 -0.000000 -0.010000 -1.690000 3.230395 -2.018997 0.000000 -24.100000 43.380000
579.888713 0.060000 -0.140000 0.030000 0.010000 -0.020000 -1.710000 1.546501 -1.933127 0.000000 -27.690000 36.920000
579.928085 -0.350000 0.070000 0.030000 -0.010000 0.020000 -1.690000 2.318914 -1.795196 0.000000 -23.080000 36.920000
579.965734 0.070000 -0.280000 0.080000 -0.010000 0.010000 -1.650000 1.615198 -1.730569 0.000000 -24.100000 33.740000
580.000133 -0.060000 0.040000 -0.130000 -0.010000 0.020000 -1.670000 2.422796 -1.874783 0.000000 -24.100000 38.560000
580.031714 0.230000 0.230000 0.030000 0.010000 -0.010000 -1.730000 2.318914 -1.795196 0.000000 -23.080000 36.920000
580.062758 -0.260000 -0.160000 -0.220000 -0.030000 0.020000 -1.710000 1.615198 -2.018997 0.000000 -28.920000 38.560000
580.098092 0.190000 0.350000 0.070000 0.010000 -0.010000 -1.670000 2.422796 -1.874783 0.000000 -24.100000 38.560000
580.135155 -0.070000 -0.190000 -0.060000 0.000000 -0.010000 -1.700000 2.422796 -1.874783 0.000000 -24.100000 38.560000
580.169844 -0.120000 -0.030000 -0.180000 -0.020000 0.010000 -1.660000 1.615198 -2.018997 0.000000 -28.920000 38.560000
580.197819 0.300000 -0.070000 -0.040000 0.010000 0.010000 -1.690000 2.422796 -1.874783 0.000000 -24.100000 38.560000
580.235677 -0.060000 -0.150000 0.150000 0.010000 0.000000 -1.660000 1.546501 -1.933127 0.000000 -27.690000 36.920000
580.272651 -0.060000 0.020000 -0.260000 0.000000 0.000000 -1.710000 1.615198 -1.730569 0.000000 -24.100000 33.740000
580.302220 -0.280000 0.130000 0.130000 0.010000 -0.010000 -1.700000 2.422796 -1.874783 0.000000 -24.100000 38.560000
580.332077 0.320000 -0.170000 0.090000 0.020000 0.010000 -1.730000 2.318914 -1.795196 0.000000 -23.080000 36.920000
580.362957 -0.550000 0.160000 -0.420000 0.020000 -0.020000 -1.660000 2.318914 -1.795196 0.000000 -23.080000 36.920000
580.391868 -0.240000 0.010000 -0.030000 0.020000 0.030000 -1.610000 3.230395 -2.018997 0.000000 -24.100000 43.380000
580.422332 0.560000 -0.080000 -0.300000 0.010000 -0.020000 -1.650000 2.422796 -1.874783 0.000000 -24.100000 38.560000
580.452274 -0.080000 -0.040000 0.360000 0.010000 -0.020000 -1.650000 2.318914 -1.795196 0.000000 -23.080000 36.920000
580.481642 -0.130000 -0.150000 0.110000 0.000000 0.020000 -1.650000 2.422796 -1.874783 0.000000 -24.100000 38.560000
580.510514 0.390000 0.400000 -0.010000 0.030000 -0.010000 -1.690000 1.615198 -2.018997 0.000000 -28.920000 38.560000
580.540367 -0.240000 0.270000 0.290000 0.020000 -0.010000 -1.740000 3.230395 -1.730569 0.000000 -19.280000 38.560000
580.571257 -0.380000 -0.690000 0.140000 0.010000 -0.000000 -1.650000 2.318914 -1.795196 0.000000 -23.080000 36.920000
580.605707 0.220000 0.490000 -0.150000 0.020000 -0.000000 -1.660000 3.230395 -2.018997 0.000000 -24.100000 43.380000
580.641519 -0.140000 -0.430000 0.230000 0.020000 0.010000 -1.680000 2.318914 -1.795196 0.000000 -23.080000 36.920000
580.671041 0.310000 0.050000 -0.150000 -0.010000 -0.010000 -1.700000 2.422796 -1.874783 0.000000 -24.100000 38.560000
580.700248 -0.010000 -0.060000 -0.110000 0.020000 -0.030000 -1.670000 2.422796 -1.874783 0.000000 -24.100000 38.560000
580.729863 0.070000 -0.180000 0.270000 0.020000 -0.030000 -1.670000 2.593699 -1.844264 0.000000 -23.080000 38.560000
580.763491 -0.070000 0.060000 -0.360000 0.000000 0.000000 -1.650000 3.093003 -1.933426 0.000000 -23.080000 41.540000
580.798617 0.270000 -0.130000 -0.220000 -0.000000 0.000000 -1.670000 1.615198 -1.730569 0.000000 -24.100000 33.740000
580.834349 -0.100000 0.140000 -0.210000 0.040000 -0.030000 -1.630000 3.230395 -2.018997 0.000000 -24.100000 43.380000
580.870633 -0.280000 0.200000 -0.000000 0.010000 0.010000 -1.610000 3.865416 -1.519035 0.000000 -13.850000 36.920000
580.899994 0.270000 -0.090000 0.080000 0.000000 -0.010000 -1.710000 2.422796 -1.874783 0.000000 -24.100000 38.560000
580.929424 -0.050000 -0.290000 -0.030000 0.010000 0.000000 -1.690000 4.845593 -1.730569 0.000000 -14.460000 43.380000
580.967125 0.290000 0.540000 0.130000 0.010000 -0.010000 -1.700000 2.422796 -1.874783 0.000000 -24.100000 38.560000
581.003187 -0.420000 -0.220000 0.360000 -0.000000 -0.040000 -1.730000 2.318914 -1.795196 0.000000 -23.080000 36.920000
581.034893 0.130000 0.400000 -0.310000 -0.010000 0.010000 -1.790000 3.230395 -2.018997 0.000000 -24.100000 43.380000
581.072006 -0.270000 -0.250000 0.380000 -0.010000 -0.000000 -1.740000 2.318914 -1.795196 0.000000 -23.080000 36.920000
581.107933 0.650000 0.130000 -0.180000 0.010000 -0.000000 -1.810000 3.230395 -2.018997 0.000000 -24.100000 43.380000
581.142869 -0.430000 -0.090000 -0.080000 0.010000 -0.020000 -1.790000 2.422796 -1.874783 0.000000 -24.100000 38.560000
581.170790 0.390000 -0.060000 0.110000 -0.000000 0.010000 -1.800000 1.615198 -2.018997 0.000000 -28.920000 38.560000
581.201855 -0.200000 0.070000 -0.250000 0.020000 -0.020000 -1.760000 3.093003 -1.933426 0.000000 -23.080000 41.540000
581.235763 0.060000 0.160000 -0.010000 0.010000 0.010000 -1.780000 3.230395 -2.018997 0.000000 -24.100000 43.380000
581.272646 -0.150000 0.130000 0.280000 -0.010000 -0.010000 -1.770000 2.422796 -2.163211 0.000000 -28.920000 43.380000
581.301111 0.070000 -0.060000 -0.190000 0.010000 0.030000 -1.710000 2.318914 -1.795196 0.000000 -23.080000 36.920000
581.330270 0.620000 0.020000 0.030000 0.000000 -0.010000 -1.720000 3.093003 -1.933426 0.000000 -23.080000 41.540000
581.359225 -0.550000 -0.400000 -0.270000 -0.030000 0.000000 -1.670000 2.422796 -1.874783 0.000000 -24.100000 38.560000
581.394878 0.480000 0.360000 0.150000 -0.020000 0.000000 -1.700000 2.422796 -1.874783 0.000000 -24.100000 38.560000
581.431274 -0.170000 -0.150000 0.140000 0.010000 -0.020000 -1.680000 2.318914 -1.795196 0.000000 -23.080000 36.920000
581.461843 -0.440000 0.080000 -0.130000 -0.020000 -0.000000 -1.680000 3.230395 -2.018997 0.000000 -24.100000 43.380000
581.490832 -0.140000 -0.080000 0.090000 0.020000 -0.030000 -1.650000 2.422796 -1.874783 0.000000 -24.100000 38.560000
581.531039 -0.240000 -0.240000 0.040000 -0.020000 -0.010000 -1.670000 4.037994 -1.586355 0.000000 -14.460000 38.560000
581.562374 -0.150000 0.270000 -0.120000 -0.000000 -0.000000 -1.620000 2.422796 -1.874783 0.000000 -24.100000 38.560000
581.591954 0.430000 0.040000 -0.160000 0.010000 -0.010000 -1.670000 2.422796 -1.874783 0.000000 -24.100000 38.560000
581.621315 0.250000 0.110000 0.250000 -0.010000 -0.020000 -1.740000 3.093003 -1.933426 0.000000 -23.080000 41.540000
581.651264 -0.360000 0.060000 -0.140000 -0.010000 -0.010000 -1.740000 2.422796 -1.874783 0.000000 -24.100000 38.560000
581.680216 0.230000 0.170000 0.130000 0.000000 -0.000000 -1.810000 3.230395 -2.018997 0.000000 -24.100000 43.380000
581.710139 -0.310000 -0.130000 -0.090000 -0.020000 0.020000 -1.820000 3.093003 -1.933426 0.000000 -23.080000 41.540000
581.739779 -0.100000 0.000000 -0.100000 -0.010000 0.020000 -1.760000 2.320590 -2.071357 0.000000 -27.690000 41.540000
581.774660 0.340000 0.200000 0.190000 0.020000 0.010000 -1.730000 2.422796 -1.874783 0.000000 -24.100000 38.560000
581.808353 0.110000 -0.070000 -0.120000 -0.000000 0.010000 -1.770000 2.422796 -1.874783 0.000000 -24.100000 38.560000
581.846404 -0.430000 -0.100000 0.110000 0.010000 -0.010000 -1.790000 2.320590 -2.071357 0.000000 -27.690000 41.540000
581.882283 0.100000 -0.090000 0.080000 -0.010000 0.020000 -1.780000 2.422796 -1.874783 0.000000 -24.100000 38.560000
581.912429 0.220000 0.140000 0.010000 -0.000000 0.010000 -1.810000 3.230395 -2.018997 0.000000 -24.100000 43.380000
581.943332 -0.020000 -0.150000 0.200000 -0.010000 -0.010000 -1.870000 1.615198 -2.018997 0.000000 -28.920000 38.560000
581.972751 0.040000 0.190000 -0.010000 -0.000000 -0.010000 -1.920000 2.422796 -2.163211 0.000000 -28.920000 43.380000
582.010779 -0.130000 0.010000 -0.140000 -0.000000 -0.000000 -1.920000 2.422796 -2.163211 0.000000 -28.920000 43.380000
582.037925 0.010000 0.110000 0.190000 0.010000 0.000000 -1.950000 3.093003 -2.209288 0.000000 -27.690000 46.150000
582.073925 0.330000 0.080000 -0.060000 0.020000 -0.000000 -1.950000 2.422796 -1.874783 0.000000 -24.100000 38.560000
582.109622 -0.380000 -0.200000 -0.260000 -0.000000 -0.000000 -1.920000 3.232071 -2.307724 0.000000 -28.920000 48.210000
582.147203 0.010000 0.200000 0.140000 -0.020000 -0.000000 -1.850000 2.320590 -2.071357 0.000000 -27.690000 41.540000
582.183882 0.280000 -0.100000 -0.090000 0.010000 0.020000 -1.840000 2.320590 -2.071357 0.000000 -27.690000 41.540000
582.221668 -0.080000 -0.190000 -0.300000 -0.010000 0.010000 -1.840000 1.615198 -2.018997 0.000000 -28.920000 38.560000
582.252433 -0.180000 0.260000 0.260000 0.010000 -0.000000 -1.720000 3.230395 -2.018997 0.000000 -24.100000 43.380000
582.280908 -0.060000 -0.300000 0.030000 0.020000 0.010000 -1.680000 2.318914 -1.795196 0.000000 -23.080000 36.920000
582.309244 0.270000 0.430000 0.090000 0.020000 0.000000 -1.680000 2.422796 -2.163211 0.000000 -28.920000 43.380000
582.338472 -0.370000 -0.420000 0.080000 0.020000 -0.010000 -1.640000 1.615198 -2.018997 0.000000 -28.920000 38.560000
582.376689 0.030000 0.120000 -0.130000 -0.010000 -0.010000 -1.640000 1.615198 -1.730569 0.000000 -24.100000 33.740000
582.412677 0.360000 0.090000 0.070000 0.020000 -0.010000 -1.650000 2.318914 -1.795196 0.000000 -23.080000 36.920000
582.441524 -0.110000 -0.200000 -0.200000 -0.020000 -0.000000 -1.660000 3.230395 -1.730569 0.000000 -19.280000 38.560000
582.473198 -0.130000 0.260000 0.070000 0.030000 -0.000000 -1.610000 0.772413 -1.519035 0.000000 -23.080000 27.690000
582.502381 0.180000 -0.070000 -0.090000 0.000000 0.010000 -1.620000 2.422796 -1.874783 0.000000 -24.100000 38.560000
582.533114 0.070000 0.090000 -0.000000 0.020000 0.020000 -1.670000 2.422796 -1.874783 0.000000 -24.100000 38.560000
582.563338 -0.000000 -0.270000 0.160000 -0.000000 -0.020000 -1.680000 1.615198 -1.730569 0.000000 -24.100000 33.740000
582.595771 0.240000 0.230000 -0.120000 0.010000 0.030000 -1.650000 2.318914 -1.795196 0.000000 -23.080000 36.920000
582.629863 0.260000 -0.160000 0.120000 0.010000 0.010000 -1.700000 2.422796 -1.874783 0.000000 -24.100000 38.560000
582.661317 -0.280000 0.130000 0.230000 -0.020000 -0.010000 -1.690000 2.422796 -1.874783 0.000000 -24.100000 38.560000
582.696054 0.300000 0.040000 -0.210000 0.020000 -0.010000 -1.740000 1.546501 -1.933127 0.000000 -27.690000 36.920000
582.733969 -0.440000 -0.270000 0.250000 0.000000 0.000000 -1.680000 2.148012 -1.825714 0.000000 -24.100000 36.920000
582.770700 0.190000 0.290000 -10.140000 -0.000000 -0.050000 -0.050000 2.422796 -1.874783 0.000000 -24.100000 38.560000
582.798699 -0.130000 0.010000 1.150000 0.010000 -0.010000 -1.710000 2.422796 -1.874783 0.000000 -24.100000 38.560000
582.833683 0.100000 -0.180000 1.420000 -0.010000 -0.000000 -1.720000 1.546501 -1.933127 0.000000 -27.690000 36.920000
582.866084 -0.260000 0.070000 0.490000 0.010000 -0.020000 -1.650000 2.422796 -1.874783 0.000000 -24.100000 38.560000
582.904266 -0.370000 0.080000 1.110000 0.010000 -0.000000 -1.620000 2.318914 -1.795196 0.000000 -23.080000 36.920000
582.937330 0.080000 0.010000 1.020000 0.010000 -0.000000 -1.640000 1.615198 -1.730569 0.000000 -24.100000 33.740000
582.972445 -0.010000 -0.220000 0.940000 0.010000 0.020000 -1.630000 2.422796 -1.874783 0.000000 -24.100000 38.560000
583.003815 -0.160000 0.230000 1.360000 -0.020000 -0.020000 -1.600000 2.422796 -1.874783 0.000000 -24.100000 38.560000
583.039840 -0.050000 -0.100000 1.480000 0.000000 -0.010000 -1.610000 1.546501 -1.657265 0.000000 -23.080000 32.310000
583.079139 0.100000 0.020000 1.070000 0.000000 -0.010000 -1.650000 2.422796 -1.874783 0.000000 -24.100000 38.560000
583.113135 -0.170000 0.020000 0.380000 -0.010000 0.010000 -1.630000 1.615198 -2.018997 0.000000 -28.920000 38.560000
583.147957 -0.150000 0.180000 -0.100000 0.010000 0.010000 -1.590000 2.318914 -1.795196 0.000000 -23.080000 36.920000
583.182960 0.110000 -0.370000 0.020000 0.010000 0.020000 -1.600000 1.546501 -1.657265 0.000000 -23.080000 32.310000
583.213696 0.100000 0.150000 0.160000 -0.010000 -0.010000 -1.570000 2.422796 -1.874783 0.000000 -24.100000 38.560000
583.248502 0.060000 -0.130000 -0.230000 0.020000 0.010000 -1.560000 1.615198 -1.730569 0.000000 -24.100000 33.740000
583.285779 -0.050000 -0.020000 -0.130000 0.000000 0.010000 -1.530000 2.318914 -1.795196 0.000000 -23.080000 36.920000
583.322754 0.160000 -0.170000 0.180000 0.010000 0.010000 -1.520000 2.422796 -1.586355 0.000000 -19.280000 33.740000
583.358862 0.200000 0.200000 -0.300000 0.020000 -0.020000 -1.530000 1.615198 -1.730569 0.000000 -24.100000 33.740000
583.394279 0.410000 -0.190000 -0.130000 0.010000 -0.020000 -1.580000 1.615198 -1.730569 0.000000 -24.100000 33.740000
583.427780 -0.130000 0.160000 -0.020000 -0.000000 0.000000 -1.560000 0.807599 -1.586355 0.000000 -24.100000 28.920000
583.464276 -0.190000 0.110000 -0.260000 0.020000 -0.010000 -1.600000 1.615198 -2.018997 0.000000 -28.920000 38.560000
583.502472 -0.300000 0.110000 -0.060000 0.020000 0.030000 -1.580000 1.546501 -1.657265 0.000000 -23.080000 32.310000
583.533101 0.500000 0.230000 0.560000 0.010000 -0.010000 -1.610000 1.615198 -1.730569 0.000000 -24.100000 33.740000
583.564088 -0.170000 -0.200000 -0.130000 -0.010000 0.000000 -1.570000 2.422796 -1.874783 0.000000 -24.100000 38.560000
583.598820 -0.010000 0.220000 -0.080000 -0.010000 0.000000 -1.630000 1.546501 -1.657265 0.000000 -23.080000 32.310000
583.635672 -0.380000 0.100000 0.070000 0.010000 0.000000 -1.570000 3.093003 -1.656966 0.000000 -18.460000 36.920000
583.671493 0.460000 -0.170000 -0.150000 -0.010000 -0.000000 -1.580000 1.615198 -1.730569 0.000000 -24.100000 33.740000
583.701657 -0.570000 -0.050000 -0.100000 -0.030000 -0.010000 -1.520000 1.615198 -1.730569 0.000000 -24.100000 33.740000
583.729641 0.180000 0.210000 -0.190000 -0.000000 -0.010000 -1.550000 0.772413 -2.071357 0.000000 -32.310000 36.920000
583.765807 -0.120000 -0.320000 -0.260000 0.010000 0.010000 -1.580000 1.615198 -1.730569 0.000000 -24.100000 33.740000
583.803062 -0.100000 -0.110000 0.080000 -0.020000 0.020000 -1.640000 1.615198 -1.730569 0.000000 -24.100000 33.740000
583.833161 0.030000 -0.020000 -0.240000 0.030000 -0.000000 -1.600000 3.230395 -1.730569 0.000000 -19.280000 38.560000
583.864815 -0.400000 -0.020000 0.220000 -0.000000 -0.000000 -1.630000 3.093003 -1.381104 0.000000 -13.850000 32.310000
583.897691 -0.030000 -0.100000 0.030000 -0.010000 0.030000 -1.600000 1.615198 -2.018997 0.000000 -28.920000 38.560000
583.937199 0.320000 -0.060000 -0.080000 0.000000 0.010000 -1.630000 2.318914 -1.795196 0.000000 -23.080000 36.920000
583.971854 -0.030000 -0.020000 0.070000 0.010000 0.040000 -1.630000 0.000000 -2.018997 0.000000 -33.740000 33.740000
584.002202 0.070000 0.070000 0.100000 0.010000 0.020000 -1.610000 2.422796 -1.874783 0.000000 -24.100000 38.560000
584.031793 0.150000 -0.030000 0.100000 0.020000 -0.000000 -1.630000 2.593699 -1.844264 0.000000 -23.080000 38.560000
584.059900 -0.280000 -0.190000 0.410000 -0.010000 0.010000 -1.670000 1.546501 -1.933127 0.000000 -27.690000 36.920000
584.095899 0.200000 0.230000 -0.170000 0.010000 0.010000 -1.640000 2.422796 -1.874783 0.000000 -24.100000 38.560000
584.129208 -0.010000 -0.190000 -0.010000 -0.000000 0.000000 -1.650000 2.422796 -1.874783 0.000000 -24.100000 38.560000
584.164803 0.140000 0.130000 0.370000 0.000000 0.030000 -1.680000 1.546501 -1.933127 0.000000 -27.690000 36.920000
584.199637 -0.200000 -0.270000 -0.070000 0.000000 -0.010000 -1.640000 4.037994 -1.586355 0.000000 -14.460000 38.560000
584.237926 0.030000 0.500000 -0.050000 0.020000 0.010000 -1.650000 2.422796 -1.874783 0.000000 -24.100000 38.560000
584.275441 -0.030000 -0.140000 0.400000 0.020000 -0.010000 -1.670000 2.422796 -1.874783 0.000000 -24.100000 38.560000
