2954.164645 0.010000 0.030000 -9.930000 0.000000 -0.000000 -0.000000 0.000000 0.000000 0.000000 0.000000 0.000000
2954.200567 0.040000 0.020000 -8.850000 0.000000 0.000000 0.000000 0.000000 0.000000 0.000000 0.000000 0.000000
2954.231103 0.010000 -0.020000 -7.770000 -0.000000 0.000000 -0.000000 0.000000 0.000000 0.000000 0.000000 0.000000
2954.257254 -0.020000 -0.050000 -6.690000 0.000000 -0.010000 0.020000 1.615198 0.288428 0.000000 9.640000 0.000000
2954.289146 0.140000 0.370000 -5.300000 -0.010000 -0.030000 0.040000 2.320590 0.414391 0.000000 13.850000 0.000000
2954.318991 0.110000 0.930000 -4.710000 0.000000 -0.010000 0.080000 4.037994 0.721070 0.000000 24.100000 0.000000
2954.348373 0.670000 1.150000 -5.040000 -0.060000 0.070000 -0.150000 4.845593 0.865284 0.000000 28.920000 0.000000
2954.382716 0.490000 -0.140000 -2.710000 0.040000 0.050000 -0.030000 4.845593 0.865284 0.000000 28.920000 0.000000
2954.413936 -0.180000 0.500000 -1.090000 0.000000 -0.070000 -0.010000 6.460790 1.153713 0.000000 38.560000 0.000000
2954.445688 -0.110000 -0.010000 1.230000 0.020000 -0.000000 -0.000000 7.268389 1.297927 0.000000 43.380000 0.000000
2954.478649 -0.660000 0.100000 0.730000 0.000000 -0.040000 0.020000 7.732507 1.380805 0.000000 46.150000 0.000000
2954.512211 -0.130000 -0.690000 -0.350000 0.050000 -0.040000 0.010000 8.885262 1.586654 0.000000 53.030000 0.000000
2954.548861 -0.370000 0.370000 0.580000 -0.050000 -0.020000 0.040000 9.692861 1.730868 0.000000 57.850000 0.000000
2954.583624 -0.350000 -0.240000 -0.090000 -0.010000 -0.030000 -0.040000 10.053096 1.795196 0.000000 60.000000 0.000000
2954.616258 -0.320000 -0.420000 0.450000 0.020000 0.030000 0.010000 10.500459 1.875082 0.000000 62.670000 0.000000
2954.648687 -0.680000 -1.710000 1.380000 -0.010000 -0.030000 -0.020000 11.308058 2.019296 0.000000 67.490000 0.000000
2954.683379 0.410000 -0.410000 -0.360000 0.050000 -0.090000 -0.000000 11.308058 2.019296 0.000000 67.490000 0.000000
2954.713569 -0.210000 0.010000 0.080000 -0.070000 -0.040000 0.010000 12.115657 2.163510 0.000000 72.310000 0.000000
2954.747924 -0.040000 -0.660000 -0.370000 -0.000000 -0.050000 -0.020000 12.115657 2.163510 0.000000 72.310000 0.000000
2954.782979 0.250000 0.390000 -1.090000 -0.040000 0.040000 0.030000 12.373686 2.209587 0.000000 73.850000 0.000000
2954.811155 0.180000 -0.610000 1.740000 -0.050000 0.050000 -0.040000 12.115657 2.163510 0.000000 72.310000 0.000000
2954.838793 0.030000 0.450000 0.740000 -0.120000 -0.030000 0.010000 12.923256 2.307724 0.000000 77.130000 0.000000
2954.870432 0.370000 -1.040000 -2.370000 -0.070000 0.110000 -0.040000 13.146099 2.347518 0.000000 78.460000 0.000000
2954.906786 0.520000 0.900000 2.740000 -0.030000 -0.110000 0.010000 13.146099 2.347518 0.000000 78.460000 0.000000
2954.939286 0.510000 0.680000 -0.360000 0.020000 -0.030000 0.030000 13.730854 2.451938 0.000000 81.950000 0.000000
2954.973546 -0.100000 0.200000 -1.780000 0.050000 0.050000 -0.000000 12.923256 2.307724 0.000000 77.130000 0.000000
2955.009497 0.280000 -0.060000 1.630000 0.030000 -0.070000 0.020000 13.146099 2.347518 0.000000 78.460000 0.000000
2955.038070 -0.800000 -0.020000 0.150000 0.030000 -0.010000 0.040000 13.730854 2.451938 0.000000 81.950000 0.000000
2955.072149 -0.050000 0.040000 -0.370000 -0.120000 0.000000 -0.000000 13.146099 2.347518 0.000000 78.460000 0.000000
2955.100679 -0.370000 -0.810000 -2.500000 -0.060000 0.070000 -0.070000 12.923256 2.307724 0.000000 77.130000 0.000000
2955.132185 0.210000 -0.110000 -1.570000 0.180000 0.040000 -0.020000 13.730854 2.451938 0.000000 81.950000 0.000000
2955.160288 0.040000 -0.290000 0.880000 -0.110000 0.080000 -0.070000 13.146099 2.347518 0.000000 78.460000 0.000000
2955.188227 0.290000 1.010000 -1.130000 -0.020000 -0.050000 0.020000 13.146099 2.347518 0.000000 78.460000 0.000000
2955.223291 -0.100000 -0.600000 -1.230000 0.050000 0.080000 -0.040000 13.730854 2.451938 0.000000 81.950000 0.000000
2955.252039 0.370000 -0.030000 1.350000 0.160000 0.020000 0.050000 12.923256 2.307724 0.000000 77.130000 0.000000
2955.281024 -0.080000 -0.820000 1.190000 -0.040000 0.010000 -0.000000 13.146099 2.347518 0.000000 78.460000 0.000000
2955.309222 0.030000 0.600000 1.180000 -0.010000 -0.040000 -0.000000 13.730854 2.451938 0.000000 81.950000 0.000000
2955.343040 -0.270000 -0.620000 -2.640000 0.120000 -0.010000 -0.020000 13.146099 2.347518 0.000000 78.460000 0.000000
2955.371289 -0.240000 0.720000 0.430000 -0.070000 0.130000 -0.000000 12.923256 2.307724 0.000000 77.130000 0.000000
2955.399826 0.230000 0.180000 -0.390000 0.020000 -0.060000 0.060000 13.730854 2.451938 0.000000 81.950000 0.000000
2955.429455 -0.310000 0.670000 -0.700000 0.080000 0.090000 0.010000 13.146099 2.347518 0.000000 78.460000 0.000000
2955.457617 0.120000 -0.730000 1.800000 0.190000 -0.010000 0.020000 13.146099 2.347518 0.000000 78.460000 0.000000
2955.493738 -0.300000 0.150000 1.550000 -0.080000 -0.010000 -0.040000 13.730854 2.451938 0.000000 81.950000 0.000000
2955.525061 -0.080000 0.150000 0.270000 0.020000 -0.050000 -0.010000 13.730854 2.451938 0.000000 81.950000 0.000000
2955.560236 0.080000 0.170000 -3.070000 0.160000 0.010000 -0.010000 13.146099 2.347518 0.000000 78.460000 0.000000
2955.588445 0.530000 0.390000 1.320000 -0.050000 0.060000 -0.010000 14.538453 2.596152 0.000000 86.770000 0.000000
2955.625278 0.650000 0.270000 0.550000 -0.110000 -0.090000 -0.050000 13.730854 2.451938 0.000000 81.950000 0.000000
2955.661177 0.000000 -0.280000 -1.840000 0.060000 0.000000 0.050000 12.923256 2.307724 0.000000 77.130000 0.000000
2955.688752 0.300000 -0.740000 0.450000 0.190000 0.020000 -0.060000 14.538453 2.596152 0.000000 86.770000 0.000000
2955.722923 -0.410000 -0.350000 1.020000 0.010000 -0.010000 0.080000 14.538453 2.596152 0.000000 86.770000 0.000000
2955.750683 -0.420000 -0.360000 1.430000 -0.020000 -0.100000 -0.050000 13.146099 2.347518 0.000000 78.460000 0.000000
2955.779851 -1.150000 -0.670000 -3.570000 0.140000 -0.020000 0.070000 13.730854 2.451938 0.000000 81.950000 0.000000
2955.807940 0.150000 -0.310000 0.380000 -0.070000 0.080000 -0.020000 13.730854 2.451938 0.000000 81.950000 0.000000
2955.843419 0.050000 0.730000 0.460000 0.000000 -0.060000 -0.040000 13.146099 2.347518 0.000000 78.460000 0.000000
2955.875768 -0.100000 -0.580000 0.250000 -0.000000 0.050000 0.020000 13.730854 2.451938 0.000000 81.950000 0.000000
2955.908702 -0.010000 0.050000 1.450000 0.200000 -0.010000 -0.010000 13.730854 2.451938 0.000000 81.950000 0.000000
2955.943016 -0.010000 0.220000 1.580000 -0.050000 0.010000 0.050000 12.923256 2.307724 0.000000 77.130000 0.000000
2955.979512 -0.180000 -0.050000 0.680000 -0.010000 -0.040000 -0.060000 13.730854 2.451938 0.000000 81.950000 0.000000
2956.013357 0.230000 -0.670000 -1.670000 0.010000 0.160000 0.000000 14.538453 2.596152 0.000000 86.770000 0.000000
2956.047030 0.710000 0.410000 1.480000 -0.130000 0.100000 -0.050000 13.146099 2.347518 0.000000 78.460000 0.000000
2956.082711 0.110000 0.230000 -1.440000 0.070000 -0.040000 -0.010000 12.923256 2.307724 0.000000 77.130000 0.000000
2956.111303 0.140000 -0.400000 -0.090000 -0.040000 0.030000 -0.010000 12.923256 2.307724 0.000000 77.130000 0.000000
2956.138926 -0.260000 -0.030000 1.480000 0.180000 -0.010000 0.050000 13.146099 2.347518 0.000000 78.460000 0.000000
2956.175195 0.070000 0.250000 0.150000 -0.100000 0.050000 0.020000 12.373686 2.209587 0.000000 73.850000 0.000000
2956.210550 -0.540000 0.710000 -1.870000 0.030000 0.000000 0.030000 13.730854 2.451938 0.000000 81.950000 0.000000
2956.238939 0.160000 -0.300000 0.380000 -0.080000 0.080000 -0.040000 13.730854 2.451938 0.000000 81.950000 0.000000
2956.274565 0.300000 1.000000 2.030000 -0.040000 0.040000 0.010000 13.146099 2.347518 0.000000 78.460000 0.000000
2956.305352 0.070000 -0.120000 -1.980000 0.140000 0.040000 0.030000 12.923256 2.307724 0.000000 77.130000 0.000000
2956.340179 0.240000 0.770000 1.600000 0.020000 -0.010000 -0.040000 13.146099 2.347518 0.000000 78.460000 0.000000
2956.368740 -0.430000 -0.650000 0.950000 0.040000 -0.040000 0.040000 13.730854 2.451938 0.000000 81.950000 0.000000
2956.403394 -0.030000 0.210000 -0.670000 -0.170000 -0.010000 -0.040000 12.923256 2.307724 0.000000 77.130000 0.000000
2956.439864 0.480000 -0.280000 -0.900000 -0.030000 0.080000 -0.040000 13.146099 2.347518 0.000000 78.460000 0.000000
2956.468530 0.190000 0.450000 1.460000 0.000000 -0.080000 -0.050000 13.920188 2.485748 0.000000 83.080000 0.000000
2956.500866 0.320000 0.820000 0.200000 -0.010000 -0.080000 0.040000 13.730854 2.451938 0.000000 81.950000 0.000000
2956.531139 -0.060000 -0.980000 -2.690000 0.020000 -0.010000 -0.030000 12.923256 2.307724 0.000000 77.130000 0.000000
2956.558824 -0.400000 0.280000 0.070000 0.110000 -0.050000 0.050000 13.146099 2.347518 0.000000 78.460000 0.000000
2956.591771 -0.370000 -0.430000 1.560000 -0.040000 0.010000 0.010000 13.730854 2.451938 0.000000 81.950000 0.000000
2956.618536 -0.200000 0.710000 -0.370000 -0.180000 -0.030000 -0.010000 13.146099 2.347518 0.000000 78.460000 0.000000
2956.652538 1.020000 0.150000 0.050000 0.010000 -0.020000 -0.050000 12.923256 2.307724 0.000000 77.130000 0.000000
2956.681980 -0.350000 0.790000 2.390000 0.060000 -0.190000 0.080000 13.730854 2.451938 0.000000 81.950000 0.000000
2956.709786 0.410000 0.510000 -1.250000 0.100000 -0.070000 -0.010000 13.920188 2.485748 0.000000 83.080000 0.000000
2956.746603 -0.620000 -0.850000 -1.070000 -0.040000 0.030000 -0.050000 12.373686 2.209587 0.000000 73.850000 0.000000
2956.780621 -0.010000 -0.510000 0.480000 0.040000 -0.020000 0.040000 14.538453 2.596152 0.000000 86.770000 0.000000
2956.809108 -0.260000 -0.030000 0.620000 -0.070000 0.040000 -0.020000 13.730854 2.451938 0.000000 81.950000 0.000000
2956.843814 0.180000 0.790000 -0.480000 -0.130000 -0.030000 -0.020000 13.146099 2.347518 0.000000 78.460000 0.000000
2956.877593 0.130000 -0.340000 -0.530000 -0.020000 -0.090000 -0.070000 13.730854 2.451938 0.000000 81.950000 0.000000
2956.910131 -0.440000 0.190000 1.150000 0.100000 -0.120000 0.070000 14.538453 2.596152 0.000000 86.770000 0.000000
2956.938304 0.470000 -0.130000 -2.320000 0.080000 0.000000 0.010000 12.923256 2.307724 0.000000 77.130000 0.000000
2956.973455 0.050000 0.220000 0.040000 -0.000000 0.040000 -0.040000 12.923256 2.307724 0.000000 77.130000 0.000000
2957.003576 -0.310000 -1.100000 1.210000 -0.040000 0.010000 0.030000 12.923256 2.307724 0.000000 77.130000 0.000000
2957.034292 -0.550000 0.750000 0.410000 -0.130000 0.050000 0.010000 13.920188 2.485748 0.000000 83.080000 0.000000
2957.069975 -0.250000 -0.730000 -0.490000 -0.120000 0.020000 0.030000 12.923256 2.307724 0.000000 77.130000 0.000000
2957.098125 -0.540000 0.240000 -0.930000 0.080000 -0.140000 -0.020000 13.730854 2.451938 0.000000 81.950000 0.000000
2957.130765 -0.250000 -0.640000 0.980000 0.120000 -0.090000 0.030000 13.146099 2.347518 0.000000 78.460000 0.000000
2957.157319 0.070000 -0.020000 -1.350000 0.050000 -0.010000 0.030000 14.538453 2.596152 0.000000 86.770000 0.000000
2957.193633 0.120000 0.130000 0.820000 0.000000 0.020000 -0.010000 13.730854 2.451938 0.000000 81.950000 0.000000
2957.228270 0.240000 0.210000 -0.310000 -0.060000 0.020000 -0.010000 12.923256 2.307724 0.000000 77.130000 0.000000
2957.264204 -0.280000 -0.110000 0.650000 -0.170000 0.000000 0.030000 13.730854 2.451938 0.000000 81.950000 0.000000
2957.300377 0.580000 -0.230000 -1.910000 -0.110000 0.070000 -0.040000 13.730854 2.451938 0.000000 81.950000 0.000000
2957.327180 -0.620000 -0.140000 -0.420000 0.070000 -0.110000 0.000000 12.373686 2.209587 0.000000 73.850000 0.000000
2957.362158 -0.030000 0.010000 0.510000 0.090000 -0.030000 -0.020000 14.538453 2.596152 0.000000 86.770000 0.000000
2957.388486 0.280000 -0.600000 -1.880000 -0.010000 0.000000 0.010000 13.730854 2.451938 0.000000 81.950000 0.000000
2957.422746 0.200000 0.170000 1.590000 -0.010000 -0.040000 -0.020000 13.146099 2.347518 0.000000 78.460000 0.000000
2957.451460 -0.260000 -0.010000 0.020000 -0.000000 -0.000000 -0.040000 12.923256 2.307724 0.000000 77.130000 0.000000
2957.479646 0.340000 -0.190000 1.490000 -0.090000 0.020000 0.030000 12.923256 2.307724 0.000000 77.130000 0.000000
2957.507840 -0.510000 0.890000 0.860000 -0.220000 -0.110000 -0.080000 12.115657 2.163510 0.000000 72.310000 0.000000
2957.543641 0.290000 -1.420000 -0.110000 0.020000 -0.040000 -0.370000 10.827185 1.933426 0.000000 64.620000 0.000000
2957.574516 0.150000 -0.080000 -0.300000 0.010000 0.010000 -0.410000 11.308058 2.019296 0.000000 67.490000 0.000000
2957.610954 0.470000 -0.350000 0.230000 0.030000 -0.040000 -0.800000 9.279008 1.656966 0.000000 55.380000 0.000000
2957.639344 0.130000 -0.530000 -0.640000 -0.010000 -0.040000 -1.020000 8.885262 1.586654 0.000000 53.030000 0.000000
2957.672697 0.920000 0.430000 0.460000 0.070000 0.050000 -1.260000 8.077663 1.442440 0.000000 48.210000 0.000000
2957.699337 -0.970000 0.100000 -0.490000 0.060000 -0.020000 -1.300000 7.732507 1.380805 0.000000 46.150000 0.000000
2957.735608 -0.060000 1.300000 -0.240000 -0.020000 0.020000 -1.180000 6.960094 1.242874 0.000000 41.540000 0.000000
2957.768999 0.030000 0.120000 0.210000 0.000000 -0.040000 -1.130000 7.268389 1.297927 0.000000 43.380000 0.000000
2957.803730 0.160000 0.250000 -0.190000 -0.020000 0.050000 -1.220000 6.460790 1.153713 0.000000 38.560000 0.000000
2957.839499 -0.130000 0.460000 0.030000 -0.050000 0.020000 -1.220000 6.186005 1.104644 0.000000 36.920000 0.000000
2957.873092 0.210000 0.470000 -0.490000 0.020000 0.050000 -1.250000 6.460790 1.153713 0.000000 38.560000 0.000000
2957.900498 -0.420000 0.320000 0.440000 -0.020000 -0.010000 -1.370000 6.186005 1.104644 0.000000 36.920000 0.000000
2957.927695 0.210000 0.280000 -0.560000 -0.010000 0.010000 -1.390000 5.653191 1.009498 0.000000 33.740000 0.000000
2957.964600 0.120000 -0.160000 -0.170000 -0.010000 0.010000 -1.430000 6.460790 1.153713 0.000000 38.560000 0.000000
2957.995862 0.410000 0.190000 -0.210000 0.010000 -0.010000 -1.420000 5.413592 0.966713 0.000000 32.310000 0.000000
2958.030795 -0.110000 -0.280000 0.480000 -0.010000 0.030000 -1.490000 6.186005 1.104644 0.000000 36.920000 0.000000
2958.067066 -0.100000 0.240000 -0.580000 -0.010000 0.030000 -1.480000 5.653191 1.009498 0.000000 33.740000 0.000000
2958.098810 0.080000 -0.790000 0.060000 -0.040000 0.090000 -1.410000 5.653191 1.009498 0.000000 33.740000 0.000000
2958.134074 0.180000 0.470000 0.410000 0.000000 -0.000000 -1.540000 6.186005 1.104644 0.000000 36.920000 0.000000
2958.168721 -0.360000 -0.110000 -0.210000 -0.010000 -0.090000 -1.560000 5.653191 1.009498 0.000000 33.740000 0.000000
2958.203455 0.280000 0.460000 0.510000 0.020000 0.040000 -1.600000 6.460790 1.153713 0.000000 38.560000 0.000000
2958.234322 0.060000 -0.460000 -0.420000 -0.000000 0.020000 -1.620000 5.653191 1.009498 0.000000 33.740000 0.000000
2958.272514 0.170000 0.250000 0.180000 -0.000000 0.010000 -1.630000 5.653191 1.009498 0.000000 33.740000 0.000000
2958.300378 -0.170000 -0.050000 0.180000 0.010000 0.010000 -1.640000 6.460790 1.153713 0.000000 38.560000 0.000000
2958.328567 -0.050000 0.150000 0.280000 0.010000 -0.010000 -1.670000 6.186005 1.104644 0.000000 36.920000 0.000000
2958.364467 -0.180000 -0.030000 0.120000 -0.000000 0.030000 -1.610000 5.653191 1.009498 0.000000 33.740000 0.000000
2958.399244 0.080000 0.020000 -0.200000 0.000000 0.020000 -1.620000 6.460790 1.153713 0.000000 38.560000 0.000000
2958.434309 -0.090000 -0.370000 -0.150000 -0.010000 -0.010000 -1.640000 5.413592 0.966713 0.000000 32.310000 0.000000
2958.465411 0.250000 0.280000 0.410000 0.020000 -0.010000 -1.610000 6.460790 1.153713 0.000000 38.560000 0.000000
2958.500314 -0.010000 -0.370000 -0.110000 0.010000 0.010000 -1.590000 5.653191 1.009498 0.000000 33.740000 0.000000
2958.528869 -0.510000 0.090000 -0.260000 -0.020000 -0.000000 -1.530000 5.653191 1.009498 0.000000 33.740000 0.000000
2958.564035 -0.050000 -0.140000 0.120000 0.030000 0.010000 -1.560000 6.460790 1.153713 0.000000 38.560000 0.000000
2958.596188 -0.130000 -0.070000 -0.170000 -0.000000 0.010000 -1.570000 5.653191 1.009498 0.000000 33.740000 0.000000
2958.632225 -0.160000 -0.130000 0.090000 -0.010000 -0.010000 -1.580000 6.186005 1.104644 0.000000 36.920000 0.000000
2958.664113 0.120000 -0.010000 0.190000 0.010000 -0.020000 -1.510000 5.653191 1.009498 0.000000 33.740000 0.000000
2958.699515 0.260000 -0.170000 0.090000 -0.020000 -0.000000 -1.560000 6.460790 1.153713 0.000000 38.560000 0.000000
2958.726536 0.270000 0.420000 -0.200000 0.000000 -0.010000 -1.560000 6.186005 1.104644 0.000000 36.920000 0.000000
2958.761340 0.270000 -0.360000 -0.090000 -0.010000 -0.020000 -1.610000 6.186005 1.104644 0.000000 36.920000 0.000000
2958.787930 -0.110000 0.030000 0.210000 0.000000 0.000000 -1.540000 6.460790 1.153713 0.000000 38.560000 0.000000
2958.820807 0.100000 0.100000 -0.220000 0.020000 -0.010000 -1.560000 5.653191 1.009498 0.000000 33.740000 0.000000
2958.849809 0.070000 -0.090000 0.240000 -0.010000 -0.010000 -1.550000 5.413592 0.966713 0.000000 32.310000 0.000000
2958.884188 0.280000 0.220000 -0.610000 0.000000 -0.040000 -1.570000 6.460790 1.153713 0.000000 38.560000 0.000000
2958.916608 0.170000 0.070000 0.180000 0.000000 0.000000 -1.540000 5.413592 0.966713 0.000000 32.310000 0.000000
2958.947714 -0.050000 0.130000 -0.400000 -0.010000 0.010000 -1.530000 6.460790 1.153713 0.000000 38.560000 0.000000
2958.982199 0.270000 0.240000 -0.130000 0.010000 -0.010000 -1.610000 5.653191 1.009498 0.000000 33.740000 0.000000
2959.009304 -0.240000 -0.380000 0.200000 0.020000 -0.010000 -1.590000 6.186005 1.104644 0.000000 36.920000 0.000000
2959.043509 0.250000 0.380000 -0.030000 -0.010000 0.020000 -1.560000 5.413592 0.966713 0.000000 32.310000 0.000000
2959.076727 -0.470000 0.070000 -0.050000 0.010000 -0.020000 -1.580000 6.460790 1.153713 0.000000 38.560000 0.000000
2959.110994 -0.160000 0.020000 0.190000 -0.000000 -0.010000 -1.550000 6.460790 1.153713 0.000000 38.560000 0.000000
2959.138835 -0.090000 -0.160000 -0.120000 -0.010000 -0.010000 -1.600000 6.186005 1.104644 0.000000 36.920000 0.000000
2959.171874 0.300000 -0.250000 -0.100000 0.010000 -0.010000 -1.580000 5.653191 1.009498 0.000000 33.740000 0.000000
2959.198432 -0.140000 0.080000 0.080000 -0.010000 -0.000000 -1.580000 6.186005 1.104644 0.000000 36.920000 0.000000
2959.233386 0.030000 -0.060000 0.180000 -0.000000 -0.020000 -1.610000 5.653191 1.009498 0.000000 33.740000 0.000000
2959.268662 -0.190000 0.020000 0.260000 -0.010000 0.010000 -1.610000 6.460790 1.153713 0.000000 38.560000 0.000000
2959.303139 0.110000 -0.220000 0.160000 -0.000000 -0.010000 -1.590000 6.460790 1.153713 0.000000 38.560000 0.000000
2959.339600 -0.210000 0.150000 -0.230000 -0.000000 0.010000 -1.600000 5.413592 0.966713 0.000000 32.310000 0.000000
2959.374258 -0.130000 -0.180000 0.120000 0.010000 -0.010000 -1.590000 6.460790 1.153713 0.000000 38.560000 0.000000
2959.409031 0.080000 0.170000 0.180000 -0.000000 0.040000 -1.650000 5.653191 1.009498 0.000000 33.740000 0.000000
2959.436796 0.360000 -0.020000 -0.650000 -0.010000 0.010000 -1.650000 6.186005 1.104644 0.000000 36.920000 0.000000
2959.472117 0.020000 0.230000 0.270000 0.020000 -0.020000 -1.610000 6.460790 1.153713 0.000000 38.560000 0.000000
2959.499401 0.340000 -0.060000 0.630000 0.010000 -0.020000 -1.670000 6.460790 1.153713 0.000000 38.560000 0.000000
2959.534794 -0.130000 -0.160000 -0.160000 -0.030000 0.010000 -1.660000 6.460790 1.153713 0.000000 38.560000 0.000000
2959.570369 0.600000 0.200000 -0.690000 -0.000000 0.020000 -1.620000 6.460790 1.153713 0.000000 38.560000 0.000000
2959.597299 0.100000 -0.410000 0.430000 0.000000 -0.000000 -1.640000 6.460790 1.153713 0.000000 38.560000 0.000000
2959.632419 -0.500000 0.070000 0.120000 -0.010000 -0.000000 -1.670000 6.186005 1.104644 0.000000 36.920000 0.000000
2959.658641 -0.050000 0.080000 0.010000 0.000000 -0.010000 -1.680000 6.460790 1.153713 0.000000 38.560000 0.000000
2959.692415 0.040000 -0.550000 -0.050000 -0.010000 0.000000 -1.670000 5.653191 1.009498 0.000000 33.740000 0.000000
2959.720180 -0.370000 0.310000 0.180000 0.000000 0.000000 -1.610000 6.186005 1.104644 0.000000 36.920000 0.000000
2959.748440 0.150000 0.020000 -0.290000 -0.000000 -0.010000 -1.670000 6.460790 1.153713 0.000000 38.560000 0.000000
2959.782262 -0.360000 0.200000 0.040000 0.010000 0.010000 -1.680000 6.460790 1.153713 0.000000 38.560000 0.000000
2959.811627 0.210000 -0.240000 -0.080000 -0.000000 0.010000 -1.660000 5.653191 1.009498 0.000000 33.740000 0.000000
2959.838081 0.170000 0.310000 0.230000 0.000000 -0.000000 -1.660000 6.186005 1.104644 0.000000 36.920000 0.000000
2959.873140 -0.390000 0.140000 0.120000 -0.000000 -0.010000 -1.690000 6.460790 1.153713 0.000000 38.560000 0.000000
2959.899562 -0.230000 0.090000 -0.140000 -0.010000 0.010000 -1.630000 6.186005 1.104644 0.000000 36.920000 0.000000
2959.941937 0.350000 -0.120000 -0.240000 -0.010000 -0.020000 -1.700000 5.653191 1.009498 0.000000 33.740000 0.000000
2960.004783 -0.120000 -0.330000 0.460000 0.010000 0.010000 -1.680000 6.460790 1.153713 0.000000 38.560000 0.000000
2960.050356 -0.170000 -0.150000 -0.190000 -0.000000 0.010000 -1.690000 6.186005 1.104644 0.000000 36.920000 0.000000
2960.077753 0.260000 0.430000 0.090000 -0.020000 0.030000 -1.720000 6.186005 1.104644 0.000000 36.920000 0.000000
2960.113359 0.120000 -0.310000 -0.250000 -0.000000 0.010000 -1.710000 6.460790 1.153713 0.000000 38.560000 0.000000
2960.141601 -0.420000 0.270000 0.080000 -0.010000 -0.010000 -1.650000 5.653191 1.009498 0.000000 33.740000 0.000000
2960.169132 0.130000 0.050000 -0.210000 0.020000 0.020000 -1.690000 6.186005 1.104644 0.000000 36.920000 0.000000
2960.203147 0.000000 0.010000 0.230000 -0.010000 0.010000 -1.690000 6.460790 1.153713 0.000000 38.560000 0.000000
2960.231615 0.250000 -0.010000 -0.050000 -0.000000 -0.000000 -1.700000 5.413592 0.966713 0.000000 32.310000 0.000000
2960.257765 0.040000 0.120000 0.070000 -0.020000 -0.000000 -1.670000 6.460790 1.153713 0.000000 38.560000 0.000000
2960.291803 -0.130000 0.200000 0.250000 0.010000 -0.000000 -1.690000 5.653191 1.009498 0.000000 33.740000 0.000000
2960.323019 -0.490000 -0.050000 -0.240000 -0.010000 -0.000000 -1.670000 6.186005 1.104644 0.000000 36.920000 0.000000
2960.356738 0.240000 0.010000 0.190000 0.010000 0.000000 -1.650000 6.186005 1.104644 0.000000 36.920000 0.000000
2960.388621 0.140000 -0.280000 -0.030000 -0.000000 -0.010000 -1.670000 5.653191 1.009498 0.000000 33.740000 0.000000
2960.424097 -0.530000 -0.020000 -0.210000 0.010000 0.010000 -1.690000 6.460790 1.153713 0.000000 38.560000 0.000000
2960.456370 -0.140000 0.070000 0.190000 0.020000 -0.020000 -1.660000 6.186005 1.104644 0.000000 36.920000 0.000000
2960.491350 0.080000 -0.010000 -0.310000 -0.010000 0.010000 -1.650000 6.460790 1.153713 0.000000 38.560000 0.000000
2960.519731 0.190000 0.120000 -0.330000 0.020000 0.010000 -1.670000 6.186005 1.104644 0.000000 36.920000 0.000000
2960.551971 -0.130000 -0.420000 0.380000 -0.020000 0.040000 -1.660000 6.460790 1.153713 0.000000 38.560000 0.000000
2960.578392 0.400000 0.220000 -0.200000 0.000000 -0.000000 -1.700000 6.460790 1.153713 0.000000 38.560000 0.000000
2960.611301 -0.260000 -0.280000 -0.490000 0.010000 0.020000 -1.710000 6.460790 1.153713 0.000000 38.560000 0.000000
2960.640947 -0.340000 0.340000 0.350000 0.010000 0.000000 -1.640000 6.186005 1.104644 0.000000 36.920000 0.000000
2960.670614 0.310000 -0.080000 -0.170000 -0.010000 -0.010000 -1.680000 6.460790 1.153713 0.000000 38.560000 0.000000
2960.697011 0.050000 -0.060000 0.430000 0.000000 -0.010000 -1.700000 6.460790 1.153713 0.000000 38.560000 0.000000
2960.729387 0.290000 -0.210000 -0.150000 0.000000 0.020000 -1.730000 6.186005 1.104644 0.000000 36.920000 0.000000
2960.757323 -0.230000 0.190000 0.380000 0.010000 -0.000000 -1.690000 6.460790 1.153713 0.000000 38.560000 0.000000
2960.792056 0.160000 -0.220000 -0.300000 0.010000 0.000000 -1.710000 6.460790 1.153713 0.000000 38.560000 0.000000
2960.826735 -0.000000 -0.210000 -0.000000 0.010000 0.020000 -1.740000 5.653191 1.009498 0.000000 33.740000 0.000000
2960.858269 0.060000 -0.050000 0.130000 0.000000 -0.010000 -1.710000 6.460790 1.153713 0.000000 38.560000 0.000000
2960.893816 -0.170000 -0.080000 -0.090000 0.020000 0.020000 -1.750000 6.460790 1.153713 0.000000 38.560000 0.000000
2960.926673 -0.550000 0.210000 0.110000 0.010000 -0.000000 -1.730000 6.186005 1.104644 0.000000 36.920000 0.000000
2960.962445 -0.070000 -0.100000 0.190000 0.020000 0.000000 -1.730000 6.460790 1.153713 0.000000 38.560000 0.000000
2960.989846 0.420000 0.220000 -0.290000 0.000000 0.010000 -1.740000 5.653191 1.009498 0.000000 33.740000 0.000000
2961.025827 0.350000 0.130000 0.380000 0.020000 0.010000 -1.710000 6.186005 1.104644 0.000000 36.920000 0.000000
2961.061936 -0.020000 -0.230000 -0.510000 0.000000 0.010000 -1.690000 7.268389 1.297927 0.000000 43.380000 0.000000
2961.088506 0.210000 0.430000 0.350000 0.010000 -0.010000 -1.690000 6.460790 1.153713 0.000000 38.560000 0.000000
2961.120603 -0.020000 -0.340000 0.020000 0.010000 -0.010000 -1.720000 6.460790 1.153713 0.000000 38.560000 0.000000
2961.149349 -0.320000 0.260000 -0.130000 0.010000 -0.000000 -1.690000 6.186005 1.104644 0.000000 36.920000 0.000000
2961.184286 0.110000 -0.190000 0.020000 0.010000 -0.000000 -1.670000 6.460790 1.153713 0.000000 38.560000 0.000000
2961.218523 0.180000 -0.020000 0.400000 0.010000 0.010000 -1.720000 6.186005 1.104644 0.000000 36.920000 0.000000
2961.255316 -0.270000 -0.200000 -0.110000 0.010000 -0.010000 -1.720000 6.460790 1.153713 0.000000 38.560000 0.000000
2961.286475 -0.370000 -0.040000 0.030000 0.010000 0.010000 -1.670000 6.460790 1.153713 0.000000 38.560000 0.000000
2961.319283 0.420000 0.170000 0.080000 0.030000 -0.000000 -1.730000 6.186005 1.104644 0.000000 36.920000 0.000000
2961.345478 -0.500000 0.020000 0.050000 0.000000 -0.000000 -1.740000 6.186005 1.104644 0.000000 36.920000 0.000000
2961.384033 0.150000 -0.170000 -0.200000 0.010000 0.010000 -1.690000 6.460790 1.153713 0.000000 38.560000 0.000000
2961.416572 0.200000 0.280000 0.030000 0.020000 -0.030000 -1.700000 6.460790 1.153713 0.000000 38.560000 0.000000
2961.454017 -0.080000 -0.050000 0.060000 0.010000 0.010000 -1.680000 6.186005 1.104644 0.000000 36.920000 0.000000
2961.487112 -0.240000 0.190000 -0.030000 -0.000000 0.010000 -1.690000 6.460790 1.153713 0.000000 38.560000 0.000000
2961.521048 -0.250000 -0.200000 0.030000 -0.010000 0.030000 -1.660000 6.186005 1.104644 0.000000 36.920000 0.000000
2961.551008 0.250000 0.130000 0.000000 0.020000 0.010000 -1.660000 6.460790 1.153713 0.000000 38.560000 0.000000
2961.587484 -0.170000 -0.200000 -0.400000 -0.010000 -0.000000 -1.650000 6.460790 1.153713 0.000000 38.560000 0.000000
2961.623441 -0.090000 0.320000 0.160000 0.010000 0.010000 -1.650000 6.186005 1.104644 0.000000 36.920000 0.000000
2961.653177 0.120000 -0.360000 0.030000 0.010000 -0.030000 -1.670000 6.186005 1.104644 0.000000 36.920000 0.000000
2961.682122 -0.120000 0.060000 -0.020000 0.000000 -0.010000 -1.610000 6.460790 1.153713 0.000000 38.560000 0.000000
2961.710454 0.050000 -0.100000 -0.130000 -0.000000 -0.020000 -1.630000 5.653191 1.009498 0.000000 33.740000 0.000000
2961.737048 0.010000 0.140000 -0.050000 0.010000 -0.020000 -1.650000 6.186005 1.104644 0.000000 36.920000 0.000000
2961.773201 0.070000 -0.090000 0.190000 -0.020000 -0.010000 -1.640000 6.460790 1.153713 0.000000 38.560000 0.000000
2961.800854 0.180000 0.130000 -0.220000 0.020000 -0.000000 -1.590000 6.186005 1.104644 0.000000 36.920000 0.000000
2961.827258 0.140000 -0.040000 -0.040000 0.010000 -0.000000 -1.640000 6.460790 1.153713 0.000000 38.560000 0.000000
2961.863255 -0.200000 0.130000 0.370000 -0.000000 0.000000 -1.620000 6.460790 1.153713 0.000000 38.560000 0.000000
2961.899417 0.260000 -0.310000 -0.440000 0.010000 0.000000 -1.660000 6.460790 1.153713 0.000000 38.560000 0.000000
2961.927714 -0.160000 0.040000 0.140000 0.010000 -0.010000 -1.670000 6.186005 1.104644 0.000000 36.920000 0.000000
2961.962668 0.260000 0.060000 0.060000 0.010000 -0.000000 -1.670000 6.460790 1.153713 0.000000 38.560000 0.000000
2961.989494 0.180000 0.080000 0.010000 0.000000 0.010000 -1.670000 6.460790 1.153713 0.000000 38.560000 0.000000
2962.021210 -0.050000 -0.260000 0.000000 0.010000 -0.010000 -1.660000 6.186005 1.104644 0.000000 36.920000 0.000000
2962.049159 -0.400000 -0.110000 0.380000 -0.010000 0.010000 -1.600000 6.460790 1.153713 0.000000 38.560000 0.000000
2962.084132 0.550000 0.130000 -0.210000 0.010000 0.000000 -1.670000 5.653191 1.009498 0.000000 33.740000 0.000000
2962.117176 -0.190000 -0.100000 -0.070000 -0.000000 0.010000 -1.670000 6.460790 1.153713 0.000000 38.560000 0.000000
2962.152106 -0.150000 -0.180000 0.160000 0.010000 -0.010000 -1.650000 6.460790 1.153713 0.000000 38.560000 0.000000
2962.180363 -0.030000 0.070000 -0.040000 -0.010000 -0.000000 -1.660000 6.460790 1.153713 0.000000 38.560000 0.000000
2962.207998 0.090000 0.260000 -0.170000 -0.000000 0.010000 -1.680000 6.186005 1.104644 0.000000 36.920000 0.000000
2962.239729 -0.210000 -0.260000 0.060000 0.010000 0.010000 -1.670000 6.460790 1.153713 0.000000 38.560000 0.000000
2962.269438 0.500000 -0.330000 0.060000 -0.010000 0.020000 -1.680000 6.460790 1.153713 0.000000 38.560000 0.000000
2962.298193 -0.090000 0.240000 -0.150000 0.010000 -0.020000 -1.650000 6.186005 1.104644 0.000000 36.920000 0.000000
2962.333858 -0.110000 -0.040000 0.360000 0.000000 -0.010000 -1.670000 6.460790 1.153713 0.000000 38.560000 0.000000
2962.364509 -0.060000 0.190000 0.040000 0.030000 0.010000 -1.680000 6.460790 1.153713 0.000000 38.560000 0.000000
2962.398601 0.040000 -0.270000 -0.470000 -0.020000 -0.010000 -1.630000 5.653191 1.009498 0.000000 33.740000 0.000000
2962.430601 0.550000 0.480000 0.080000 0.010000 0.000000 -1.650000 6.186005 1.104644 0.000000 36.920000 0.000000
2962.459752 -0.150000 -0.180000 0.370000 -0.000000 -0.000000 -1.670000 5.653191 1.009498 0.000000 33.740000 0.000000
2962.495823 -0.400000 0.620000 -0.850000 -0.020000 0.010000 -1.680000 6.186005 1.104644 0.000000 36.920000 0.000000
2962.530705 -0.070000 -0.360000 0.190000 0.020000 0.020000 -1.590000 5.653191 1.009498 0.000000 33.740000 0.000000
2962.564573 0.350000 0.220000 0.100000 0.020000 0.010000 -1.630000 6.460790 1.153713 0.000000 38.560000 0.000000
2962.598842 -0.300000 -0.250000 -0.070000 -0.010000 0.010000 -1.600000 6.186005 1.104644 0.000000 36.920000 0.000000
2962.635316 0.420000 0.250000 -0.100000 0.020000 0.000000 -1.620000 5.413592 0.966713 0.000000 32.310000 0.000000
2962.669460 -0.220000 -0.500000 0.020000 0.000000 0.000000 -1.600000 6.460790 1.153713 0.000000 38.560000 0.000000
2962.697580 0.110000 0.370000 0.210000 0.010000 0.010000 -1.590000 5.653191 1.009498 0.000000 33.740000 0.000000
2962.730451 -0.420000 -0.180000 0.030000 -0.010000 0.000000 -1.570000 6.186005 1.104644 0.000000 36.920000 0.000000
2962.767573 0.190000 0.240000 0.200000 0.020000 0.020000 -1.590000 5.653191 1.009498 0.000000 33.740000 0.000000
2962.802703 0.340000 -0.150000 -0.540000 -0.010000 0.010000 -1.570000 6.186005 1.104644 0.000000 36.920000 0.000000
2962.830352 0.560000 0.380000 0.130000 0.020000 -0.010000 -1.600000 6.460790 1.153713 0.000000 38.560000 0.000000
2962.858988 -0.330000 -0.340000 0.210000 -0.010000 -0.010000 -1.580000 6.460790 1.153713 0.000000 38.560000 0.000000
2962.894308 -0.290000 -0.070000 0.140000 -0.000000 -0.020000 -1.590000 6.186005 1.104644 0.000000 36.920000 0.000000
2962.928719 -0.200000 -0.270000 -0.140000 0.010000 0.010000 -1.570000 6.186005 1.104644 0.000000 36.920000 0.000000
2962.961982 0.060000 -0.120000 0.330000 0.010000 0.030000 -1.570000 6.460790 1.153713 0.000000 38.560000 0.000000
2962.990747 -0.100000 -0.170000 -0.740000 0.000000 -0.010000 -1.570000 6.460790 1.153713 0.000000 38.560000 0.000000
2963.016736 -0.360000 -0.080000 0.220000 0.010000 0.020000 -1.590000 5.413592 0.966713 0.000000 32.310000 0.000000
2963.048496 0.130000 -0.180000 -0.140000 0.010000 -0.020000 -1.580000 6.460790 1.153713 0.000000 38.560000 0.000000
2963.083594 -0.190000 0.010000 -0.020000 -0.010000 0.010000 -1.580000 5.653191 1.009498 0.000000 33.740000 0.000000
2963.118965 -0.040000 -0.090000 -0.030000 0.000000 -0.020000 -1.600000 6.460790 1.153713 0.000000 38.560000 0.000000
2963.153408 0.440000 0.310000 -0.050000 0.010000 -0.030000 -1.650000 6.460790 1.153713 0.000000 38.560000 0.000000
2963.180966 0.040000 -0.230000 0.010000 0.000000 0.000000 -1.640000 6.460790 1.153713 0.000000 38.560000 0.000000
2963.210189 -0.010000 0.400000 -0.030000 -0.010000 -0.030000 -1.610000 6.186005 1.104644 0.000000 36.920000 0.000000
2963.238403 -0.100000 -0.220000 -0.090000 -0.010000 0.000000 -1.630000 6.460790 1.153713 0.000000 38.560000 0.000000
2963.271463 -0.080000 0.280000 -0.160000 -0.010000 0.010000 -1.630000 6.460790 1.153713 0.000000 38.560000 0.000000
2963.299837 0.210000 -0.130000 -0.040000 0.000000 0.010000 -1.640000 6.186005 1.104644 0.000000 36.920000 0.000000
2963.331960 -0.350000 0.190000 0.150000 0.000000 -0.020000 -1.610000 6.460790 1.153713 0.000000 38.560000 0.000000
2963.367547 -0.060000 -0.040000 -0.440000 -0.010000 -0.020000 -1.590000 5.653191 1.009498 0.000000 33.740000 0.000000
2963.403164 0.120000 0.580000 0.110000 -0.010000 0.000000 -1.600000 6.460790 1.153713 0.000000 38.560000 0.000000
2963.430399 0.100000 -0.160000 0.240000 0.020000 -0.020000 -1.670000 6.460790 1.153713 0.000000 38.560000 0.000000
2963.460358 -0.240000 -0.020000 0.460000 -0.020000 0.010000 -1.560000 7.268389 1.297927 0.000000 43.380000 0.000000
2963.487952 0.250000 0.220000 -0.040000 0.000000 0.000000 -1.630000 6.186005 1.104644 0.000000 36.920000 0.000000
2963.522524 -0.220000 0.050000 -0.180000 0.010000 0.010000 -1.640000 5.653191 1.009498 0.000000 33.740000 0.000000
2963.551248 0.130000 -0.200000 0.550000 0.000000 -0.010000 -1.640000 6.460790 1.153713 0.000000 38.560000 0.000000
2963.579547 0.030000 -0.020000 -0.390000 -0.000000 -0.000000 -1.620000 6.186005 1.104644 0.000000 36.920000 0.000000
2963.607965 0.040000 0.120000 -0.220000 0.000000 0.010000 -1.650000 6.186005 1.104644 0.000000 36.920000 0.000000
2963.642460 0.170000 0.240000 0.080000 0.010000 -0.010000 -1.630000 6.460790 1.153713 0.000000 38.560000 0.000000
2963.670531 0.220000 -0.080000 0.060000 -0.000000 -0.010000 -1.660000 5.653191 1.009498 0.000000 33.740000 0.000000
2963.698963 -0.450000 -0.210000 -0.120000 -0.010000 -0.020000 -1.620000 6.186005 1.104644 0.000000 36.920000 0.000000
2963.733368 0.360000 0.190000 -0.310000 0.010000 -0.010000 -1.670000 6.460790 1.153713 0.000000 38.560000 0.000000
2963.763327 -0.260000 -0.110000 0.240000 0.020000 0.010000 -1.680000 6.186005 1.104644 0.000000 36.920000 0.000000
2963.793752 0.030000 0.070000 0.190000 0.010000 -0.010000 -1.650000 6.460790 1.153713 0.000000 38.560000 0.000000
2963.828643 -0.120000 -0.080000 -0.080000 -0.000000 0.010000 -1.650000 6.460790 1.153713 0.000000 38.560000 0.000000
2963.862186 -0.120000 0.200000 0.370000 -0.000000 0.010000 -1.670000 6.186005 1.104644 0.000000 36.920000 0.000000
2963.891472 -0.090000 -0.090000 -0.530000 0.010000 0.020000 -1.650000 5.413592 0.966713 0.000000 32.310000 0.000000
2963.917415 0.210000 0.120000 0.080000 -0.000000 0.030000 -1.670000 6.460790 1.153713 0.000000 38.560000 0.000000
2963.955090 0.120000 -0.120000 0.080000 -0.000000 -0.030000 -1.640000 5.653191 1.009498 0.000000 33.740000 0.000000
2963.986574 -0.200000 0.090000 0.040000 -0.010000 0.020000 -1.610000 6.186005 1.104644 0.000000 36.920000 0.000000
2964.020272 0.330000 0.130000 -0.460000 0.020000 -0.020000 -1.610000 6.460790 1.153713 0.000000 38.560000 0.000000
2964.046446 -0.070000 -0.250000 0.300000 0.010000 0.020000 -1.670000 5.413592 0.966713 0.000000 32.310000 0.000000
2964.079585 0.160000 0.130000 0.200000 -0.010000 0.010000 -1.660000 5.653191 1.009498 0.000000 33.740000 0.000000
2964.109124 0.290000 0.120000 -0.040000 -0.000000 -0.010000 -1.640000 6.460790 1.153713 0.000000 38.560000 0.000000
2964.145433 -0.150000 -0.050000 0.100000 0.020000 0.020000 -1.660000 6.186005 1.104644 0.000000 36.920000 0.000000
2964.179752 -0.490000 0.010000 0.390000 -0.010000 -0.020000 -1.640000 6.186005 1.104644 0.000000 36.920000 0.000000
2964.208434 0.490000 -0.020000 -0.140000 0.010000 0.040000 -1.630000 5.653191 1.009498 0.000000 33.740000 0.000000
2964.239942 -0.300000 -0.010000 -0.050000 0.010000 -0.000000 -1.640000 5.653191 1.009498 0.000000 33.740000 0.000000
2964.266703 0.050000 0.110000 0.380000 0.020000 0.010000 -1.640000 6.186005 1.104644 0.000000 36.920000 0.000000
2964.297825 0.050000 -0.210000 -0.180000 0.000000 -0.010000 -1.690000 6.460790 1.153713 0.000000 38.560000 0.000000
2964.332019 -0.360000 -0.080000 -0.240000 0.020000 0.010000 -1.600000 6.460790 1.153713 0.000000 38.560000 0.000000
2964.362531 -0.020000 -0.060000 -0.020000 -0.010000 0.010000 -1.590000 5.653191 1.009498 0.000000 33.740000 0.000000
2964.390983 0.100000 0.320000 -0.240000 -0.000000 0.010000 -1.640000 6.460790 1.153713 0.000000 38.560000 0.000000
2964.418600 0.040000 -0.120000 0.160000 0.020000 0.010000 -1.620000 6.460790 1.153713 0.000000 38.560000 0.000000
2964.451718 0.140000 0.060000 0.170000 -0.010000 0.020000 -1.560000 5.413592 0.966713 0.000000 32.310000 0.000000
2964.479025 0.020000 -0.150000 -0.300000 0.010000 -0.020000 -1.630000 6.460790 1.153713 0.000000 38.560000 0.000000
2964.518514 -0.280000 0.010000 0.250000 0.010000 -0.000000 -1.620000 5.653191 1.009498 0.000000 33.740000 0.000000
2964.552567 0.120000 0.400000 0.160000 0.030000 0.030000 -1.620000 6.186005 1.104644 0.000000 36.920000 0.000000
2964.580624 -0.060000 -0.210000 -0.150000 0.020000 -0.010000 -1.580000 5.653191 1.009498 0.000000 33.740000 0.000000
2964.608759 0.070000 0.160000 0.170000 0.010000 0.000000 -1.570000 6.460790 1.153713 0.000000 38.560000 0.000000
2964.640484 0.320000 -0.040000 0.090000 0.010000 -0.000000 -1.590000 5.653191 1.009498 0.000000 33.740000 0.000000
2964.677032 0.170000 -0.150000 0.080000 0.010000 -0.030000 -1.640000 6.460790 1.153713 0.000000 38.560000 0.000000
2964.708739 -0.460000 -0.010000 0.110000 -0.020000 -0.020000 -1.570000 6.460790 1.153713 0.000000 38.560000 0.000000
2964.744691 0.010000 0.250000 -0.090000 0.010000 -0.000000 -1.580000 5.413592 0.966713 0.000000 32.310000 0.000000
2964.777166 -0.260000 -0.260000 -0.110000 0.010000 -0.010000 -1.600000 6.460790 1.153713 0.000000 38.560000 0.000000
2964.813482 0.300000 0.170000 0.010000 0.020000 -0.010000 -1.620000 5.653191 1.009498 0.000000 33.740000 0.000000
2964.842600 -0.130000 -0.370000 0.060000 0.000000 0.020000 -1.640000 6.186005 1.104644 0.000000 36.920000 0.000000
2964.869964 -0.090000 0.180000 -0.290000 0.000000 -0.030000 -1.610000 6.186005 1.104644 0.000000 36.920000 0.000000
2964.902021 0.130000 -0.080000 -0.320000 -0.000000 -0.000000 -1.620000 6.460790 1.153713 0.000000 38.560000 0.000000
2964.935082 0.160000 0.090000 0.220000 0.010000 -0.010000 -1.660000 6.460790 1.153713 0.000000 38.560000 0.000000
2964.971408 -0.090000 -0.350000 -0.230000 -0.000000 -0.020000 -1.720000 6.186005 1.104644 0.000000 36.920000 0.000000
2964.997771 -0.160000 0.330000 0.610000 -0.000000 -0.030000 -1.620000 6.460790 1.153713 0.000000 38.560000 0.000000
2965.033497 0.190000 -0.270000 -0.020000 0.010000 -0.010000 -1.690000 6.186005 1.104644 0.000000 36.920000 0.000000
2965.066133 -0.410000 0.060000 -0.170000 -0.000000 0.010000 -1.670000 5.653191 1.009498 0.000000 33.740000 0.000000
2965.101781 0.220000 -0.060000 -0.060000 0.010000 -0.010000 -1.720000 6.460790 1.153713 0.000000 38.560000 0.000000
2965.128783 0.140000 -0.110000 0.250000 -0.010000 -0.000000 -1.690000 6.186005 1.104644 0.000000 36.920000 0.000000
2965.163114 -0.150000 0.140000 -0.200000 -0.010000 -0.000000 -1.710000 6.186005 1.104644 0.000000 36.920000 0.000000
2965.190972 -0.420000 -0.090000 -0.240000 -0.000000 -0.010000 -1.690000 6.460790 1.153713 0.000000 38.560000 0.000000
2965.218477 0.860000 0.210000 0.380000 0.030000 -0.010000 -1.760000 5.653191 1.009498 0.000000 33.740000 0.000000
2965.250738 -0.310000 -0.020000 -0.200000 0.010000 -0.010000 -1.710000 6.186005 1.104644 0.000000 36.920000 0.000000
2965.285758 0.150000 0.130000 -0.280000 0.000000 0.010000 -1.730000 6.460790 1.153713 0.000000 38.560000 0.000000
2965.317100 0.100000 0.030000 0.060000 0.020000 0.010000 -1.740000 6.960094 1.242874 0.000000 41.540000 0.000000
2965.350155 -0.150000 0.070000 0.140000 -0.010000 0.000000 -1.770000 5.653191 1.009498 0.000000 33.740000 0.000000
2965.378123 -0.280000 0.040000 -0.330000 -0.000000 0.010000 -1.700000 6.460790 1.153713 0.000000 38.560000 0.000000
2965.412212 -0.220000 -0.040000 0.110000 -0.010000 0.010000 -1.700000 6.960094 1.242874 0.000000 41.540000 0.000000
2965.439517 0.320000 -0.000000 0.080000 0.000000 -0.020000 -1.730000 6.186005 1.104644 0.000000 36.920000 0.000000
2965.475028 -0.170000 -0.420000 -0.210000 -0.010000 0.000000 -1.770000 6.460790 1.153713 0.000000 38.560000 0.000000
2965.509839 -0.210000 0.100000 0.150000 -0.010000 0.000000 -1.690000 6.460790 1.153713 0.000000 38.560000 0.000000
2965.537091 0.230000 0.050000 -0.010000 0.020000 0.010000 -1.730000 6.186005 1.104644 0.000000 36.920000 0.000000
2965.570491 -0.210000 -0.010000 0.270000 0.000000 0.000000 -1.700000 6.460790 1.153713 0.000000 38.560000 0.000000
2965.598621 -0.020000 -0.130000 -0.050000 0.010000 -0.000000 -1.710000 6.460790 1.153713 0.000000 38.560000 0.000000
2965.632977 0.030000 0.020000 -0.060000 -0.000000 0.010000 -1.710000 5.653191 1.009498 0.000000 33.740000 0.000000
2965.661317 0.360000 0.060000 -0.110000 0.010000 -0.030000 -1.720000 6.460790 1.153713 0.000000 38.560000 0.000000
2965.689501 -0.270000 -0.070000 0.060000 -0.010000 -0.000000 -1.720000 6.460790 1.153713 0.000000 38.560000 0.000000
2965.724118 0.030000 0.000000 0.110000 0.010000 -0.010000 -1.660000 6.186005 1.104644 0.000000 36.920000 0.000000
2965.760323 0.210000 -0.050000 0.330000 -0.000000 -0.010000 -1.700000 6.460790 1.153713 0.000000 38.560000 0.000000
2965.787451 -0.390000 -0.110000 -0.220000 0.000000 0.000000 -1.700000 6.460790 1.153713 0.000000 38.560000 0.000000
2965.823472 0.370000 0.200000 -0.110000 -0.000000 0.010000 -1.730000 6.186005 1.104644 0.000000 36.920000 0.000000
2965.851483 0.060000 -0.300000 0.050000 -0.020000 0.000000 -1.730000 6.460790 1.153713 0.000000 38.560000 0.000000
2965.887272 0.350000 0.320000 0.100000 0.020000 0.010000 -1.720000 6.460790 1.153713 0.000000 38.560000 0.000000
2965.921506 -0.480000 -0.240000 0.120000 -0.010000 0.020000 -1.700000 6.460790 1.153713 0.000000 38.560000 0.000000
2965.949066 0.400000 0.480000 -0.200000 0.000000 -0.000000 -1.710000 6.460790 1.153713 0.000000 38.560000 0.000000
2965.980978 0.120000 -0.630000 -0.180000 -0.020000 0.030000 -1.750000 6.460790 1.153713 0.000000 38.560000 0.000000
2966.017384 -0.170000 0.480000 0.090000 -0.020000 0.000000 -1.690000 6.186005 1.104644 0.000000 36.920000 0.000000
2966.052253 0.270000 0.070000 0.150000 0.010000 -0.010000 -1.710000 5.653191 1.009498 0.000000 33.740000 0.000000
2966.079846 -0.190000 0.260000 0.200000 -0.020000 0.010000 -1.740000 6.460790 1.153713 0.000000 38.560000 0.000000
2966.115851 -0.130000 -0.240000 -0.310000 0.010000 -0.010000 -1.690000 6.186005 1.104644 0.000000 36.920000 0.000000
2966.147065 -0.120000 -0.050000 0.110000 -0.000000 0.020000 -1.680000 6.186005 1.104644 0.000000 36.920000 0.000000
2966.183387 0.280000 -0.020000 0.350000 0.010000 0.010000 -1.720000 6.460790 1.153713 0.000000 38.560000 0.000000
2966.212266 -0.360000 -0.270000 -0.160000 -0.000000 0.020000 -1.720000 6.460790 1.153713 0.000000 38.560000 0.000000
2966.239152 -0.190000 0.070000 -0.030000 0.000000 -0.010000 -1.660000 6.186005 1.104644 0.000000 36.920000 0.000000
2966.275137 0.070000 0.000000 -0.070000 -0.000000 0.010000 -1.680000 6.460790 1.153713 0.000000 38.560000 0.000000
2966.308691 -0.100000 0.060000 -0.190000 -0.000000 0.020000 -1.690000 6.186005 1.104644 0.000000 36.920000 0.000000
2966.344748 0.150000 0.170000 -0.100000 0.010000 0.020000 -1.720000 5.653191 1.009498 0.000000 33.740000 0.000000
2966.376688 -0.050000 -0.210000 -0.010000 0.000000 0.010000 -1.670000 6.460790 1.153713 0.000000 38.560000 0.000000
2966.409819 0.130000 0.040000 -0.160000 0.000000 0.010000 -1.710000 6.186005 1.104644 0.000000 36.920000 0.000000
2966.437711 0.450000 0.160000 0.020000 0.000000 0.020000 -1.690000 6.186005 1.104644 0.000000 36.920000 0.000000
2966.473758 0.250000 -0.030000 0.190000 -0.010000 0.010000 -1.710000 7.268389 1.297927 0.000000 43.380000 0.000000
2966.505860 -0.240000 -0.190000 -0.070000 0.010000 -0.000000 -1.660000 5.653191 1.009498 0.000000 33.740000 0.000000
2966.543093 0.220000 -0.030000 0.190000 -0.000000 0.010000 -1.700000 6.186005 1.104644 0.000000 36.920000 0.000000
2966.571224 0.260000 -0.230000 -0.170000 -0.010000 -0.000000 -1.720000 6.460790 1.153713 0.000000 38.560000 0.000000
2966.600157 -0.040000 0.020000 -0.420000 0.010000 -0.000000 -1.720000 6.186005 1.104644 0.000000 36.920000 0.000000
2966.626262 0.240000 -0.150000 0.400000 0.020000 0.010000 -1.680000 6.460790 1.153713 0.000000 38.560000 0.000000
2966.662519 0.010000 0.010000 -0.140000 -0.010000 0.030000 -1.700000 6.460790 1.153713 0.000000 38.560000 0.000000
2966.688959 -0.200000 0.070000 -0.230000 0.010000 0.010000 -1.710000 6.460790 1.153713 0.000000 38.560000 0.000000
2966.724338 0.130000 0.300000 0.100000 0.020000 0.020000 -1.680000 6.186005 1.104644 0.000000 36.920000 0.000000
2966.755777 -0.020000 -0.120000 0.130000 -0.000000 -0.010000 -1.640000 6.460790 1.153713 0.000000 38.560000 0.000000
2966.787960 0.090000 -0.520000 0.340000 -0.030000 0.020000 -1.650000 5.653191 1.009498 0.000000 33.740000 0.000000
2966.824252 -0.080000 0.310000 -0.000000 0.010000 -0.020000 -1.580000 6.186005 1.104644 0.000000 36.920000 0.000000
2966.857179 -0.260000 -0.240000 0.560000 -0.000000 -0.010000 -1.590000 6.460790 1.153713 0.000000 38.560000 0.000000
2966.893215 -0.010000 -0.120000 0.000000 -0.010000 -0.010000 -1.510000 6.460790 1.153713 0.000000 38.560000 0.000000
2966.921212 -0.070000 0.070000 -0.300000 0.010000 -0.010000 -1.550000 5.653191 1.009498 0.000000 33.740000 0.000000
2966.948509 0.300000 0.240000 0.110000 0.020000 -0.010000 -1.580000 6.460790 1.153713 0.000000 38.560000 0.000000
