3935.680127 -0.030000 0.000000 -9.940000 -0.000000 -0.000000 -0.000000 0.000000 0.000000 0.000000 0.000000 0.000000
3935.711016 -0.040000 -0.000000 -8.760000 -0.000000 0.000000 0.000000 0.000000 0.000000 0.000000 0.000000 0.000000
3935.739671 0.000000 -0.040000 -7.800000 -0.000000 0.000000 -0.000000 0.774088 -0.138230 0.000000 0.000000 4.620000
3935.776685 0.110000 0.150000 -6.760000 0.000000 0.000000 0.000000 0.000000 0.000000 0.000000 0.000000 0.000000
3935.810693 -0.640000 0.670000 -6.040000 -0.050000 -0.080000 0.110000 2.422796 -0.432642 0.000000 0.000000 14.460000
3935.840160 0.020000 0.410000 -4.190000 0.020000 0.040000 0.100000 1.615198 -0.288428 0.000000 0.000000 9.640000
3935.869993 0.260000 1.360000 -3.380000 0.020000 -0.000000 -0.050000 3.093003 -0.552322 0.000000 0.000000 18.460000
3935.907130 0.310000 -0.350000 -2.480000 0.020000 -0.020000 -0.030000 4.037994 -0.721070 0.000000 0.000000 24.100000
3935.943552 0.620000 -0.020000 -0.080000 0.020000 0.020000 0.010000 5.413592 -0.966713 0.000000 0.000000 32.310000
3935.977016 -0.020000 -0.220000 0.430000 0.070000 -0.030000 0.010000 7.268389 -1.297927 0.000000 0.000000 43.380000
3936.009288 -0.280000 0.070000 -1.140000 -0.050000 -0.020000 0.070000 8.077663 -1.442440 0.000000 0.000000 48.210000
3936.038699 -0.330000 0.540000 0.340000 -0.120000 -0.010000 -0.010000 8.506595 -1.519035 0.000000 0.000000 50.770000
3936.070699 -0.020000 -0.600000 1.390000 -0.140000 0.020000 -0.050000 9.279008 -1.656966 0.000000 0.000000 55.380000
3936.106987 0.180000 -0.370000 0.220000 -0.030000 -0.030000 0.010000 10.500459 -1.875082 0.000000 0.000000 62.670000
3936.142123 -0.110000 -0.930000 -3.040000 0.100000 0.130000 -0.010000 9.692861 -1.730868 0.000000 0.000000 57.850000
3936.169745 0.010000 -0.430000 0.500000 0.050000 0.020000 0.050000 10.827185 -1.933426 0.000000 0.000000 64.620000
3936.199290 0.190000 0.170000 -0.260000 -0.000000 -0.060000 -0.020000 11.308058 -2.019296 0.000000 0.000000 67.490000
3936.234082 -0.260000 -0.960000 -1.900000 0.090000 0.030000 0.010000 11.599598 -2.071357 0.000000 0.000000 69.230000
3936.266462 0.240000 -0.430000 -0.270000 0.120000 0.060000 -0.000000 12.115657 -2.163510 0.000000 0.000000 72.310000
3936.302565 0.130000 0.240000 0.820000 0.050000 -0.010000 0.040000 12.923256 -2.307724 0.000000 0.000000 77.130000
3936.330983 0.110000 -0.140000 -0.990000 0.030000 0.200000 -0.040000 12.373686 -2.209587 0.000000 0.000000 73.850000
3936.357538 0.130000 -0.700000 3.470000 -0.050000 0.020000 -0.020000 12.373686 -2.209587 0.000000 0.000000 73.850000
3936.392323 -0.270000 0.290000 0.340000 -0.040000 -0.070000 0.030000 13.730854 -2.451938 0.000000 0.000000 81.950000
3936.420226 -0.140000 -0.300000 -0.080000 -0.110000 0.000000 0.030000 12.923256 -2.307724 0.000000 0.000000 77.130000
3936.449472 0.360000 -0.110000 -0.450000 -0.070000 0.080000 -0.020000 13.146099 -2.347518 0.000000 0.000000 78.460000
3936.480812 -0.340000 -0.250000 0.610000 0.050000 -0.050000 0.020000 13.730854 -2.451938 0.000000 0.000000 81.950000
3936.511001 -0.470000 0.780000 -0.620000 0.050000 0.010000 0.050000 13.146099 -2.347518 0.000000 0.000000 78.460000
3936.539921 -0.500000 -1.080000 -0.650000 0.100000 0.030000 -0.020000 12.923256 -2.307724 0.000000 0.000000 77.130000
3936.576033 1.010000 0.720000 0.700000 -0.020000 0.130000 0.040000 14.538453 -2.596152 0.000000 0.000000 86.770000
3936.607959 -0.470000 0.180000 -0.590000 -0.040000 -0.010000 -0.010000 13.730854 -2.451938 0.000000 0.000000 81.950000
3936.642751 -0.270000 0.480000 0.450000 -0.140000 0.010000 -0.030000 12.373686 -2.209587 0.000000 0.000000 73.850000
3936.672889 0.560000 0.480000 0.320000 -0.060000 -0.050000 -0.020000 13.730854 -2.451938 0.000000 0.000000 81.950000
3936.701410 -0.210000 0.380000 -1.160000 0.160000 -0.000000 -0.000000 13.730854 -2.451938 0.000000 0.000000 81.950000
3936.730117 0.640000 0.640000 -1.450000 0.140000 -0.020000 0.030000 13.146099 -2.347518 0.000000 0.000000 78.460000
3936.758136 0.270000 -0.560000 2.160000 -0.160000 0.070000 -0.070000 13.730854 -2.451938 0.000000 0.000000 81.950000
3936.792654 0.080000 -0.130000 0.210000 -0.040000 -0.050000 0.070000 14.538453 -2.596152 0.000000 0.000000 86.770000
3936.829252 -0.580000 -0.220000 -1.760000 -0.120000 -0.000000 -0.040000 12.923256 -2.307724 0.000000 0.000000 77.130000
3936.857728 -0.140000 0.470000 -0.410000 -0.130000 0.030000 -0.000000 13.730854 -2.451938 0.000000 0.000000 81.950000
3936.891526 -0.130000 -0.560000 0.640000 0.040000 -0.080000 -0.020000 13.730854 -2.451938 0.000000 0.000000 81.950000
3936.919673 0.070000 0.270000 0.160000 0.140000 0.030000 0.030000 13.146099 -2.347518 0.000000 0.000000 78.460000
3936.947674 0.050000 -0.640000 -1.190000 0.070000 0.010000 0.070000 13.730854 -2.451938 0.000000 0.000000 81.950000
3936.985746 0.630000 0.510000 3.120000 -0.130000 -0.080000 -0.040000 13.730854 -2.451938 0.000000 0.000000 81.950000
3937.019998 -0.040000 0.180000 -0.890000 0.030000 -0.100000 0.010000 13.146099 -2.347518 0.000000 0.000000 78.460000
3937.048804 -0.010000 -0.280000 -1.110000 -0.070000 0.060000 -0.030000 13.730854 -2.451938 0.000000 0.000000 81.950000
3937.082501 0.360000 0.760000 -0.220000 0.050000 0.000000 -0.000000 13.730854 -2.451938 0.000000 0.000000 81.950000
3937.117993 -0.390000 -0.630000 -0.420000 0.050000 0.020000 0.010000 12.923256 -2.307724 0.000000 0.000000 77.130000
3937.152053 0.150000 0.110000 1.750000 0.150000 -0.030000 0.010000 13.730854 -2.451938 0.000000 0.000000 81.950000
3937.180987 0.360000 -0.220000 1.800000 -0.180000 0.050000 0.030000 13.730854 -2.451938 0.000000 0.000000 81.950000
3937.208776 -1.150000 0.730000 -1.180000 0.080000 -0.180000 0.000000 13.146099 -2.347518 0.000000 0.000000 78.460000
3937.245485 1.030000 -0.380000 -1.920000 -0.030000 0.060000 -0.040000 13.730854 -2.451938 0.000000 0.000000 81.950000
3937.279925 -0.550000 1.490000 0.360000 0.060000 -0.010000 0.020000 13.730854 -2.451938 0.000000 0.000000 81.950000
3937.308323 0.060000 -0.930000 -0.550000 0.130000 -0.020000 -0.020000 13.146099 -2.347518 0.000000 0.000000 78.460000
3937.343135 0.200000 0.440000 2.920000 0.000000 -0.000000 0.010000 13.920188 -2.485748 0.000000 0.000000 83.080000
3937.371674 -0.310000 -0.660000 -0.220000 0.040000 0.010000 0.030000 13.730854 -2.451938 0.000000 0.000000 81.950000
3937.400950 -0.210000 0.020000 0.400000 -0.190000 -0.070000 -0.010000 12.923256 -2.307724 0.000000 0.000000 77.130000
3937.433237 0.900000 -1.230000 -1.630000 -0.070000 0.140000 -0.010000 13.146099 -2.347518 0.000000 0.000000 78.460000
3937.469613 -0.320000 0.110000 -0.100000 0.160000 -0.040000 -0.010000 13.730854 -2.451938 0.000000 0.000000 81.950000
3937.496198 -0.390000 0.290000 0.900000 0.120000 -0.010000 0.070000 13.146099 -2.347518 0.000000 0.000000 78.460000
3937.532706 -0.200000 -0.500000 -0.860000 -0.000000 0.040000 -0.030000 12.923256 -2.307724 0.000000 0.000000 77.130000
3937.566400 -0.380000 0.040000 0.160000 0.000000 -0.020000 0.020000 13.730854 -2.451938 0.000000 0.000000 81.950000
3937.601554 -0.160000 -0.280000 1.120000 -0.060000 0.040000 0.000000 13.146099 -2.347518 0.000000 0.000000 78.460000
3937.634411 -0.110000 0.340000 -0.970000 -0.150000 0.070000 -0.050000 13.920188 -2.485748 0.000000 0.000000 83.080000
3937.668719 0.760000 0.500000 0.260000 0.020000 -0.090000 -0.050000 13.730854 -2.451938 0.000000 0.000000 81.950000
3937.701799 -0.400000 0.100000 -0.450000 0.140000 0.050000 -0.030000 12.923256 -2.307724 0.000000 0.000000 77.130000
3937.728097 0.390000 -0.220000 0.830000 0.040000 0.050000 0.050000 13.146099 -2.347518 0.000000 0.000000 78.460000
3937.760086 0.100000 -0.100000 1.490000 -0.080000 -0.000000 -0.060000 13.730854 -2.451938 0.000000 0.000000 81.950000
3937.795113 0.220000 0.040000 -1.010000 -0.070000 0.020000 0.000000 13.146099 -2.347518 0.000000 0.000000 78.460000
3937.831160 -0.130000 0.510000 1.010000 -0.160000 0.010000 -0.010000 13.730854 -2.451938 0.000000 0.000000 81.950000
3937.859776 0.400000 0.860000 -0.400000 -0.100000 -0.030000 -0.040000 13.730854 -2.451938 0.000000 0.000000 81.950000
3937.895290 -0.700000 -0.450000 0.140000 0.100000 -0.170000 -0.000000 13.146099 -2.347518 0.000000 0.000000 78.460000
3937.926783 0.350000 0.500000 -0.070000 0.070000 0.130000 -0.030000 13.146099 -2.347518 0.000000 0.000000 78.460000
3937.961749 -0.100000 -0.390000 -1.120000 -0.070000 -0.000000 0.050000 13.730854 -2.451938 0.000000 0.000000 81.950000
3937.990970 -0.510000 0.140000 1.060000 0.010000 -0.020000 -0.020000 13.730854 -2.451938 0.000000 0.000000 81.950000
3938.020950 -0.210000 -0.890000 -0.230000 -0.100000 -0.020000 0.000000 13.146099 -2.347518 0.000000 0.000000 78.460000
3938.048629 -0.330000 0.710000 -0.270000 -0.070000 -0.000000 -0.010000 13.730854 -2.451938 0.000000 0.000000 81.950000
3938.085378 0.080000 0.270000 -0.930000 0.120000 -0.030000 -0.030000 13.730854 -2.451938 0.000000 0.000000 81.950000
3938.120250 -1.060000 -0.700000 -1.000000 0.100000 -0.130000 -0.010000 12.923256 -2.307724 0.000000 0.000000 77.130000
3938.148759 0.100000 -0.360000 2.460000 -0.030000 -0.040000 -0.010000 14.538453 -2.596152 0.000000 0.000000 86.770000
3938.180246 0.130000 0.030000 0.190000 -0.110000 -0.050000 -0.030000 13.730854 -2.451938 0.000000 0.000000 81.950000
3938.207553 -0.160000 -0.750000 -0.960000 -0.110000 0.060000 -0.030000 13.146099 -2.347518 0.000000 0.000000 78.460000
3938.240802 0.630000 0.260000 -0.240000 0.040000 -0.050000 0.040000 13.730854 -2.451938 0.000000 0.000000 81.950000
3938.271240 0.150000 0.750000 -0.890000 0.050000 0.000000 0.070000 14.538453 -2.596152 0.000000 0.000000 86.770000
3938.300987 -0.570000 -1.470000 -1.370000 0.100000 0.030000 -0.020000 13.146099 -2.347518 0.000000 0.000000 78.460000
3938.329250 1.160000 0.810000 1.390000 -0.020000 0.110000 0.040000 13.730854 -2.451938 0.000000 0.000000 81.950000
3938.365112 -0.340000 0.350000 -0.560000 -0.060000 0.020000 -0.050000 13.730854 -2.451938 0.000000 0.000000 81.950000
3938.396115 0.120000 0.310000 0.690000 -0.130000 -0.010000 0.010000 12.923256 -2.307724 0.000000 0.000000 77.130000
3938.430132 0.530000 0.390000 -0.240000 0.010000 -0.050000 -0.000000 13.730854 -2.451938 0.000000 0.000000 81.950000
3938.458589 0.090000 0.180000 -1.010000 0.140000 0.020000 -0.000000 13.730854 -2.451938 0.000000 0.000000 81.950000
3938.494685 -0.100000 0.280000 -0.950000 0.120000 -0.030000 0.040000 13.146099 -2.347518 0.000000 0.000000 78.460000
3938.527301 0.130000 -0.560000 2.060000 -0.190000 0.030000 -0.040000 13.730854 -2.451938 0.000000 0.000000 81.950000
3938.563597 0.820000 -0.140000 0.550000 -0.010000 -0.010000 -0.010000 13.730854 -2.451938 0.000000 0.000000 81.950000
3938.595914 -0.390000 0.560000 -1.090000 -0.090000 0.010000 -0.050000 13.146099 -2.347518 0.000000 0.000000 78.460000
3938.631990 -0.140000 0.070000 -0.130000 -0.160000 0.010000 -0.000000 13.146099 -2.347518 0.000000 0.000000 78.460000
3938.661421 -0.080000 -0.440000 -1.100000 0.050000 -0.060000 -0.000000 13.730854 -2.451938 0.000000 0.000000 81.950000
3938.694509 -0.160000 0.480000 0.120000 0.170000 0.060000 0.000000 12.923256 -2.307724 0.000000 0.000000 77.130000
3938.728459 -0.430000 -0.770000 -0.360000 0.060000 -0.000000 0.060000 13.146099 -2.347518 0.000000 0.000000 78.460000
3938.762241 -0.490000 0.410000 2.960000 -0.200000 -0.120000 -0.030000 13.730854 -2.451938 0.000000 0.000000 81.950000
3938.790420 0.060000 -0.130000 -1.000000 0.040000 -0.100000 -0.000000 13.146099 -2.347518 0.000000 0.000000 78.460000
3938.818134 -0.290000 -0.310000 -0.440000 -0.050000 0.030000 -0.010000 12.923256 -2.307724 0.000000 0.000000 77.130000
3938.852927 0.340000 0.450000 0.550000 0.030000 -0.000000 0.000000 13.730854 -2.451938 0.000000 0.000000 81.950000
3938.880264 0.180000 -0.520000 -1.710000 0.030000 0.020000 -0.010000 13.146099 -2.347518 0.000000 0.000000 78.460000
3938.907902 0.260000 -0.250000 0.680000 0.180000 0.010000 -0.020000 10.827185 -1.933426 0.000000 0.000000 64.620000
3938.942243 0.800000 -0.720000 2.130000 -0.030000 0.050000 -0.040000 11.308058 -2.019296 0.000000 0.000000 67.490000
3938.970763 -1.040000 0.120000 1.550000 -0.120000 -0.180000 -0.080000 10.500459 -1.875082 0.000000 0.000000 62.670000
3938.998713 0.150000 -0.880000 1.640000 -0.030000 -0.020000 -0.140000 8.506595 -1.519035 0.000000 0.000000 50.770000
3939.033645 0.060000 -0.090000 -2.020000 -0.040000 0.050000 -0.240000 6.460790 -1.153713 0.000000 0.000000 38.560000
3939.068481 0.070000 -0.370000 -1.050000 0.030000 -0.060000 -0.400000 5.413592 -0.966713 0.000000 0.000000 32.310000
3939.102327 -0.430000 -0.360000 0.950000 0.110000 -0.110000 -0.370000 2.422796 -0.432642 0.000000 0.000000 14.460000
3939.129672 0.110000 -0.250000 -1.770000 -0.030000 0.060000 -0.530000 0.807599 -0.144214 0.000000 0.000000 4.820000
3939.158067 0.310000 0.320000 0.750000 -0.060000 0.020000 -0.450000 0.000000 0.000000 0.000000 0.000000 0.000000
3939.191919 0.110000 0.490000 0.070000 0.000000 -0.030000 -0.580000 0.000000 0.000000 0.000000 0.000000 0.000000
3939.218788 1.000000 0.170000 2.630000 -0.000000 0.090000 -0.630000 0.000000 0.000000 0.000000 0.000000 0.000000
3939.249940 0.480000 1.160000 0.400000 0.040000 0.070000 -0.680000 0.000000 0.000000 0.000000 0.000000 0.000000
3939.285313 0.100000 0.110000 -0.810000 0.020000 -0.080000 -0.740000 -0.774088 0.138230 0.000000 0.000000 -4.620000
3939.319481 -0.720000 -0.130000 0.100000 -0.020000 -0.010000 -0.870000 -0.807599 0.144214 0.000000 0.000000 -4.820000
3939.348428 -0.310000 0.660000 -1.000000 -0.020000 0.020000 -0.900000 -1.615198 0.288428 0.000000 0.000000 -9.640000
3939.382200 -0.160000 0.010000 -0.200000 -0.010000 -0.020000 -0.990000 -1.615198 0.288428 0.000000 0.000000 -9.640000
3939.416439 -0.590000 0.320000 -1.420000 -0.020000 0.010000 -0.810000 -1.615198 0.288428 0.000000 0.000000 -9.640000
3939.452454 0.320000 0.530000 -0.710000 -0.090000 -0.110000 -0.810000 -2.422796 0.432642 0.000000 0.000000 -14.460000
3939.479273 -0.240000 -0.630000 0.180000 0.080000 -0.060000 -0.970000 -1.546501 0.276161 0.000000 0.000000 -9.230000
3939.514896 -0.190000 0.240000 -1.430000 0.020000 0.020000 -1.190000 -2.422796 0.432642 0.000000 0.000000 -14.460000
3939.547237 -0.260000 0.210000 0.280000 -0.010000 -0.050000 -1.340000 -3.230395 0.576856 0.000000 0.000000 -19.280000
3939.582013 0.180000 -0.100000 0.570000 0.010000 0.030000 -1.390000 -2.320590 0.414391 0.000000 0.000000 -13.850000
3939.610502 -0.340000 0.280000 -0.210000 -0.010000 -0.000000 -1.440000 -3.230395 0.576856 0.000000 0.000000 -19.280000
3939.638776 -0.020000 0.050000 -0.000000 0.020000 -0.010000 -1.500000 -3.230395 0.576856 0.000000 0.000000 -19.280000
3939.670267 -0.060000 0.140000 0.200000 0.010000 0.010000 -1.560000 -4.037994 0.721070 0.000000 0.000000 -24.100000
3939.698560 0.280000 -0.320000 0.280000 0.010000 -0.010000 -1.580000 -4.037994 0.721070 0.000000 0.000000 -24.100000
3939.733500 -0.130000 0.250000 -0.080000 -0.020000 -0.010000 -1.620000 -4.037994 0.721070 0.000000 0.000000 -24.100000
3939.766111 -0.160000 -0.160000 -0.100000 -0.010000 0.000000 -1.640000 -3.867091 0.690552 0.000000 0.000000 -23.080000
3939.798765 0.010000 -0.010000 -0.010000 0.040000 -0.040000 -1.610000 -4.037994 0.721070 0.000000 0.000000 -24.100000
3939.833243 0.340000 -0.310000 0.230000 -0.010000 0.020000 -1.600000 -4.037994 0.721070 0.000000 0.000000 -24.100000
3939.864583 0.120000 -0.090000 0.080000 -0.010000 -0.000000 -1.600000 -4.639504 0.828483 0.000000 0.000000 -27.690000
3939.899371 0.290000 0.150000 -0.300000 -0.000000 0.010000 -1.640000 -3.867091 0.690552 0.000000 0.000000 -23.080000
3939.937079 -0.090000 -0.120000 0.350000 -0.010000 0.010000 -1.660000 -4.037994 0.721070 0.000000 0.000000 -24.100000
3939.970582 0.080000 -0.240000 -0.290000 0.020000 0.010000 -1.580000 -4.037994 0.721070 0.000000 0.000000 -24.100000
3940.000209 0.350000 0.150000 -0.260000 0.000000 0.010000 -1.580000 -3.867091 0.690552 0.000000 0.000000 -23.080000
3940.029280 0.110000 -0.010000 0.140000 -0.010000 0.000000 -1.620000 -4.037994 0.721070 0.000000 0.000000 -24.100000
3940.064446 -0.170000 -0.040000 -0.290000 -0.020000 -0.020000 -1.630000 -3.867091 0.690552 0.000000 0.000000 -23.080000
3940.102369 0.000000 -0.060000 0.360000 -0.010000 -0.010000 -1.590000 -4.037994 0.721070 0.000000 0.000000 -24.100000
3940.130731 -0.110000 0.020000 -0.110000 0.000000 -0.010000 -1.590000 -4.037994 0.721070 0.000000 0.000000 -24.100000
3940.159280 -0.100000 -0.050000 0.140000 -0.000000 0.020000 -1.590000 -3.867091 0.690552 0.000000 0.000000 -23.080000
3940.191489 0.250000 0.050000 0.220000 0.010000 -0.020000 -1.570000 -3.867091 0.690552 0.000000 0.000000 -23.080000
3940.222142 0.100000 -0.130000 0.070000 0.010000 -0.010000 -1.580000 -4.037994 0.721070 0.000000 0.000000 -24.100000
3940.259243 -0.150000 0.030000 0.260000 -0.010000 -0.010000 -1.570000 -4.037994 0.721070 0.000000 0.000000 -24.100000
3940.289326 -0.190000 0.050000 -0.020000 -0.000000 -0.010000 -1.560000 -3.867091 0.690552 0.000000 0.000000 -23.080000
3940.322379 -0.190000 0.090000 -0.460000 0.010000 -0.010000 -1.570000 -4.037994 0.721070 0.000000 0.000000 -24.100000
3940.358367 0.230000 -0.170000 -0.030000 0.010000 0.030000 -1.540000 -3.867091 0.690552 0.000000 0.000000 -23.080000
3940.394705 0.260000 -0.120000 -0.270000 -0.010000 0.030000 -1.520000 -4.037994 0.721070 0.000000 0.000000 -24.100000
3940.427457 0.120000 0.180000 0.140000 0.000000 -0.010000 -1.530000 -4.037994 0.721070 0.000000 0.000000 -24.100000
3940.464018 -0.080000 0.120000 -0.510000 -0.000000 0.010000 -1.500000 -4.037994 0.721070 0.000000 0.000000 -24.100000
3940.498499 -0.170000 0.020000 -0.080000 -0.010000 -0.010000 -1.500000 -3.867091 0.690552 0.000000 0.000000 -23.080000
3940.537318 0.130000 0.180000 0.250000 -0.020000 0.020000 -1.500000 -4.037994 0.721070 0.000000 0.000000 -24.100000
3940.573202 0.300000 0.190000 -0.260000 0.000000 0.000000 -1.540000 -4.037994 0.721070 0.000000 0.000000 -24.100000
3940.601935 -0.290000 0.150000 -0.060000 0.020000 0.020000 -1.550000 -3.093003 0.552322 0.000000 0.000000 -18.460000
3940.630286 -0.060000 -0.050000 0.400000 0.000000 0.010000 -1.530000 -4.037994 0.721070 0.000000 0.000000 -24.100000
3940.659427 -0.010000 -0.020000 0.100000 0.000000 0.030000 -1.530000 -4.037994 0.721070 0.000000 0.000000 -24.100000
3940.691341 -0.090000 -0.200000 0.020000 -0.000000 -0.010000 -1.540000 -4.037994 0.721070 0.000000 0.000000 -24.100000
3940.728487 0.270000 0.130000 0.860000 0.010000 -0.010000 -1.580000 -4.037994 0.721070 0.000000 0.000000 -24.100000
3940.764699 -0.030000 -0.190000 0.720000 0.000000 0.000000 -1.640000 -3.230395 0.576856 0.000000 0.000000 -19.280000
3940.796625 -0.010000 0.190000 -0.170000 -0.030000 0.050000 -1.560000 -3.867091 0.690552 0.000000 0.000000 -23.080000
3940.833745 -0.100000 0.270000 -0.140000 -0.010000 0.070000 -1.610000 -4.037994 0.721070 0.000000 0.000000 -24.100000
3940.869958 -0.160000 -0.230000 -0.250000 0.020000 -0.060000 -1.670000 -4.037994 0.721070 0.000000 0.000000 -24.100000
3940.906915 0.050000 -0.330000 -0.010000 0.060000 -0.080000 -1.550000 -3.867091 0.690552 0.000000 0.000000 -23.080000
3940.942937 0.010000 0.190000 0.110000 0.010000 0.010000 -1.580000 -4.037994 0.721070 0.000000 0.000000 -24.100000
3940.971604 0.190000 -0.280000 0.660000 0.020000 -0.040000 -1.600000 -4.037994 0.721070 0.000000 0.000000 -24.100000
3940.999755 0.430000 0.130000 -0.360000 0.020000 0.020000 -1.570000 -4.037994 0.721070 0.000000 0.000000 -24.100000
3941.035632 -0.340000 -0.040000 -0.220000 0.060000 -0.010000 -1.570000 -4.037994 0.721070 0.000000 0.000000 -24.100000
3941.071966 -0.260000 -0.040000 0.130000 -0.000000 -0.000000 -1.520000 -4.037994 0.721070 0.000000 0.000000 -24.100000
3941.100148 -0.070000 0.140000 0.240000 0.000000 -0.010000 -1.570000 -3.867091 0.690552 0.000000 0.000000 -23.080000
3941.129915 0.300000 -0.050000 -0.510000 0.030000 -0.010000 -1.580000 -3.230395 0.576856 0.000000 0.000000 -19.280000
3941.157172 -0.340000 -0.040000 0.260000 -0.010000 -0.020000 -1.590000 -4.037994 0.721070 0.000000 0.000000 -24.100000
3941.194631 0.220000 -0.200000 0.060000 -0.010000 0.010000 -1.570000 -3.867091 0.690552 0.000000 0.000000 -23.080000
3941.226756 -0.400000 -0.080000 -0.350000 0.030000 -0.030000 -1.560000 -3.867091 0.690552 0.000000 0.000000 -23.080000
3941.261183 -0.180000 -0.140000 -0.040000 0.000000 -0.030000 -1.550000 -4.037994 0.721070 0.000000 0.000000 -24.100000
3941.297770 -0.080000 -0.060000 0.090000 0.000000 -0.050000 -1.580000 -4.037994 0.721070 0.000000 0.000000 -24.100000
3941.331732 0.090000 -0.080000 0.090000 0.010000 0.010000 -1.550000 -3.093003 0.552322 0.000000 0.000000 -18.460000
3941.358659 0.100000 0.050000 -0.140000 -0.000000 -0.020000 -1.600000 -4.037994 0.721070 0.000000 0.000000 -24.100000
3941.394612 -0.290000 -0.160000 -0.070000 0.000000 -0.010000 -1.590000 -3.867091 0.690552 0.000000 0.000000 -23.080000
3941.430430 0.140000 0.040000 -0.130000 -0.020000 -0.010000 -1.570000 -3.230395 0.576856 0.000000 0.000000 -19.280000
3941.459315 0.170000 0.350000 -0.080000 0.010000 -0.010000 -1.550000 -4.037994 0.721070 0.000000 0.000000 -24.100000
3941.495537 -0.170000 -0.120000 -0.250000 -0.010000 0.000000 -1.550000 -3.867091 0.690552 0.000000 0.000000 -23.080000
3941.526761 0.010000 0.090000 0.260000 0.000000 -0.010000 -1.550000 -3.867091 0.690552 0.000000 0.000000 -23.080000
3941.562096 0.140000 0.070000 0.050000 0.010000 0.010000 -1.590000 -4.037994 0.721070 0.000000 0.000000 -24.100000
3941.596912 -0.110000 -0.020000 -0.090000 -0.010000 0.000000 -1.540000 -3.230395 0.576856 0.000000 0.000000 -19.280000
3941.631758 -0.010000 0.270000 -0.180000 -0.000000 -0.010000 -1.580000 -3.867091 0.690552 0.000000 0.000000 -23.080000
3941.668822 -0.270000 0.020000 -0.100000 -0.010000 -0.010000 -1.590000 -4.037994 0.721070 0.000000 0.000000 -24.100000
3941.701916 -0.180000 0.180000 0.380000 0.000000 -0.000000 -1.570000 -3.867091 0.690552 0.000000 0.000000 -23.080000
3941.731330 0.500000 -0.420000 -0.280000 -0.020000 -0.010000 -1.570000 -4.037994 0.721070 0.000000 0.000000 -24.100000
3941.760963 -0.120000 -0.140000 -0.330000 -0.020000 -0.010000 -1.540000 -4.037994 0.721070 0.000000 0.000000 -24.100000
3941.796323 0.380000 0.170000 -0.220000 0.020000 -0.030000 -1.550000 -4.037994 0.721070 0.000000 0.000000 -24.100000
3941.832275 -0.310000 -0.030000 0.330000 -0.010000 -0.030000 -1.580000 -3.867091 0.690552 0.000000 0.000000 -23.080000
3941.860907 -0.100000 0.050000 0.370000 -0.000000 -0.020000 -1.570000 -4.037994 0.721070 0.000000 0.000000 -24.100000
3941.889502 -0.070000 -0.190000 -0.040000 0.020000 0.010000 -1.560000 -4.037994 0.721070 0.000000 0.000000 -24.100000
3941.924239 0.030000 0.070000 0.010000 0.000000 0.000000 -1.610000 -3.867091 0.690552 0.000000 0.000000 -23.080000
3941.959781 -0.060000 -0.220000 0.050000 -0.000000 0.010000 -1.620000 -4.037994 0.721070 0.000000 0.000000 -24.100000
3941.986286 0.160000 0.070000 0.140000 0.000000 0.030000 -1.650000 -4.845593 0.865284 0.000000 0.000000 -28.920000
3942.019253 -0.400000 0.040000 -0.280000 0.030000 0.010000 -1.600000 -4.037994 0.721070 0.000000 0.000000 -24.100000
3942.053232 0.120000 0.170000 0.050000 0.010000 0.010000 -1.590000 -4.037994 0.721070 0.000000 0.000000 -24.100000
3942.083448 0.130000 -0.060000 0.030000 -0.000000 0.010000 -1.620000 -4.037994 0.721070 0.000000 0.000000 -24.100000
3942.117058 -0.150000 -0.010000 -0.010000 0.000000 -0.020000 -1.610000 -4.639504 0.828483 0.000000 0.000000 -27.690000
3942.153135 0.110000 -0.140000 0.030000 -0.010000 0.010000 -1.540000 -4.037994 0.721070 0.000000 0.000000 -24.100000
3942.182314 0.010000 0.000000 0.160000 0.000000 -0.010000 -1.600000 -4.037994 0.721070 0.000000 0.000000 -24.100000
3942.219098 0.010000 -0.120000 -0.220000 -0.010000 -0.010000 -1.600000 -3.867091 0.690552 0.000000 0.000000 -23.080000
3942.251765 -0.020000 0.020000 -0.170000 -0.000000 -0.010000 -1.610000 -4.845593 0.865284 0.000000 0.000000 -28.920000
3942.288965 -0.030000 -0.180000 0.440000 0.000000 -0.000000 -1.570000 -4.037994 0.721070 0.000000 0.000000 -24.100000
3942.323777 -0.140000 -0.000000 -0.120000 0.000000 -0.010000 -1.590000 -4.037994 0.721070 0.000000 0.000000 -24.100000
3942.357068 0.130000 0.030000 0.200000 -0.010000 0.010000 -1.570000 -3.867091 0.690552 0.000000 0.000000 -23.080000
3942.390738 0.260000 0.030000 -0.300000 -0.010000 -0.020000 -1.620000 -4.845593 0.865284 0.000000 0.000000 -28.920000
3942.419536 -0.300000 0.190000 -0.130000 0.000000 -0.010000 -1.580000 -3.867091 0.690552 0.000000 0.000000 -23.080000
3942.454407 -0.110000 0.170000 0.320000 -0.020000 0.040000 -1.570000 -4.037994 0.721070 0.000000 0.000000 -24.100000
3942.487081 0.060000 0.070000 -0.310000 0.000000 -0.020000 -1.590000 -4.037994 0.721070 0.000000 0.000000 -24.100000
3942.523365 0.260000 -0.220000 0.310000 -0.010000 0.020000 -1.600000 -3.867091 0.690552 0.000000 0.000000 -23.080000
3942.561228 0.040000 -0.120000 0.740000 -0.010000 -0.010000 -1.540000 -3.867091 0.690552 0.000000 0.000000 -23.080000
3942.589544 0.270000 0.190000 -0.200000 0.010000 0.010000 -1.580000 -4.037994 0.721070 0.000000 0.000000 -24.100000
3942.626451 -0.290000 -0.260000 0.090000 -0.000000 -0.000000 -1.550000 -4.037994 0.721070 0.000000 0.000000 -24.100000
3942.658641 0.140000 0.160000 0.010000 0.010000 0.020000 -1.580000 -3.867091 0.690552 0.000000 0.000000 -23.080000
3942.698298 -0.090000 -0.100000 -0.050000 0.010000 -0.020000 -1.610000 -4.845593 0.865284 0.000000 0.000000 -28.920000
3942.730224 -0.360000 0.090000 -0.240000 0.000000 -0.020000 -1.550000 -3.867091 0.690552 0.000000 0.000000 -23.080000
3942.767435 0.050000 0.040000 -0.500000 0.010000 -0.020000 -1.560000 -4.037994 0.721070 0.000000 0.000000 -24.100000
3942.803474 0.200000 0.170000 -0.040000 -0.000000 -0.000000 -1.580000 -4.037994 0.721070 0.000000 0.000000 -24.100000
3942.835703 -0.130000 -0.110000 -0.530000 -0.000000 -0.020000 -1.610000 -4.639504 0.828483 0.000000 0.000000 -27.690000
3942.871177 0.650000 0.160000 0.190000 -0.020000 0.030000 -1.590000 -3.867091 0.690552 0.000000 0.000000 -23.080000
3942.906945 -0.380000 -0.100000 0.080000 -0.020000 0.030000 -1.540000 -4.037994 0.721070 0.000000 0.000000 -24.100000
3942.944457 -0.290000 0.430000 -0.290000 -0.020000 0.030000 -1.590000 -4.037994 0.721070 0.000000 0.000000 -24.100000
3942.981615 0.030000 -0.360000 0.310000 0.090000 -0.110000 -1.610000 -3.867091 0.690552 0.000000 0.000000 -23.080000
3943.008407 -0.230000 0.150000 0.750000 0.040000 -0.020000 -1.490000 -4.037994 0.721070 0.000000 0.000000 -24.100000
3943.042936 0.160000 -0.130000 0.270000 -0.020000 0.020000 -1.580000 -3.867091 0.690552 0.000000 0.000000 -23.080000
3943.069622 0.080000 0.210000 -0.080000 -0.010000 0.000000 -1.590000 -4.037994 0.721070 0.000000 0.000000 -24.100000
3943.104367 0.140000 -0.270000 -0.100000 0.010000 -0.010000 -1.590000 -4.037994 0.721070 0.000000 0.000000 -24.100000
3943.140137 -0.280000 -0.140000 0.260000 -0.010000 -0.020000 -1.530000 -4.037994 0.721070 0.000000 0.000000 -24.100000
3943.168266 0.110000 0.110000 -0.050000 -0.000000 0.030000 -1.580000 -3.867091 0.690552 0.000000 0.000000 -23.080000
3943.204325 -0.370000 -0.180000 -0.520000 0.000000 -0.010000 -1.540000 -4.037994 0.721070 0.000000 0.000000 -24.100000
3943.239406 0.340000 -0.010000 -0.100000 0.010000 0.040000 -1.550000 -4.037994 0.721070 0.000000 0.000000 -24.100000
3943.276514 0.080000 -0.120000 -0.110000 0.000000 0.010000 -1.600000 -3.867091 0.690552 0.000000 0.000000 -23.080000
3943.309957 -0.120000 0.260000 -0.360000 0.000000 0.010000 -1.550000 -4.037994 0.721070 0.000000 0.000000 -24.100000
3943.344099 0.190000 -0.050000 -0.150000 0.010000 0.010000 -1.540000 -4.037994 0.721070 0.000000 0.000000 -24.100000
3943.381729 0.270000 0.060000 0.330000 0.020000 -0.030000 -1.540000 -4.037994 0.721070 0.000000 0.000000 -24.100000
3943.412054 -0.210000 -0.220000 0.140000 0.020000 -0.020000 -1.560000 -4.037994 0.721070 0.000000 0.000000 -24.100000
3943.440579 -0.060000 0.080000 0.010000 -0.000000 -0.020000 -1.540000 -4.037994 0.721070 0.000000 0.000000 -24.100000
3943.470280 -0.380000 -0.050000 0.230000 0.000000 -0.030000 -1.560000 -3.867091 0.690552 0.000000 0.000000 -23.080000
3943.506797 0.280000 -0.080000 -0.140000 0.020000 0.020000 -1.600000 -4.037994 0.721070 0.000000 0.000000 -24.100000
3943.543908 -0.110000 -0.150000 -0.260000 -0.000000 -0.010000 -1.610000 -4.037994 0.721070 0.000000 0.000000 -24.100000
3943.580437 0.120000 -0.200000 0.340000 -0.000000 0.010000 -1.610000 -4.639504 0.828483 0.000000 0.000000 -27.690000
3943.619220 0.340000 -0.030000 0.210000 0.010000 -0.010000 -1.600000 -4.037994 0.721070 0.000000 0.000000 -24.100000
3943.675373 0.040000 -0.040000 -0.270000 -0.000000 0.010000 -1.630000 -4.037994 0.721070 0.000000 0.000000 -24.100000
3943.726442 -0.180000 -0.110000 0.100000 -0.010000 -0.020000 -1.640000 -4.037994 0.721070 0.000000 0.000000 -24.100000
3943.781235 0.020000 -0.030000 -0.080000 -0.000000 0.020000 -1.600000 -3.867091 0.690552 0.000000 0.000000 -23.080000
3943.809429 0.060000 0.310000 0.070000 0.010000 -0.010000 -1.610000 -4.037994 0.721070 0.000000 0.000000 -24.100000
3943.844924 -0.210000 0.050000 -0.090000 0.000000 -0.000000 -1.600000 -4.639504 0.828483 0.000000 0.000000 -27.690000
3943.878504 0.270000 0.190000 0.140000 -0.010000 -0.010000 -1.580000 -4.037994 0.721070 0.000000 0.000000 -24.100000
3943.912397 -0.120000 -0.180000 -0.090000 0.010000 0.000000 -1.580000 -4.037994 0.721070 0.000000 0.000000 -24.100000
3943.942438 -0.050000 0.190000 -0.160000 -0.020000 0.010000 -1.580000 -3.867091 0.690552 0.000000 0.000000 -23.080000
3943.971288 -0.340000 -0.030000 0.030000 -0.000000 -0.030000 -1.600000 -3.093003 0.552322 0.000000 0.000000 -18.460000
3943.999231 -0.080000 0.030000 0.380000 -0.010000 0.030000 -1.600000 -4.037994 0.721070 0.000000 0.000000 -24.100000
3944.035804 0.130000 -0.330000 -0.370000 -0.010000 -0.020000 -1.550000 -4.037994 0.721070 0.000000 0.000000 -24.100000
3944.070821 0.190000 0.040000 -0.190000 0.020000 0.000000 -1.580000 -3.867091 0.690552 0.000000 0.000000 -23.080000
3944.106136 -0.180000 -0.110000 0.150000 0.000000 0.020000 -1.610000 -4.037994 0.721070 0.000000 0.000000 -24.100000
3944.141299 0.270000 0.510000 0.020000 -0.010000 0.010000 -1.600000 -3.867091 0.690552 0.000000 0.000000 -23.080000
3944.168777 -0.140000 -0.100000 -0.360000 0.010000 0.020000 -1.590000 -4.037994 0.721070 0.000000 0.000000 -24.100000
3944.203784 0.180000 0.010000 0.170000 0.010000 0.030000 -1.550000 -4.037994 0.721070 0.000000 0.000000 -24.100000
3944.237832 0.260000 -0.180000 0.530000 -0.000000 0.000000 -1.550000 -3.867091 0.690552 0.000000 0.000000 -23.080000
3944.276513 -0.050000 -0.020000 0.210000 -0.000000 -0.010000 -1.560000 -3.867091 0.690552 0.000000 0.000000 -23.080000
3944.312812 -0.400000 0.020000 -0.280000 -0.010000 0.010000 -1.540000 -4.037994 0.721070 0.000000 0.000000 -24.100000
3944.339415 0.150000 0.210000 -0.090000 0.020000 0.000000 -1.490000 -4.037994 0.721070 0.000000 0.000000 -24.100000
3944.375307 -0.310000 -0.180000 -0.360000 0.000000 0.000000 -1.520000 -3.867091 0.690552 0.000000 0.000000 -23.080000
3944.408068 0.020000 0.060000 0.130000 -0.010000 0.000000 -1.510000 -3.230395 0.576856 0.000000 0.000000 -19.280000
3944.444554 0.190000 -0.090000 -0.150000 0.010000 -0.010000 -1.510000 -4.037994 0.721070 0.000000 0.000000 -24.100000
3944.479812 -0.080000 -0.220000 0.310000 0.010000 0.010000 -1.480000 -3.230395 0.576856 0.000000 0.000000 -19.280000
3944.508449 0.110000 0.040000 -0.060000 0.010000 -0.020000 -1.490000 -4.037994 0.721070 0.000000 0.000000 -24.100000
3944.545739 0.360000 -0.120000 0.220000 0.010000 -0.010000 -1.520000 -3.230395 0.576856 0.000000 0.000000 -19.280000
3944.578282 0.110000 0.080000 -0.070000 0.010000 0.030000 -1.510000 -3.867091 0.690552 0.000000 0.000000 -23.080000
3944.616123 -0.220000 0.090000 -0.430000 0.010000 -0.010000 -1.470000 -3.230395 0.576856 0.000000 0.000000 -19.280000
3944.651161 -0.270000 0.080000 0.100000 -0.010000 -0.000000 -1.450000 -3.230395 0.576856 0.000000 0.000000 -19.280000
3944.680614 0.220000 0.230000 0.360000 -0.010000 -0.010000 -1.460000 -3.093003 0.552322 0.000000 0.000000 -18.460000
3944.707314 0.100000 -0.180000 0.210000 -0.010000 0.060000 -1.440000 -4.037994 0.721070 0.000000 0.000000 -24.100000
3944.742693 0.180000 0.100000 -0.120000 0.020000 0.020000 -1.470000 -3.230395 0.576856 0.000000 0.000000 -19.280000
3944.770154 -0.140000 -0.040000 -0.210000 0.030000 -0.010000 -1.440000 -4.037994 0.721070 0.000000 0.000000 -24.100000
3944.796373 0.090000 0.030000 0.180000 0.010000 0.000000 -1.480000 -3.230395 0.576856 0.000000 0.000000 -19.280000
3944.829819 -0.040000 -0.000000 -0.300000 0.020000 0.020000 -1.470000 -3.230395 0.576856 0.000000 0.000000 -19.280000
3944.867033 -0.080000 -0.060000 -0.580000 0.010000 -0.020000 -1.450000 -3.867091 0.690552 0.000000 0.000000 -23.080000
3944.904061 0.350000 -0.230000 0.480000 0.010000 0.010000 -1.420000 -3.230395 0.576856 0.000000 0.000000 -19.280000
3944.938274 0.100000 -0.210000 -0.420000 -0.010000 -0.000000 -1.410000 -4.037994 0.721070 0.000000 0.000000 -24.100000
3944.976295 0.540000 0.130000 -0.200000 0.020000 -0.010000 -1.440000 -3.867091 0.690552 0.000000 0.000000 -23.080000
3945.011948 -0.140000 0.010000 -1.080000 -0.010000 -0.010000 -1.390000 -3.230395 0.576856 0.000000 0.000000 -19.280000
3945.040938 -0.120000 -0.000000 0.250000 0.020000 -0.020000 -1.390000 -3.230395 0.576856 0.000000 0.000000 -19.280000
3945.069281 -0.330000 0.120000 0.400000 -0.020000 0.040000 -1.330000 -3.230395 0.576856 0.000000 0.000000 -19.280000
3945.098102 -0.440000 0.390000 0.300000 -0.040000 0.030000 -1.330000 -3.093003 0.552322 0.000000 0.000000 -18.460000
3945.129654 -0.010000 0.420000 0.440000 0.020000 -0.070000 -1.260000 -4.037994 0.721070 0.000000 0.000000 -24.100000
3945.166410 0.130000 0.160000 -0.140000 0.030000 -0.040000 -1.280000 -3.867091 0.690552 0.000000 0.000000 -23.080000
3945.201472 0.600000 -0.240000 -0.490000 -0.030000 0.030000 -1.380000 -3.230395 0.576856 0.000000 0.000000 -19.280000
3945.229758 -0.130000 0.170000 0.100000 -0.020000 0.020000 -1.360000 -4.037994 0.721070 0.000000 0.000000 -24.100000
3945.264450 0.020000 -0.030000 -0.430000 0.020000 0.040000 -1.420000 -3.093003 0.552322 0.000000 0.000000 -18.460000
3945.299036 -0.280000 -0.170000 0.150000 0.030000 -0.090000 -1.440000 -3.867091 0.690552 0.000000 0.000000 -23.080000
3945.331951 0.050000 -0.330000 0.470000 0.010000 -0.010000 -1.460000 -3.230395 0.576856 0.000000 0.000000 -19.280000
3945.360954 0.030000 -0.010000 -0.000000 0.010000 -0.020000 -1.480000 -4.037994 0.721070 0.000000 0.000000 -24.100000
3945.389655 0.260000 -0.130000 0.180000 0.010000 0.020000 -1.540000 -3.867091 0.690552 0.000000 0.000000 -23.080000
3945.424041 -0.170000 -0.140000 -0.020000 0.010000 -0.030000 -1.550000 -3.230395 0.576856 0.000000 0.000000 -19.280000
3945.460269 -0.170000 0.050000 0.030000 -0.000000 0.000000 -1.560000 -3.867091 0.690552 0.000000 0.000000 -23.080000
3945.489369 0.090000 0.210000 0.200000 -0.000000 -0.030000 -1.590000 -4.037994 0.721070 0.000000 0.000000 -24.100000
3945.517367 0.070000 0.090000 0.120000 0.000000 -0.020000 -1.570000 -4.037994 0.721070 0.000000 0.000000 -24.100000
3945.549930 0.280000 0.110000 0.360000 0.000000 0.020000 -1.600000 -3.867091 0.690552 0.000000 0.000000 -23.080000
3945.589611 -0.230000 -0.030000 -0.340000 -0.020000 -0.010000 -1.570000 -3.867091 0.690552 0.000000 0.000000 -23.080000
3945.618185 0.040000 0.330000 0.090000 -0.000000 -0.020000 -1.580000 -4.037994 0.721070 0.000000 0.000000 -24.100000
3945.653570 -0.180000 0.040000 0.050000 0.010000 -0.020000 -1.590000 -4.037994 0.721070 0.000000 0.000000 -24.100000
3945.687647 -0.180000 -0.070000 -0.050000 -0.040000 0.030000 -1.590000 -3.867091 0.690552 0.000000 0.000000 -23.080000
3945.725947 0.050000 -0.050000 -0.160000 -0.010000 -0.010000 -1.600000 -4.037994 0.721070 0.000000 0.000000 -24.100000
3945.761718 0.260000 -0.180000 -0.040000 0.010000 0.020000 -1.590000 -4.037994 0.721070 0.000000 0.000000 -24.100000
3945.789682 0.160000 0.130000 0.400000 -0.010000 0.000000 -1.610000 -4.037994 0.721070 0.000000 0.000000 -24.100000
3945.825043 -0.110000 0.230000 -0.490000 0.010000 0.010000 -1.600000 -4.037994 0.721070 0.000000 0.000000 -24.100000
3945.861736 -0.480000 -0.330000 0.170000 -0.020000 -0.010000 -1.610000 -4.037994 0.721070 0.000000 0.000000 -24.100000
3945.888944 0.100000 0.190000 -0.030000 0.010000 -0.010000 -1.590000 -4.639504 0.828483 0.000000 0.000000 -27.690000
3945.923974 -0.220000 -0.270000 -0.040000 -0.020000 0.020000 -1.650000 -4.037994 0.721070 0.000000 0.000000 -24.100000
3945.955811 0.030000 0.130000 0.190000 -0.000000 0.010000 -1.660000 -4.037994 0.721070 0.000000 0.000000 -24.100000
3945.992696 0.040000 -0.130000 -0.080000 -0.020000 -0.030000 -1.640000 -3.867091 0.690552 0.000000 0.000000 -23.080000
3946.021203 -0.130000 0.290000 0.560000 0.010000 -0.020000 -1.640000 -4.037994 0.721070 0.000000 0.000000 -24.100000
3946.050557 -0.400000 -0.300000 -0.260000 -0.020000 -0.000000 -1.660000 -4.845593 0.865284 0.000000 0.000000 -28.920000
3946.077063 0.130000 0.270000 0.060000 -0.000000 0.000000 -1.670000 -4.037994 0.721070 0.000000 0.000000 -24.100000
3946.110272 0.350000 -0.300000 -0.150000 -0.010000 0.000000 -1.720000 -4.037994 0.721070 0.000000 0.000000 -24.100000
3946.139587 -0.320000 0.360000 -0.700000 -0.000000 0.030000 -1.670000 -4.037994 0.721070 0.000000 0.000000 -24.100000
3946.175661 0.170000 -0.020000 0.200000 0.000000 -0.000000 -1.690000 -3.867091 0.690552 0.000000 0.000000 -23.080000
3946.207408 -0.040000 0.110000 -0.110000 -0.020000 0.030000 -1.690000 -4.037994 0.721070 0.000000 0.000000 -24.100000
3946.245019 -0.350000 0.010000 -0.010000 -0.020000 0.020000 -1.650000 -4.037994 0.721070 0.000000 0.000000 -24.100000
3946.280832 0.060000 0.100000 0.180000 -0.000000 0.020000 -1.630000 -4.639504 0.828483 0.000000 0.000000 -27.690000
3946.308737 0.050000 0.030000 0.050000 0.000000 -0.020000 -1.690000 -3.867091 0.690552 0.000000 0.000000 -23.080000
3946.347271 -0.020000 -0.120000 0.040000 -0.020000 0.010000 -1.690000 -4.037994 0.721070 0.000000 0.000000 -24.100000
3946.381555 0.170000 0.050000 0.300000 -0.020000 0.010000 -1.610000 -4.037994 0.721070 0.000000 0.000000 -24.100000
3946.410954 -0.210000 0.060000 -0.140000 -0.000000 0.030000 -1.630000 -3.867091 0.690552 0.000000 0.000000 -23.080000
3946.437534 -0.050000 -0.040000 0.180000 0.010000 0.020000 -1.620000 -4.037994 0.721070 0.000000 0.000000 -24.100000
3946.473691 0.200000 -0.040000 0.100000 0.000000 0.010000 -1.640000 -3.867091 0.690552 0.000000 0.000000 -23.080000
3946.510157 0.240000 -0.180000 -0.040000 -0.010000 -0.000000 -1.640000 -4.037994 0.721070 0.000000 0.000000 -24.100000
3946.537756 -0.050000 0.110000 -0.040000 0.010000 0.020000 -1.640000 -4.037994 0.721070 0.000000 0.000000 -24.100000
3946.570488 0.110000 0.160000 0.010000 -0.010000 0.010000 -1.600000 -3.867091 0.690552 0.000000 0.000000 -23.080000
3946.608239 0.080000 0.100000 0.120000 -0.010000 0.030000 -1.650000 -4.639504 0.828483 0.000000 0.000000 -27.690000
3946.644111 -0.160000 -0.470000 -0.510000 0.010000 0.010000 -1.630000 -4.037994 0.721070 0.000000 0.000000 -24.100000
3946.679773 -0.020000 0.240000 0.430000 -0.000000 0.010000 -1.610000 -4.037994 0.721070 0.000000 0.000000 -24.100000
3946.716288 0.160000 0.010000 0.130000 -0.010000 -0.000000 -1.680000 -4.639504 0.828483 0.000000 0.000000 -27.690000
3946.751817 -0.250000 -0.010000 -0.100000 -0.000000 0.000000 -1.680000 -4.037994 0.721070 0.000000 0.000000 -24.100000
3946.782135 0.040000 -0.160000 -0.310000 0.010000 0.020000 -1.670000 -3.867091 0.690552 0.000000 0.000000 -23.080000
3946.810254 0.440000 -0.100000 -0.040000 0.020000 0.010000 -1.620000 -4.037994 0.721070 0.000000 0.000000 -24.100000
3946.839410 -0.360000 -0.160000 0.180000 0.010000 -0.020000 -1.670000 -4.845593 0.865284 0.000000 0.000000 -28.920000
3946.874365 -0.210000 0.270000 -0.070000 0.020000 0.010000 -1.650000 -4.037994 0.721070 0.000000 0.000000 -24.100000
3946.908112 0.250000 -0.140000 -0.070000 0.020000 -0.030000 -1.670000 -4.639504 0.828483 0.000000 0.000000 -27.690000
3946.943268 -0.150000 -0.240000 0.190000 0.000000 0.010000 -1.640000 -4.037994 0.721070 0.000000 0.000000 -24.100000
3946.969980 0.080000 0.060000 -0.160000 0.010000 0.010000 -1.650000 -4.037994 0.721070 0.000000 0.000000 -24.100000
3947.004495 0.180000 0.190000 -0.170000 0.010000 -0.030000 -1.660000 -4.639504 0.828483 0.000000 0.000000 -27.690000
3947.036228 -0.190000 -0.300000 0.730000 0.010000 -0.010000 -1.660000 -4.037994 0.721070 0.000000 0.000000 -24.100000
3947.071356 -0.500000 0.150000 -0.190000 0.010000 0.010000 -1.640000 -4.845593 0.865284 0.000000 0.000000 -28.920000
3947.102203 0.370000 0.060000 -0.110000 0.010000 0.010000 -1.700000 -4.037994 0.721070 0.000000 0.000000 -24.100000
3947.138128 -0.060000 0.080000 0.040000 0.020000 0.030000 -1.700000 -4.037994 0.721070 0.000000 0.000000 -24.100000
3947.172511 -0.260000 0.090000 -0.250000 -0.000000 0.000000 -1.660000 -4.845593 0.865284 0.000000 0.000000 -28.920000
3947.201486 0.250000 0.180000 -0.150000 0.030000 -0.010000 -1.660000 -3.867091 0.690552 0.000000 0.000000 -23.080000
3947.230516 -0.060000 -0.070000 0.240000 0.020000 0.020000 -1.650000 -4.845593 0.865284 0.000000 0.000000 -28.920000
3947.259078 -0.110000 -0.040000 0.020000 0.000000 -0.010000 -1.650000 -4.845593 0.865284 0.000000 0.000000 -28.920000
3947.293117 0.290000 -0.020000 0.400000 -0.010000 0.000000 -1.640000 -3.867091 0.690552 0.000000 0.000000 -23.080000
3947.322285 0.190000 0.250000 0.030000 0.020000 -0.020000 -1.650000 -4.037994 0.721070 0.000000 0.000000 -24.100000
3947.351245 -0.520000 -0.390000 -0.350000 -0.000000 -0.010000 -1.630000 -4.845593 0.865284 0.000000 0.000000 -28.920000
3947.380409 -0.100000 0.120000 0.470000 0.010000 0.000000 -1.570000 -4.037994 0.721070 0.000000 0.000000 -24.100000
3947.407090 0.330000 -0.260000 -0.160000 0.030000 0.010000 -1.610000 -4.037994 0.721070 0.000000 0.000000 -24.100000
3947.440382 0.100000 -0.070000 -0.180000 -0.010000 -0.020000 -1.570000 -4.037994 0.721070 0.000000 0.000000 -24.100000
3947.467687 0.160000 0.010000 -0.080000 0.010000 -0.030000 -1.570000 -3.867091 0.690552 0.000000 0.000000 -23.080000
3947.502592 0.020000 -0.050000 -0.070000 0.010000 -0.000000 -1.580000 -4.037994 0.721070 0.000000 0.000000 -24.100000
3947.530801 -0.460000 -0.250000 -0.470000 0.010000 -0.030000 -1.570000 -4.037994 0.721070 0.000000 0.000000 -24.100000
3947.559081 0.240000 -0.060000 0.030000 0.010000 -0.020000 -1.540000 -3.867091 0.690552 0.000000 0.000000 -23.080000
3947.595700 0.240000 -0.250000 0.190000 0.010000 -0.010000 -1.550000 -3.867091 0.690552 0.000000 0.000000 -23.080000
3947.632778 -0.200000 0.120000 -0.040000 -0.020000 -0.000000 -1.540000 -4.037994 0.721070 0.000000 0.000000 -24.100000
3947.662323 0.000000 0.080000 0.230000 0.010000 -0.030000 -1.550000 -3.230395 0.576856 0.000000 0.000000 -19.280000
3947.691739 -0.340000 -0.080000 -0.080000 -0.010000 -0.010000 -1.520000 -3.093003 0.552322 0.000000 0.000000 -18.460000
3947.720190 0.250000 0.280000 0.140000 -0.010000 -0.000000 -1.490000 -4.037994 0.721070 0.000000 0.000000 -24.100000
3947.752427 0.140000 0.010000 0.320000 -0.010000 -0.030000 -1.530000 -3.867091 0.690552 0.000000 0.000000 -23.080000
3947.783000 -0.140000 0.210000 0.080000 -0.000000 0.010000 -1.550000 -4.037994 0.721070 0.000000 0.000000 -24.100000
3947.812774 -0.180000 -0.230000 -0.090000 -0.000000 -0.010000 -1.540000 -3.230395 0.576856 0.000000 0.000000 -19.280000
3947.840980 0.080000 0.030000 -0.020000 0.010000 -0.000000 -1.530000 -3.867091 0.690552 0.000000 0.000000 -23.080000
3947.872595 -0.050000 0.170000 0.000000 0.000000 -0.030000 -1.530000 -3.867091 0.690552 0.000000 0.000000 -23.080000
3947.902589 0.230000 -0.020000 -0.000000 0.010000 -0.020000 -1.540000 -4.037994 0.721070 0.000000 0.000000 -24.100000
3947.929765 -0.330000 -0.110000 0.000000 -0.000000 0.010000 -1.520000 -3.230395 0.576856 0.000000 0.000000 -19.280000
3947.957344 0.120000 0.080000 -0.590000 0.020000 -0.010000 -1.510000 -3.867091 0.690552 0.000000 0.000000 -23.080000
3947.991521 -0.120000 0.110000 -0.110000 0.030000 -0.020000 -1.530000 -4.037994 0.721070 0.000000 0.000000 -24.100000
3948.029341 -0.170000 -0.090000 0.220000 -0.010000 -0.030000 -1.530000 -3.867091 0.690552 0.000000 0.000000 -23.080000
3948.063972 0.290000 0.050000 -0.360000 0.010000 -0.010000 -1.550000 -3.230395 0.576856 0.000000 0.000000 -19.280000
3948.097768 0.040000 -0.260000 -0.020000 0.020000 -0.000000 -1.530000 -4.037994 0.721070 0.000000 0.000000 -24.100000
3948.130755 0.330000 0.180000 0.130000 -0.010000 0.000000 -1.540000 -4.037994 0.721070 0.000000 0.000000 -24.100000
3948.167187 0.380000 -0.060000 0.240000 -0.010000 -0.020000 -1.550000 -3.867091 0.690552 0.000000 0.000000 -23.080000
3948.203347 -0.120000 -0.150000 0.270000 -0.020000 0.020000 -1.530000 -4.037994 0.721070 0.000000 0.000000 -24.100000
3948.234558 -0.190000 0.050000 -0.440000 -0.010000 0.010000 -1.530000 -4.037994 0.721070 0.000000 0.000000 -24.100000
3948.269448 -0.240000 -0.070000 -0.120000 -0.020000 0.020000 -1.530000 -3.867091 0.690552 0.000000 0.000000 -23.080000
3948.306082 -0.220000 0.080000 0.200000 0.010000 -0.010000 -1.550000 -4.037994 0.721070 0.000000 0.000000 -24.100000
3948.340119 -0.370000 0.100000 0.100000 0.010000 0.010000 -1.530000 -4.037994 0.721070 0.000000 0.000000 -24.100000
3948.368104 -0.040000 -0.200000 0.240000 -0.010000 -0.000000 -1.520000 -4.037994 0.721070 0.000000 0.000000 -24.100000
3948.399923 0.250000 0.250000 0.080000 0.010000 0.010000 -1.490000 -4.037994 0.721070 0.000000 0.000000 -24.100000
3948.436341 -0.160000 -0.000000 0.140000 0.010000 -0.000000 -1.570000 -3.230395 0.576856 0.000000 0.000000 -19.280000
3948.471944 -0.350000 -0.050000 -0.140000 -0.000000 0.000000 -1.530000 -3.867091 0.690552 0.000000 0.000000 -23.080000
3948.499735 0.410000 -0.110000 0.050000 0.010000 0.020000 -1.560000 -4.037994 0.721070 0.000000 0.000000 -24.100000
3948.536062 0.070000 0.050000 -0.220000 0.010000 0.000000 -1.540000 -4.037994 0.721070 0.000000 0.000000 -24.100000
3948.570445 0.110000 0.100000 -0.080000 0.010000 0.010000 -1.550000 -3.867091 0.690552 0.000000 0.000000 -23.080000
3948.605825 -0.240000 0.050000 -0.120000 0.000000 -0.020000 -1.560000 -3.230395 0.576856 0.000000 0.000000 -19.280000
3948.640124 0.140000 0.010000 -0.190000 0.010000 -0.000000 -1.580000 -4.037994 0.721070 0.000000 0.000000 -24.100000
3948.670119 0.440000 -0.090000 0.010000 -0.010000 -0.000000 -1.560000 -4.037994 0.721070 0.000000 0.000000 -24.100000
3948.699083 0.130000 -0.070000 -0.130000 0.000000 0.000000 -1.590000 -4.037994 0.721070 0.000000 0.000000 -24.100000
3948.735155 0.380000 -0.030000 0.020000 -0.010000 0.020000 -1.470000 -3.230395 0.576856 0.000000 0.000000 -19.280000
3948.770579 0.180000 -0.010000 -0.000000 0.010000 -0.040000 -1.340000 -3.867091 0.690552 0.000000 0.000000 -23.080000
