416.205635 -0.070000 0.090000 -9.900000 0.000000 -0.000000 0.000000 0.000000 0.000000 0.000000 0.000000 0.000000
416.247542 0.010000 0.050000 -8.900000 0.000000 0.000000 0.000000 0.000000 0.000000 0.000000 0.000000 0.000000
416.286104 -0.030000 0.010000 -7.710000 0.000000 -0.000000 0.000000 0.000000 0.000000 0.000000 0.000000 0.000000
416.321740 -0.050000 -0.050000 -6.660000 0.000000 -0.000000 -0.000000 0.000000 0.000000 0.000000 0.000000 0.000000
416.350797 0.110000 0.130000 -5.660000 0.000000 0.000000 0.000000 0.807599 -0.144214 0.000000 0.000000 4.820000
416.381291 -0.070000 1.390000 -4.200000 -0.020000 -0.050000 0.260000 7.268389 -0.144214 0.000000 19.280000 24.100000
416.411411 0.500000 1.880000 -2.060000 -0.030000 0.000000 0.040000 7.734182 -0.552322 0.000000 13.850000 32.310000
416.439608 -0.750000 -0.490000 -2.390000 -0.050000 0.040000 0.040000 8.075988 0.000000 0.000000 24.100000 24.100000
416.477799 0.550000 0.250000 -0.880000 -0.070000 0.010000 0.050000 12.921580 0.000000 0.000000 38.560000 38.560000
416.515542 0.080000 -0.260000 -0.720000 -0.010000 0.040000 -0.030000 13.146099 0.414092 0.000000 46.150000 32.310000
416.549649 -0.190000 -0.440000 -0.030000 0.120000 -0.030000 -0.010000 17.785603 0.414391 0.000000 60.000000 46.150000
416.579773 0.220000 0.990000 0.490000 -0.050000 -0.060000 0.080000 17.770524 0.000000 0.000000 53.030000 53.030000
416.613276 -0.530000 -1.260000 -0.500000 -0.080000 -0.050000 -0.040000 18.578122 0.144214 0.000000 57.850000 53.030000
416.643566 -0.490000 -0.410000 -1.610000 0.040000 0.010000 0.020000 18.558016 0.000000 0.000000 55.380000 55.380000
416.676370 -0.060000 -1.110000 0.380000 -0.020000 0.030000 -0.020000 21.000919 0.000000 0.000000 62.670000 62.670000
416.710780 0.430000 0.240000 -0.780000 -0.020000 0.000000 -0.020000 25.846511 0.000000 0.000000 77.130000 77.130000
416.740721 0.230000 -0.110000 0.220000 -0.110000 0.060000 -0.010000 22.616116 0.000000 0.000000 67.490000 67.490000
416.770769 -0.030000 -1.080000 0.070000 -0.080000 -0.040000 -0.010000 24.231314 0.000000 0.000000 72.310000 72.310000
416.800969 0.150000 0.040000 -0.360000 0.040000 -0.040000 -0.050000 25.846511 0.000000 0.000000 77.130000 77.130000
416.830700 0.090000 -0.630000 -0.630000 0.030000 -0.040000 0.120000 25.519785 0.137931 0.000000 78.460000 73.850000
416.860339 0.410000 -0.280000 -0.660000 0.060000 0.180000 -0.030000 25.846511 0.000000 0.000000 77.130000 77.130000
416.896717 0.850000 -0.160000 0.740000 -0.020000 0.010000 0.020000 27.461709 0.288428 0.000000 86.770000 77.130000
416.934323 -0.280000 0.050000 -0.530000 -0.120000 0.030000 -0.070000 24.747373 0.000000 0.000000 73.850000 73.850000
416.971898 -0.140000 0.250000 0.060000 -0.130000 0.040000 0.020000 26.293874 0.276161 0.000000 83.080000 73.850000
417.002109 -0.290000 -0.670000 -0.550000 0.080000 -0.100000 -0.000000 27.461709 0.000000 0.000000 81.950000 81.950000
417.029596 0.510000 0.900000 -0.140000 0.220000 0.110000 0.030000 29.884505 0.144214 0.000000 91.590000 86.770000
417.067307 -0.220000 -0.340000 0.360000 0.050000 -0.020000 0.060000 26.292198 0.000000 0.000000 78.460000 78.460000
417.102557 0.020000 0.510000 0.880000 -0.020000 0.060000 -0.030000 27.461709 0.288428 0.000000 86.770000 77.130000
417.131984 0.120000 0.190000 0.520000 0.070000 0.010000 -0.010000 28.269307 -0.144214 0.000000 81.950000 86.770000
417.161439 0.150000 0.520000 1.140000 0.020000 -0.040000 -0.010000 25.038912 0.144214 0.000000 77.130000 72.310000
417.190442 0.860000 0.510000 -0.580000 0.050000 0.130000 0.010000 26.912139 0.386565 0.000000 86.770000 73.850000
417.220464 -0.160000 -0.730000 1.330000 -0.020000 -0.030000 -0.020000 26.654110 -0.144214 0.000000 77.130000 81.950000
417.249529 -0.180000 0.450000 1.040000 -0.100000 0.030000 0.020000 29.386877 0.276161 0.000000 92.310000 83.080000
417.281341 0.120000 0.970000 -0.020000 -0.130000 -0.020000 -0.060000 26.654110 0.144214 0.000000 81.950000 77.130000
417.309880 0.020000 0.240000 -0.820000 0.080000 0.150000 -0.040000 29.076906 0.865284 0.000000 101.230000 72.310000
417.344042 -0.430000 -1.010000 2.500000 0.030000 -0.050000 -0.020000 25.519785 0.414391 0.000000 83.080000 69.230000
417.382382 -0.360000 -0.230000 -0.520000 -0.120000 -0.080000 -0.040000 28.612788 0.137931 0.000000 87.690000 83.080000
417.412324 0.110000 0.340000 -0.400000 -0.070000 -0.030000 -0.040000 27.461709 0.000000 0.000000 81.950000 81.950000
417.442765 -0.160000 -0.990000 -1.590000 0.140000 0.030000 0.010000 27.461709 0.288428 0.000000 86.770000 77.130000
417.472444 0.080000 0.750000 -0.440000 0.150000 0.060000 0.080000 27.840375 0.000000 0.000000 83.080000 83.080000
417.500625 -0.040000 -0.100000 0.970000 0.060000 -0.080000 -0.030000 25.846511 0.288428 0.000000 81.950000 72.310000
417.532258 -1.070000 -0.060000 0.170000 -0.040000 0.020000 -0.020000 28.269307 -0.144214 0.000000 81.950000 86.770000
417.560258 0.360000 0.400000 -0.760000 -0.020000 -0.010000 0.020000 26.654110 0.432642 0.000000 86.770000 72.310000
417.589623 0.620000 -0.640000 -0.530000 0.000000 0.180000 -0.080000 29.386877 0.276161 0.000000 92.310000 83.080000
417.624883 -0.380000 -0.530000 1.120000 0.000000 -0.000000 0.040000 29.884505 -0.432642 0.000000 81.950000 96.410000
417.660351 -0.510000 0.320000 0.580000 -0.090000 0.030000 0.060000 25.519785 0.414391 0.000000 83.080000 69.230000
417.690509 -0.560000 1.700000 0.360000 -0.070000 0.010000 -0.050000 27.461709 0.000000 0.000000 81.950000 81.950000
417.720496 0.060000 -0.470000 -0.250000 0.060000 0.100000 0.010000 23.423715 0.144214 0.000000 72.310000 67.490000
417.748208 0.510000 0.130000 0.350000 0.030000 0.010000 -0.060000 27.461709 0.288428 0.000000 86.770000 77.130000
417.785398 -0.610000 -0.060000 -0.950000 -0.140000 -0.070000 0.050000 27.066287 -0.138230 0.000000 78.460000 83.080000
417.822408 -0.070000 -0.270000 -1.140000 -0.010000 -0.100000 -0.060000 27.461709 0.000000 0.000000 81.950000 81.950000
417.852107 0.610000 0.210000 -1.530000 0.220000 0.040000 0.100000 28.269307 -0.144214 0.000000 81.950000 86.770000
417.881823 0.160000 -0.100000 1.750000 0.080000 0.020000 -0.030000 27.066287 -0.138230 0.000000 78.460000 83.080000
417.909713 0.040000 0.360000 0.160000 0.010000 -0.020000 0.010000 28.458641 0.110405 0.000000 86.770000 83.080000
417.943999 0.290000 -0.250000 -0.250000 0.070000 0.030000 -0.020000 29.884505 0.432642 0.000000 96.410000 81.950000
417.978287 0.320000 0.930000 0.330000 0.030000 0.000000 -0.040000 26.654110 -0.144214 0.000000 77.130000 81.950000
418.015465 0.420000 0.140000 -0.360000 0.020000 0.120000 0.000000 27.840375 0.000000 0.000000 83.080000 83.080000
418.048521 -0.280000 -0.810000 0.560000 -0.090000 -0.040000 -0.020000 29.884505 0.432642 0.000000 96.410000 81.950000
418.081842 -0.020000 0.550000 0.850000 -0.090000 0.010000 0.050000 27.066287 -0.138230 0.000000 78.460000 83.080000
418.109857 0.130000 0.410000 -0.040000 -0.110000 -0.030000 -0.030000 25.038912 0.432642 0.000000 81.950000 67.490000
418.143554 -0.140000 0.070000 0.100000 0.050000 0.120000 -0.020000 30.692104 0.000000 0.000000 91.590000 91.590000
418.181225 -0.280000 -0.880000 1.770000 0.010000 -0.060000 -0.030000 27.461709 0.000000 0.000000 81.950000 81.950000
418.210763 -0.290000 -0.120000 -1.120000 -0.120000 -0.050000 -0.030000 26.292198 0.000000 0.000000 78.460000 78.460000
418.242438 0.120000 0.450000 -0.090000 -0.090000 -0.050000 -0.020000 28.269307 0.144214 0.000000 86.770000 81.950000
418.272700 0.220000 -0.790000 -1.650000 0.120000 0.030000 0.010000 27.461709 -0.288428 0.000000 77.130000 86.770000
418.302729 0.450000 0.560000 -0.230000 0.120000 0.010000 0.070000 27.066287 0.138230 0.000000 83.080000 78.460000
418.344435 -0.640000 -1.040000 2.310000 0.020000 -0.090000 -0.040000 26.292198 0.552322 0.000000 87.690000 69.230000
418.417689 -0.490000 0.510000 0.280000 0.010000 0.010000 0.010000 28.269307 -0.144214 0.000000 81.950000 86.770000
418.458485 0.220000 0.400000 -0.960000 0.040000 -0.020000 0.040000 29.076906 0.576856 0.000000 96.410000 77.130000
418.496361 0.420000 -0.250000 -1.160000 0.030000 0.170000 -0.040000 29.385201 0.000000 0.000000 87.690000 87.690000
418.530479 -0.130000 -0.430000 1.200000 -0.020000 0.000000 0.020000 29.076906 0.000000 0.000000 86.770000 86.770000
418.569784 -0.190000 -0.210000 -0.160000 -0.120000 0.010000 -0.010000 26.654110 0.144214 0.000000 81.950000 77.130000
418.604880 0.170000 1.800000 0.230000 -0.070000 -0.040000 -0.050000 27.461709 0.000000 0.000000 81.950000 81.950000
418.637779 -0.340000 -0.650000 0.080000 0.050000 0.050000 -0.030000 29.076906 0.288428 0.000000 91.590000 81.950000
418.670717 0.100000 0.070000 2.370000 0.060000 -0.050000 -0.020000 27.461709 0.000000 0.000000 81.950000 81.950000
418.702468 -0.580000 -0.520000 -1.310000 -0.060000 -0.060000 0.020000 27.066287 0.138230 0.000000 83.080000 78.460000
418.732700 -0.390000 -0.600000 0.190000 -0.100000 0.040000 -0.020000 27.461709 0.000000 0.000000 81.950000 81.950000
418.768690 0.340000 -0.100000 -1.810000 0.200000 0.060000 0.030000 28.269307 -0.144214 0.000000 81.950000 86.770000
418.806093 0.510000 0.180000 -0.600000 0.070000 -0.010000 0.030000 27.840375 0.000000 0.000000 83.080000 83.080000
418.839129 -0.470000 0.480000 1.200000 0.040000 -0.040000 -0.050000 27.840375 0.000000 0.000000 83.080000 83.080000
418.877501 -0.130000 -0.230000 0.280000 0.020000 0.010000 -0.020000 28.269307 -0.144214 0.000000 81.950000 86.770000
418.914801 -0.250000 1.220000 -0.230000 -0.010000 -0.040000 0.020000 28.269307 0.144214 0.000000 86.770000 81.950000
418.949605 0.880000 -0.080000 -1.200000 0.070000 0.130000 -0.030000 26.292198 0.000000 0.000000 78.460000 78.460000
418.986871 -0.460000 -1.280000 0.450000 -0.040000 -0.080000 0.000000 27.461709 0.288428 0.000000 86.770000 77.130000
419.022533 -0.060000 0.580000 0.680000 -0.120000 0.050000 0.020000 28.269307 0.144214 0.000000 86.770000 81.950000
419.055380 0.130000 0.520000 -0.690000 -0.160000 0.040000 -0.040000 27.461709 0.000000 0.000000 81.950000 81.950000
419.092033 -0.650000 -0.340000 -0.210000 -0.010000 0.010000 0.020000 28.458641 0.110405 0.000000 86.770000 83.080000
419.119952 -0.040000 -0.940000 1.350000 0.040000 -0.050000 -0.050000 28.269307 -0.432642 0.000000 77.130000 91.590000
419.156683 -0.240000 0.190000 -0.130000 -0.070000 -0.070000 0.020000 27.066287 0.138230 0.000000 83.080000 78.460000
419.193283 -0.030000 -0.750000 -0.580000 -0.150000 0.030000 -0.040000 25.846511 0.000000 0.000000 77.130000 77.130000
419.234370 0.240000 -0.540000 -1.110000 0.080000 -0.000000 0.020000 29.076906 0.000000 0.000000 86.770000 86.770000
419.270785 0.420000 0.780000 -1.160000 0.140000 0.020000 0.030000 24.745697 0.276161 0.000000 78.460000 69.230000
419.300460 -0.100000 -0.840000 1.940000 -0.010000 -0.100000 0.000000 27.066287 0.138230 0.000000 83.080000 78.460000
419.332227 0.040000 -0.130000 -0.990000 -0.040000 -0.040000 0.040000 27.461709 0.000000 0.000000 81.950000 81.950000
419.361984 -0.340000 0.720000 0.840000 -0.040000 0.020000 -0.110000 29.076906 0.000000 0.000000 86.770000 86.770000
419.392246 0.290000 -0.640000 -1.080000 -0.020000 0.080000 0.010000 27.066287 -0.138230 0.000000 78.460000 83.080000
419.421238 -0.050000 -0.390000 0.760000 0.060000 -0.120000 0.010000 27.461709 0.000000 0.000000 81.950000 81.950000
419.450441 -0.010000 0.600000 1.980000 -0.080000 0.030000 -0.000000 29.076906 0.000000 0.000000 86.770000 86.770000
419.477967 0.220000 1.440000 -0.770000 -0.130000 0.010000 -0.010000 27.461709 0.000000 0.000000 81.950000 81.950000
419.514130 -0.020000 -0.270000 -1.360000 0.070000 0.090000 -0.040000 28.612788 0.137931 0.000000 87.690000 83.080000
419.546494 0.580000 0.420000 1.670000 0.050000 -0.010000 -0.100000 28.269307 -0.144214 0.000000 81.950000 86.770000
419.582424 -1.270000 -0.550000 -0.670000 -0.100000 -0.060000 -0.010000 27.840375 0.000000 0.000000 83.080000 83.080000
419.612792 0.250000 -0.220000 0.560000 -0.090000 -0.040000 -0.040000 27.461709 -0.576856 0.000000 72.310000 91.590000
419.643297 -0.000000 -0.580000 -1.390000 0.150000 -0.010000 0.010000 24.231314 -0.576856 0.000000 62.670000 81.950000
419.673735 -0.300000 -0.960000 -0.010000 0.070000 0.000000 -0.030000 20.191644 -1.009798 0.000000 43.380000 77.130000
419.707814 -0.230000 -1.200000 -0.120000 0.000000 0.130000 -0.300000 17.013190 -1.104644 0.000000 32.310000 69.230000
419.743274 0.590000 -0.860000 -1.260000 0.060000 0.140000 -0.340000 16.153651 -1.154012 0.000000 28.920000 67.490000
419.782612 0.010000 -0.650000 0.200000 0.080000 0.030000 -0.480000 12.923256 -1.730868 0.000000 9.640000 67.490000
419.818719 0.330000 0.330000 0.540000 0.040000 0.000000 -0.770000 9.279008 -1.656966 0.000000 0.000000 55.380000
419.854352 0.100000 0.150000 -0.680000 0.020000 0.020000 -0.870000 8.540105 -1.236591 0.000000 4.820000 46.150000
419.887050 0.390000 0.800000 0.250000 0.000000 -0.030000 -0.990000 7.270064 -1.586654 0.000000 -4.820000 48.210000
419.921438 -0.010000 0.620000 -1.020000 -0.030000 0.020000 -1.170000 7.268389 -1.297927 0.000000 0.000000 43.380000
419.949471 -0.090000 0.920000 0.300000 0.010000 -0.000000 -1.140000 6.186005 -1.104644 0.000000 0.000000 36.920000
419.983985 0.270000 0.700000 0.190000 0.010000 -0.000000 -1.070000 6.460790 -1.442141 0.000000 -4.820000 43.380000
420.018100 -0.180000 0.700000 0.420000 0.000000 -0.010000 -1.070000 6.960094 -1.242874 0.000000 0.000000 41.540000
420.052275 -0.070000 0.280000 -0.300000 -0.010000 -0.000000 -1.050000 5.653191 -1.009498 0.000000 0.000000 33.740000
420.083390 0.040000 0.160000 0.010000 -0.010000 0.010000 -0.930000 5.653191 -1.297927 0.000000 -4.820000 38.560000
420.117643 0.020000 0.010000 0.330000 -0.010000 0.010000 -0.960000 6.460790 -1.153713 0.000000 0.000000 38.560000
420.149700 -0.290000 0.140000 0.380000 0.010000 0.020000 -0.920000 6.186005 -1.104644 0.000000 0.000000 36.920000
420.187292 -0.170000 -0.560000 -0.180000 -0.050000 0.020000 -0.960000 5.653191 -1.009498 0.000000 0.000000 33.740000
420.219680 0.520000 -0.040000 0.420000 -0.000000 0.020000 -1.190000 4.845593 -1.442141 0.000000 -9.640000 38.560000
420.253889 -0.400000 -0.200000 -0.020000 -0.010000 -0.000000 -1.350000 2.318914 -1.242874 0.000000 -13.850000 27.690000
420.291254 -0.400000 0.020000 -0.050000 0.000000 -0.000000 -1.440000 2.320590 -1.519035 0.000000 -18.460000 32.310000
420.318955 0.200000 -0.340000 -0.150000 0.000000 0.010000 -1.530000 3.230395 -1.730569 0.000000 -19.280000 38.560000
420.354669 0.030000 0.350000 0.080000 -0.010000 -0.030000 -1.540000 0.807599 -1.586355 0.000000 -24.100000 28.920000
420.390463 0.290000 0.220000 -0.040000 -0.020000 -0.020000 -1.580000 1.546501 -1.657265 0.000000 -23.080000 32.310000
420.422067 0.230000 0.330000 -0.040000 -0.020000 -0.030000 -1.660000 2.422796 -1.874783 0.000000 -24.100000 38.560000
420.452436 -0.300000 -0.240000 -0.300000 -0.010000 -0.010000 -1.650000 2.422796 -1.874783 0.000000 -24.100000 38.560000
420.482679 0.020000 0.510000 0.030000 0.000000 -0.020000 -1.660000 1.615198 -1.730569 0.000000 -24.100000 33.740000
420.513354 -0.000000 -0.310000 -0.020000 0.010000 -0.010000 -1.760000 2.422796 -1.586355 0.000000 -19.280000 33.740000
420.543795 -0.000000 -0.020000 -0.150000 -0.010000 -0.010000 -1.760000 0.807599 -2.163211 0.000000 -33.740000 38.560000
420.581403 0.120000 -0.230000 0.240000 0.010000 -0.010000 -1.740000 1.546501 -1.933127 0.000000 -27.690000 36.920000
420.611239 0.270000 -0.050000 -0.210000 -0.010000 -0.020000 -1.810000 2.422796 -1.874783 0.000000 -24.100000 38.560000
420.639238 -0.070000 -0.090000 -0.290000 0.010000 0.000000 -1.800000 1.615198 -2.018997 0.000000 -28.920000 38.560000
420.675983 -0.030000 -0.310000 0.120000 -0.010000 0.000000 -1.830000 2.320590 -2.071357 0.000000 -27.690000 41.540000
420.713242 -0.300000 0.310000 0.030000 0.020000 0.020000 -1.780000 1.546501 -1.933127 0.000000 -27.690000 36.920000
420.742873 0.130000 -0.030000 0.050000 0.000000 0.010000 -1.800000 2.422796 -2.163211 0.000000 -28.920000 43.380000
420.772655 -0.140000 0.020000 0.220000 0.000000 -0.000000 -1.750000 1.615198 -2.018997 0.000000 -28.920000 38.560000
420.800848 -0.090000 -0.100000 0.210000 0.000000 0.010000 -1.790000 1.546501 -1.933127 0.000000 -27.690000 36.920000
420.831438 -0.240000 0.080000 -0.050000 0.010000 -0.000000 -1.870000 2.422796 -2.163211 0.000000 -28.920000 43.380000
420.861011 -0.160000 0.070000 0.220000 0.000000 -0.010000 -1.880000 4.039669 -2.451938 0.000000 -28.920000 53.030000
420.891322 0.320000 0.130000 -0.140000 -0.010000 -0.040000 -1.920000 0.807599 -1.874783 0.000000 -28.920000 33.740000
420.921918 -0.410000 -0.340000 -0.210000 -0.010000 -0.010000 -1.800000 0.568000 -1.831997 0.000000 -28.920000 32.310000
420.952122 -0.310000 0.020000 -0.200000 -0.010000 -0.010000 -1.680000 3.230395 -2.018997 0.000000 -24.100000 43.380000
420.982328 0.640000 0.120000 0.060000 0.010000 -0.020000 -1.750000 2.320590 -1.519035 0.000000 -18.460000 32.310000
421.012424 -0.290000 -0.280000 -0.060000 0.000000 0.000000 -1.730000 4.037994 -1.874783 0.000000 -19.280000 43.380000
421.040859 -0.130000 -0.000000 0.090000 -0.000000 0.010000 -1.680000 2.422796 -1.874783 0.000000 -24.100000 38.560000
421.071728 0.170000 -0.050000 0.080000 0.010000 -0.010000 -1.680000 1.546501 -1.933127 0.000000 -27.690000 36.920000
421.102138 0.620000 0.320000 -0.220000 0.000000 0.010000 -1.790000 0.772413 -1.519035 0.000000 -23.080000 27.690000
421.132845 -0.010000 -0.640000 0.010000 0.010000 0.000000 -1.800000 1.615198 -2.307425 0.000000 -33.740000 43.380000
421.161567 0.010000 0.410000 0.080000 -0.010000 0.010000 -1.810000 2.422796 -2.163211 0.000000 -28.920000 43.380000
421.190466 0.470000 -0.060000 -0.010000 0.000000 0.010000 -1.800000 3.867091 -1.795196 0.000000 -18.460000 41.540000
421.224401 0.000000 0.010000 -0.110000 0.010000 -0.010000 -1.910000 1.615198 -2.018997 0.000000 -28.920000 38.560000
421.263573 -0.510000 -0.130000 -0.170000 0.010000 -0.020000 -1.820000 2.422796 -1.874783 0.000000 -24.100000 38.560000
421.298530 0.360000 0.200000 -0.170000 0.000000 -0.010000 -1.850000 1.615198 -1.153713 0.000000 -14.460000 24.100000
421.335325 -0.360000 -0.100000 0.200000 0.000000 -0.000000 -1.830000 3.093003 -1.933426 0.000000 -23.080000 41.540000
421.370926 0.270000 -0.060000 0.070000 0.000000 0.020000 -1.830000 2.422796 -2.163211 0.000000 -28.920000 43.380000
421.403794 -0.150000 -0.030000 0.260000 0.030000 -0.020000 -1.840000 2.320590 -2.071357 0.000000 -27.690000 41.540000
421.440847 -0.300000 -0.370000 -0.090000 -0.010000 -0.000000 -1.830000 0.807599 -1.297927 0.000000 -19.280000 24.100000
421.468974 0.360000 -0.070000 -0.360000 -0.020000 0.000000 -1.840000 1.615198 -1.730569 0.000000 -24.100000 33.740000
421.506376 -0.060000 -0.210000 0.250000 -0.010000 -0.020000 -1.800000 1.615198 -1.730569 0.000000 -24.100000 33.740000
421.538525 0.210000 0.020000 0.210000 0.000000 0.000000 -1.870000 0.000000 -1.933426 0.000000 -32.310000 32.310000
421.572833 -0.150000 0.210000 -0.160000 0.010000 -0.020000 -1.910000 2.422796 -2.163211 0.000000 -28.920000 43.380000
421.604732 -0.170000 -0.350000 -0.070000 -0.030000 -0.000000 -1.860000 2.422796 -2.163211 0.000000 -28.920000 43.380000
421.638344 0.330000 0.430000 0.250000 0.000000 0.020000 -1.850000 2.320590 -2.071357 0.000000 -27.690000 41.540000
421.674345 0.290000 -0.320000 0.130000 -0.010000 -0.010000 -1.930000 1.546501 -1.933127 0.000000 -27.690000 36.920000
421.710972 -0.130000 -0.080000 -0.080000 -0.000000 0.000000 -1.900000 2.422796 -2.163211 0.000000 -28.920000 43.380000
421.747988 -0.080000 0.050000 -0.240000 -0.000000 0.010000 -1.850000 0.000000 -1.442141 0.000000 -24.100000 24.100000
421.783720 -0.310000 0.120000 0.030000 0.000000 0.020000 -1.870000 2.320590 -2.071357 0.000000 -27.690000 41.540000
421.818636 0.130000 0.490000 0.110000 0.010000 0.010000 -1.860000 1.615198 -2.307425 0.000000 -33.740000 43.380000
421.854793 0.230000 -0.250000 -0.360000 0.010000 -0.010000 -1.880000 3.230395 -2.018997 0.000000 -24.100000 43.380000
421.888629 -0.050000 -0.160000 -0.020000 -0.010000 0.000000 -1.930000 4.037994 -1.874783 0.000000 -19.280000 43.380000
421.925291 -0.390000 0.270000 -0.140000 0.000000 0.020000 -1.890000 2.422796 -2.163211 0.000000 -28.920000 43.380000
421.958670 -0.040000 -0.190000 0.000000 0.010000 0.000000 -1.930000 4.845593 -1.730569 0.000000 -14.460000 43.380000
421.996671 -0.080000 -0.080000 0.150000 0.010000 0.010000 -1.900000 2.320590 -2.071357 0.000000 -27.690000 41.540000
422.032412 0.090000 -0.030000 0.160000 -0.010000 0.000000 -1.960000 2.422796 -2.163211 0.000000 -28.920000 43.380000
422.062080 0.090000 0.180000 -0.050000 0.000000 -0.000000 -2.000000 2.422796 -2.163211 0.000000 -28.920000 43.380000
422.093486 -0.100000 -0.370000 0.050000 0.000000 0.030000 -1.940000 0.000000 -1.933426 0.000000 -32.310000 32.310000
422.125504 0.030000 0.460000 0.040000 0.010000 0.010000 -1.940000 2.318914 -1.795196 0.000000 -23.080000 36.920000
422.164326 0.010000 -0.110000 -0.170000 0.010000 -0.010000 -2.010000 2.422796 -2.163211 0.000000 -28.920000 43.380000
422.199782 0.080000 -0.040000 0.160000 -0.000000 0.000000 -1.950000 2.422796 -2.163211 0.000000 -28.920000 43.380000
422.228592 -0.070000 0.160000 0.210000 0.000000 0.000000 -1.940000 2.320590 -2.623679 0.000000 -36.920000 50.770000
422.262977 0.120000 -0.050000 -0.390000 -0.010000 0.020000 -1.950000 2.422796 -2.163211 0.000000 -28.920000 43.380000
422.302387 0.300000 0.260000 0.000000 -0.000000 0.010000 -1.900000 3.230395 -2.018997 0.000000 -24.100000 43.380000
422.340996 0.040000 0.040000 0.070000 0.010000 0.020000 -1.890000 2.422796 -2.163211 0.000000 -28.920000 43.380000
422.377278 -0.510000 -0.320000 -0.170000 0.000000 0.010000 -1.880000 4.037994 -1.874783 0.000000 -19.280000 43.380000
422.412444 0.310000 0.250000 -0.200000 -0.010000 0.010000 -1.890000 3.230395 -2.018997 0.000000 -24.100000 43.380000
422.442350 0.110000 -0.230000 0.420000 0.010000 -0.000000 -1.830000 3.093003 -1.933426 0.000000 -23.080000 41.540000
422.480619 0.200000 -0.020000 -0.010000 -0.010000 0.000000 -1.860000 1.615198 -2.018997 0.000000 -28.920000 38.560000
422.510573 0.100000 0.270000 -0.230000 0.030000 0.000000 -1.900000 1.615198 -2.018997 0.000000 -28.920000 38.560000
422.540268 -0.430000 -0.380000 0.100000 -0.000000 0.010000 -1.870000 3.865416 -1.519035 0.000000 -13.850000 36.920000
422.570423 0.180000 0.480000 0.110000 0.020000 -0.000000 -1.890000 2.320590 -2.071357 0.000000 -27.690000 41.540000
422.598361 0.270000 -0.140000 0.240000 0.030000 -0.000000 -1.990000 2.422796 -2.163211 0.000000 -28.920000 43.380000
422.639000 0.000000 0.190000 -0.010000 -0.000000 -0.010000 -2.000000 -3.230395 -2.018997 0.000000 -43.380000 24.100000
422.676250 -0.510000 0.180000 -0.210000 0.030000 -0.000000 -1.890000 1.546501 -1.657265 0.000000 -23.080000 32.310000
422.713612 -0.010000 -0.140000 0.370000 -0.010000 0.020000 -1.910000 2.422796 -2.163211 0.000000 -28.920000 43.380000
422.748852 0.020000 -0.030000 0.260000 0.020000 0.010000 -1.940000 4.037994 -1.874783 0.000000 -19.280000 43.380000
422.783057 0.120000 -0.080000 0.000000 0.010000 0.010000 -1.980000 1.615198 -2.018997 0.000000 -28.920000 38.560000
422.812543 0.110000 -0.100000 -0.060000 0.000000 -0.010000 -2.010000 2.320590 -2.071357 0.000000 -27.690000 41.540000
422.842864 -0.490000 0.120000 -0.260000 0.010000 -0.010000 -1.970000 0.807599 -2.163211 0.000000 -33.740000 38.560000
422.874154 0.170000 -0.050000 -0.170000 0.010000 0.020000 -2.020000 2.320590 -1.519035 0.000000 -18.460000 32.310000
422.907098 0.080000 0.050000 0.270000 0.010000 -0.030000 -2.040000 2.422796 -2.163211 0.000000 -28.920000 43.380000
422.943935 -0.070000 0.020000 0.010000 -0.000000 -0.010000 -2.060000 3.232071 -2.307724 0.000000 -28.920000 48.210000
422.979687 0.260000 0.050000 -0.110000 0.020000 0.010000 -2.010000 3.232071 -2.307724 0.000000 -28.920000 48.210000
423.009014 -0.140000 -0.100000 0.210000 0.000000 -0.020000 -1.990000 2.318914 -2.347518 0.000000 -32.310000 46.150000
423.042804 -0.530000 0.070000 0.050000 -0.010000 0.010000 -1.920000 3.230395 -2.018997 0.000000 -24.100000 43.380000
423.080314 0.530000 0.020000 0.120000 -0.030000 0.000000 -1.960000 2.422796 -2.163211 0.000000 -28.920000 43.380000
423.109438 0.050000 0.060000 -0.250000 0.030000 -0.030000 -1.870000 1.546501 -1.933127 0.000000 -27.690000 36.920000
423.146861 -0.000000 0.110000 -0.040000 0.010000 -0.010000 -1.850000 4.039669 -2.451938 0.000000 -28.920000 53.030000
423.183988 -0.080000 0.170000 -0.080000 -0.000000 -0.020000 -1.830000 2.422796 -2.163211 0.000000 -28.920000 43.380000
423.218351 -0.620000 -0.250000 0.450000 -0.020000 0.000000 -1.760000 2.422796 -1.874783 0.000000 -24.100000 38.560000
423.255033 0.610000 0.450000 -0.220000 0.000000 -0.010000 -1.760000 1.546501 -2.209587 0.000000 -32.310000 41.540000
423.291129 0.170000 -0.530000 -0.020000 0.000000 -0.020000 -1.770000 2.422796 -1.874783 0.000000 -24.100000 38.560000
423.321793 0.120000 0.090000 -0.100000 -0.010000 -0.030000 -1.770000 3.093003 -1.933426 0.000000 -23.080000 41.540000
423.352221 0.380000 -0.400000 -0.370000 0.010000 0.000000 -1.730000 2.422796 -1.874783 0.000000 -24.100000 38.560000
423.381885 -0.390000 0.020000 -0.140000 -0.020000 -0.000000 -1.720000 2.422796 -1.874783 0.000000 -24.100000 38.560000
423.411829 0.400000 0.020000 -0.050000 0.020000 -0.020000 -1.780000 4.847268 -2.019296 0.000000 -19.280000 48.210000
423.442121 -0.140000 -0.020000 -0.120000 -0.010000 -0.000000 -1.810000 1.546501 -1.933127 0.000000 -27.690000 36.920000
423.473137 0.110000 0.370000 0.070000 0.010000 0.000000 -1.790000 1.615198 -2.018997 0.000000 -28.920000 38.560000
423.508854 0.080000 -0.220000 0.140000 0.010000 -0.010000 -1.860000 2.422796 -2.163211 0.000000 -28.920000 43.380000
423.545558 -0.670000 0.090000 -0.000000 -0.020000 -0.020000 -1.830000 2.318914 -1.795196 0.000000 -23.080000 36.920000
423.582478 -0.290000 0.010000 0.150000 -0.010000 -0.010000 -1.790000 2.320590 -2.071357 0.000000 -27.690000 41.540000
423.611258 0.130000 0.270000 -0.200000 0.010000 -0.010000 -1.850000 1.615198 -2.018997 0.000000 -28.920000 38.560000
423.641319 0.070000 0.000000 -0.220000 -0.010000 0.010000 -1.880000 2.422796 -2.163211 0.000000 -28.920000 43.380000
423.669838 -0.010000 -0.280000 -0.230000 -0.030000 -0.010000 -1.900000 1.546501 -1.657265 0.000000 -23.080000 32.310000
423.706818 -0.660000 0.150000 -0.120000 0.000000 0.010000 -1.770000 1.615198 -2.018997 0.000000 -28.920000 38.560000
423.739526 0.200000 -0.070000 0.260000 -0.000000 0.010000 -1.730000 2.422796 -1.874783 0.000000 -24.100000 38.560000
423.777401 0.220000 -0.030000 0.170000 0.000000 0.020000 -1.820000 1.615198 -2.018997 0.000000 -28.920000 38.560000
423.810348 -0.310000 -0.170000 0.450000 -0.010000 0.000000 -1.770000 -4.037994 -1.874783 0.000000 -43.380000 19.280000
423.848772 -0.100000 0.290000 -0.070000 -0.000000 0.010000 -1.760000 4.847268 -2.019296 0.000000 -19.280000 48.210000
423.885527 -0.250000 -0.040000 0.250000 -0.010000 -0.000000 -1.750000 1.546501 -1.657265 0.000000 -23.080000 32.310000
423.923928 0.530000 0.260000 -0.290000 -0.010000 -0.010000 -1.770000 2.422796 -1.874783 0.000000 -24.100000 38.560000
423.959740 0.070000 -0.170000 0.190000 0.000000 -0.020000 -1.780000 1.615198 -2.018997 0.000000 -28.920000 38.560000
423.989628 -0.090000 0.000000 0.170000 -0.010000 0.000000 -1.740000 1.546501 -1.933127 0.000000 -27.690000 36.920000
424.019332 0.390000 0.130000 -0.160000 -0.000000 0.000000 -1.780000 2.320590 -2.071357 0.000000 -27.690000 41.540000
424.052303 0.600000 -0.030000 0.260000 0.000000 -0.040000 -1.780000 2.422796 -1.874783 0.000000 -24.100000 38.560000
424.083511 -0.280000 -0.140000 0.300000 0.010000 -0.010000 -1.720000 1.615198 -2.018997 0.000000 -28.920000 38.560000
424.116806 -0.040000 -0.280000 -0.040000 0.000000 0.020000 -1.770000 0.772413 -1.519035 0.000000 -23.080000 27.690000
424.152907 -0.220000 0.080000 -0.050000 0.000000 0.010000 -1.750000 1.615198 -2.018997 0.000000 -28.920000 38.560000
424.183988 0.220000 0.020000 -0.260000 0.000000 0.010000 -1.750000 2.422796 -1.874783 0.000000 -24.100000 38.560000
424.219602 0.100000 -0.040000 -0.100000 0.000000 -0.010000 -1.780000 0.000000 -1.153713 0.000000 -19.280000 19.280000
424.258053 -0.240000 0.010000 -0.040000 0.000000 -0.010000 -1.770000 0.568000 -1.831997 0.000000 -28.920000 32.310000
424.291031 -0.010000 0.430000 0.040000 -0.020000 0.010000 -1.820000 1.615198 -2.018997 0.000000 -28.920000 38.560000
424.319273 0.020000 -0.500000 -0.180000 0.000000 0.000000 -1.820000 2.318914 -1.795196 0.000000 -23.080000 36.920000
424.356296 -0.060000 0.530000 -0.080000 0.000000 -0.000000 -1.870000 2.422796 -1.874783 0.000000 -24.100000 38.560000
424.393115 -0.120000 -0.100000 -0.080000 0.020000 -0.000000 -1.860000 0.000000 -2.307425 0.000000 -38.560000 38.560000
424.423462 -0.540000 -0.280000 0.110000 -0.020000 0.000000 -1.850000 2.320590 -2.071357 0.000000 -27.690000 41.540000
424.457139 0.260000 -0.030000 -0.090000 0.010000 -0.000000 -1.780000 2.320590 -2.071357 0.000000 -27.690000 41.540000
424.494306 0.100000 -0.020000 -0.530000 0.020000 -0.010000 -1.860000 2.422796 -2.163211 0.000000 -28.920000 43.380000
424.531555 -0.660000 0.050000 0.180000 0.010000 0.000000 -1.820000 1.615198 -2.018997 0.000000 -28.920000 38.560000
424.570537 0.330000 -0.220000 -0.130000 -0.010000 0.020000 -1.830000 2.320590 -2.071357 0.000000 -27.690000 41.540000
424.600847 -0.190000 0.030000 0.150000 0.000000 -0.010000 -1.830000 1.615198 -1.442141 0.000000 -19.280000 28.920000
424.629843 0.170000 0.220000 0.140000 0.020000 -0.010000 -1.840000 4.037994 -1.874783 0.000000 -19.280000 43.380000
424.664597 0.260000 -0.160000 0.120000 0.010000 -0.010000 -1.910000 1.615198 -2.018997 0.000000 -28.920000 38.560000
424.699425 -0.160000 -0.260000 0.210000 -0.010000 0.000000 -1.860000 1.546501 -1.933127 0.000000 -27.690000 36.920000
424.736508 0.160000 0.280000 0.020000 0.010000 -0.010000 -1.830000 2.422796 -1.586355 0.000000 -19.280000 33.740000
424.773426 0.210000 -0.090000 -0.140000 0.030000 0.000000 -1.800000 1.546501 -1.933127 0.000000 -27.690000 36.920000
424.809628 -0.050000 -0.270000 0.180000 -0.010000 -0.000000 -1.760000 1.615198 -1.442141 0.000000 -19.280000 28.920000
424.846581 -0.200000 0.140000 -0.010000 0.030000 -0.010000 -1.770000 1.615198 -2.018997 0.000000 -28.920000 38.560000
424.880316 -0.250000 -0.140000 0.030000 0.010000 -0.000000 -1.810000 2.422796 -2.163211 0.000000 -28.920000 43.380000
424.909809 0.230000 0.390000 0.210000 -0.000000 -0.000000 -1.800000 2.318914 -1.242874 0.000000 -13.850000 27.690000
424.944310 0.250000 -0.290000 0.420000 0.010000 -0.020000 -1.840000 3.230395 -1.730569 0.000000 -19.280000 38.560000
424.980526 -0.200000 0.260000 0.070000 -0.010000 -0.040000 -1.900000 1.615198 -1.730569 0.000000 -24.100000 33.740000
425.009009 -0.370000 0.190000 -0.380000 -0.000000 -0.010000 -1.850000 2.320590 -2.071357 0.000000 -27.690000 41.540000
425.042484 0.110000 -0.260000 -0.130000 -0.010000 0.010000 -1.890000 1.546501 -1.933127 0.000000 -27.690000 36.920000
425.072231 -0.210000 0.180000 -0.070000 0.010000 -0.000000 -1.830000 2.422796 -2.163211 0.000000 -28.920000 43.380000
425.104108 0.220000 0.010000 -0.150000 0.000000 0.010000 -1.850000 0.807599 -1.586355 0.000000 -24.100000 28.920000
425.137678 -0.140000 -0.120000 0.060000 0.010000 0.000000 -1.890000 3.093003 -1.933426 0.000000 -23.080000 41.540000
425.174506 -0.160000 -0.050000 -0.100000 0.010000 0.010000 -1.840000 1.615198 -2.018997 0.000000 -28.920000 38.560000
425.208430 0.200000 0.160000 0.050000 0.000000 0.020000 -1.870000 1.821286 -1.982195 0.000000 -27.690000 38.560000
425.247121 0.280000 -0.220000 -0.200000 0.000000 -0.010000 -1.860000 1.615198 -1.442141 0.000000 -19.280000 28.920000
425.286512 0.250000 0.030000 -0.190000 0.010000 0.000000 -1.870000 4.847268 -2.307724 0.000000 -24.100000 53.030000
425.323713 -0.260000 -0.250000 -0.080000 0.020000 0.010000 -1.810000 2.422796 -2.163211 0.000000 -28.920000 43.380000
425.359614 -0.100000 0.030000 0.070000 0.010000 0.010000 -1.840000 2.320590 -2.071357 0.000000 -27.690000 41.540000
425.389916 0.610000 0.170000 0.240000 0.010000 -0.010000 -1.870000 1.615198 -1.730569 0.000000 -24.100000 33.740000
425.424841 -0.120000 -0.500000 -0.130000 -0.000000 -0.000000 -1.920000 2.422796 -2.163211 0.000000 -28.920000 43.380000
425.461448 -0.140000 0.360000 0.040000 0.010000 0.010000 -1.870000 2.320590 -2.071357 0.000000 -27.690000 41.540000
425.489235 0.000000 -0.040000 0.210000 -0.010000 0.010000 -1.870000 0.772413 -2.071357 0.000000 -32.310000 36.920000
425.526229 0.450000 0.220000 -0.120000 -0.000000 -0.000000 -1.870000 1.615198 -2.018997 0.000000 -28.920000 38.560000
425.563449 -0.050000 -0.010000 0.060000 0.020000 -0.010000 -1.840000 3.230395 -1.730569 0.000000 -19.280000 38.560000
425.600430 0.060000 -0.200000 -0.210000 0.010000 0.010000 -1.880000 2.320590 -2.071357 0.000000 -27.690000 41.540000
425.629541 -0.410000 0.120000 0.220000 0.000000 0.010000 -1.840000 2.422796 -2.163211 0.000000 -28.920000 43.380000
425.663762 0.380000 -0.150000 -0.120000 0.010000 0.010000 -1.800000 1.615198 -2.018997 0.000000 -28.920000 38.560000
425.700528 -0.150000 0.020000 0.130000 -0.000000 -0.010000 -1.880000 3.230395 -2.018997 0.000000 -24.100000 43.380000
425.730291 0.090000 -0.070000 -0.410000 0.010000 -0.010000 -1.870000 1.615198 -1.730569 0.000000 -24.100000 33.740000
425.760856 -0.040000 -0.080000 0.390000 0.000000 0.010000 -1.890000 1.615198 -2.018997 0.000000 -28.920000 38.560000
425.788759 -0.260000 0.310000 0.200000 0.020000 -0.010000 -1.890000 4.639504 -1.657265 0.000000 -13.850000 41.540000
425.824117 0.150000 -0.040000 0.100000 0.020000 -0.020000 -1.930000 1.615198 -2.018997 0.000000 -28.920000 38.560000
425.860582 0.120000 -0.040000 -0.300000 -0.000000 -0.020000 -1.970000 3.232071 -2.307724 0.000000 -28.920000 48.210000
425.896365 -0.420000 0.050000 -0.100000 -0.010000 -0.000000 -1.880000 2.320590 -2.071357 0.000000 -27.690000 41.540000
425.932111 0.330000 -0.050000 -0.010000 0.000000 0.000000 -1.910000 -0.772413 -2.071357 0.000000 -36.920000 32.310000
425.959994 -0.080000 -0.110000 0.020000 0.010000 0.000000 -1.990000 2.422796 -2.163211 0.000000 -28.920000 43.380000
425.996492 0.020000 0.210000 -0.120000 0.000000 -0.020000 -1.930000 2.422796 -2.163211 0.000000 -28.920000 43.380000
426.033010 0.380000 -0.030000 0.110000 -0.000000 -0.020000 -1.980000 1.546501 -1.933127 0.000000 -27.690000 36.920000
426.064371 -0.400000 -0.060000 -0.140000 -0.010000 -0.010000 -1.920000 2.422796 -2.163211 0.000000 -28.920000 43.380000
426.098257 0.210000 0.250000 0.010000 0.020000 0.010000 -1.890000 3.230395 -2.018997 0.000000 -24.100000 43.380000
426.136344 0.260000 -0.150000 -0.100000 0.030000 -0.020000 -1.930000 2.422796 -2.163211 0.000000 -28.920000 43.380000
426.172303 -0.360000 -0.120000 0.020000 0.010000 0.010000 -1.870000 2.320590 -2.071357 0.000000 -27.690000 41.540000
426.202954 -0.000000 0.300000 -0.060000 -0.020000 -0.020000 -1.890000 1.615198 -2.018997 0.000000 -28.920000 38.560000
426.232989 0.290000 -0.250000 -0.080000 0.010000 -0.010000 -1.810000 3.093003 -1.933426 0.000000 -23.080000 41.540000
426.261290 0.460000 0.160000 0.080000 0.020000 -0.030000 -1.870000 4.845593 -1.730569 0.000000 -14.460000 43.380000
426.290820 -0.110000 -0.300000 0.070000 0.020000 -0.010000 -1.900000 3.230395 -2.018997 0.000000 -24.100000 43.380000
426.323122 -0.080000 -0.240000 0.140000 -0.030000 0.010000 -1.840000 4.847268 -2.019296 0.000000 -19.280000 48.210000
426.359710 0.280000 0.280000 -0.020000 0.000000 0.000000 -1.880000 2.320590 -2.071357 0.000000 -27.690000 41.540000
426.397443 -0.100000 -0.350000 -0.250000 -0.000000 -0.020000 -1.950000 2.422796 -2.163211 0.000000 -28.920000 43.380000
426.432936 -0.140000 0.050000 -0.180000 -0.010000 0.000000 -1.940000 3.230395 -2.018997 0.000000 -24.100000 43.380000
426.461792 -0.020000 0.120000 0.090000 0.010000 -0.000000 -1.910000 2.320590 -2.071357 0.000000 -27.690000 41.540000
426.500970 -0.370000 -0.010000 0.350000 -0.000000 0.020000 -1.920000 2.922100 -1.963944 0.000000 -24.100000 41.540000
426.530264 0.290000 0.420000 0.150000 0.010000 0.020000 -1.960000 4.039669 -2.163510 0.000000 -24.100000 48.210000
426.561105 -0.090000 -0.500000 -0.170000 0.000000 -0.010000 -1.980000 1.615198 -2.018997 0.000000 -28.920000 38.560000
426.591891 -0.310000 0.050000 -0.120000 -0.010000 0.020000 -1.980000 3.867091 -1.795196 0.000000 -18.460000 41.540000
426.622711 -0.040000 0.400000 -0.040000 0.010000 0.010000 -2.010000 4.039669 -2.451938 0.000000 -28.920000 53.030000
426.652260 0.010000 -0.290000 0.360000 0.000000 -0.020000 -2.040000 2.320590 -2.071357 0.000000 -27.690000 41.540000
426.681418 0.290000 0.290000 0.340000 0.000000 -0.010000 -2.040000 2.422796 -2.163211 0.000000 -28.920000 43.380000
426.711646 0.190000 -0.010000 -0.250000 0.000000 0.010000 -2.110000 3.232071 -2.596152 0.000000 -33.740000 53.030000
426.739674 -0.220000 -0.340000 0.200000 -0.010000 0.020000 -2.100000 0.807599 -2.163211 0.000000 -33.740000 38.560000
426.773646 -0.430000 0.120000 0.060000 -0.000000 0.000000 -2.070000 2.318914 -2.347518 0.000000 -32.310000 46.150000
426.810885 0.120000 0.010000 -0.580000 -0.000000 0.020000 -2.050000 3.232071 -2.307724 0.000000 -28.920000 48.210000
426.849154 0.360000 0.220000 0.010000 -0.000000 -0.010000 -2.040000 -0.807599 -2.163211 0.000000 -38.560000 33.740000
426.878958 -0.070000 -0.040000 0.090000 0.000000 -0.020000 -1.950000 3.093003 -2.209288 0.000000 -27.690000 46.150000
426.914057 -0.070000 0.090000 -0.230000 -0.010000 0.000000 -1.920000 2.320590 -2.071357 0.000000 -27.690000 41.540000
426.950348 0.080000 0.110000 0.100000 -0.010000 -0.000000 -1.960000 2.422796 -2.163211 0.000000 -28.920000 43.380000
426.981516 -0.550000 -0.280000 -0.090000 -0.000000 -0.000000 -1.870000 2.422796 -1.586355 0.000000 -19.280000 33.740000
427.010516 0.030000 0.260000 0.190000 0.010000 0.020000 -1.820000 1.546501 -1.933127 0.000000 -27.690000 36.920000
427.040863 0.450000 0.030000 -0.010000 0.020000 -0.010000 -1.840000 2.422796 -2.163211 0.000000 -28.920000 43.380000
427.071631 -0.290000 -0.110000 0.330000 0.010000 -0.020000 -1.800000 1.615198 -2.018997 0.000000 -28.920000 38.560000
427.100751 -0.040000 0.140000 0.060000 0.000000 -0.020000 -1.730000 2.422796 -1.874783 0.000000 -24.100000 38.560000
427.131950 -0.080000 -0.190000 0.120000 -0.010000 0.020000 -1.760000 1.615198 -2.018997 0.000000 -28.920000 38.560000
427.162254 0.080000 0.270000 -0.180000 -0.000000 -0.000000 -1.800000 1.615198 -2.018997 0.000000 -28.920000 38.560000
427.193238 -0.040000 -0.570000 -0.010000 0.010000 -0.030000 -1.780000 1.546501 -1.933127 0.000000 -27.690000 36.920000
427.223566 -0.030000 0.040000 -0.110000 -0.020000 -0.010000 -1.790000 1.615198 -2.018997 0.000000 -28.920000 38.560000
427.261018 0.060000 0.200000 -0.100000 0.020000 0.010000 -1.840000 2.422796 -2.163211 0.000000 -28.920000 43.380000
427.292314 0.080000 -0.090000 -0.100000 0.000000 -0.010000 -1.880000 3.093003 -1.656966 0.000000 -18.460000 36.920000
427.322233 0.020000 0.210000 0.020000 0.000000 0.010000 -1.840000 1.546501 -1.933127 0.000000 -27.690000 36.920000
427.350824 -0.300000 -0.130000 -0.120000 0.000000 -0.000000 -1.850000 2.422796 -2.163211 0.000000 -28.920000 43.380000
427.389345 -0.370000 0.320000 0.350000 -0.010000 0.010000 -1.880000 1.615198 -2.018997 0.000000 -28.920000 38.560000
427.425610 0.360000 0.220000 -0.050000 0.020000 0.000000 -1.900000 2.318914 -1.795196 0.000000 -23.080000 36.920000
427.459995 0.140000 -0.050000 0.030000 0.030000 -0.010000 -1.910000 1.615198 -2.307425 0.000000 -33.740000 43.380000
427.491145 -0.380000 -0.010000 -0.180000 -0.010000 0.000000 -1.910000 0.807599 -1.874783 0.000000 -28.920000 33.740000
427.520454 0.170000 0.030000 0.210000 0.000000 0.010000 -1.850000 1.615198 -2.018997 0.000000 -28.920000 38.560000
427.550551 -0.250000 0.150000 -0.110000 0.010000 0.010000 -1.780000 2.955610 -1.681500 0.000000 -19.280000 36.920000
427.578517 0.010000 -0.100000 0.160000 0.010000 0.000000 -1.800000 3.230395 -2.018997 0.000000 -24.100000 43.380000
427.614042 0.250000 0.020000 0.030000 0.000000 0.010000 -1.840000 2.320590 -2.071357 0.000000 -27.690000 41.540000
427.649290 -0.190000 -0.400000 -0.310000 -0.000000 -0.000000 -1.830000 4.039669 -2.163510 0.000000 -24.100000 48.210000
427.680737 -0.250000 0.230000 0.450000 -0.010000 0.000000 -1.760000 1.615198 -1.730569 0.000000 -24.100000 33.740000
427.711025 -0.100000 0.040000 0.310000 0.010000 -0.000000 -1.820000 2.318914 -1.795196 0.000000 -23.080000 36.920000
427.740388 0.270000 0.210000 -0.100000 0.010000 0.010000 -1.840000 0.774088 -1.795196 0.000000 -27.690000 32.310000
427.770483 -0.140000 -0.150000 -0.220000 0.020000 -0.010000 -1.750000 1.615198 -2.018997 0.000000 -28.920000 38.560000
427.800220 0.180000 -0.180000 0.170000 -0.000000 -0.020000 -1.780000 0.807599 -2.163211 0.000000 -33.740000 38.560000
427.829646 -0.030000 0.020000 -0.210000 0.010000 0.010000 -1.690000 1.546501 -1.657265 0.000000 -23.080000 32.310000
427.865706 0.540000 0.030000 -0.510000 0.010000 -0.010000 -1.720000 1.615198 -1.730569 0.000000 -24.100000 33.740000
427.900459 -0.120000 -0.310000 0.340000 -0.000000 -0.010000 -1.700000 1.615198 -2.018997 0.000000 -28.920000 38.560000
427.931585 0.000000 0.080000 -0.200000 0.020000 0.000000 -1.700000 2.422796 -1.874783 0.000000 -24.100000 38.560000
427.961354 -0.010000 -0.240000 -0.560000 0.020000 0.010000 -1.760000 1.546501 -1.933127 0.000000 -27.690000 36.920000
427.990385 0.270000 0.020000 0.020000 0.000000 0.000000 -1.760000 1.615198 -1.730569 0.000000 -24.100000 33.740000
428.018235 0.100000 0.170000 -0.050000 0.020000 -0.020000 -1.740000 1.546501 -1.657265 0.000000 -23.080000 32.310000
428.053907 -0.340000 -0.110000 0.300000 -0.010000 0.000000 -1.680000 4.037994 -1.586355 0.000000 -14.460000 38.560000
428.090805 0.080000 0.510000 -0.110000 0.000000 -0.010000 -1.740000 1.615198 -2.018997 0.000000 -28.920000 38.560000
428.121155 -0.350000 -0.360000 0.240000 0.010000 -0.030000 -1.750000 2.422796 -1.874783 0.000000 -24.100000 38.560000
428.152615 -0.190000 0.640000 0.150000 0.000000 -0.010000 -1.750000 3.093003 -1.933426 0.000000 -23.080000 41.540000
428.180955 -0.090000 -0.220000 0.340000 0.010000 -0.020000 -1.750000 1.615198 -2.018997 0.000000 -28.920000 38.560000
428.217567 0.280000 0.120000 -0.100000 0.000000 -0.030000 -1.830000 2.422796 -2.163211 0.000000 -28.920000 43.380000
428.254479 -0.150000 -0.050000 -0.180000 0.010000 -0.010000 -1.790000 2.318914 -1.795196 0.000000 -23.080000 36.920000
428.290335 -0.200000 -0.220000 0.020000 -0.020000 -0.020000 -1.770000 0.772413 -2.071357 0.000000 -32.310000 36.920000
428.326833 0.210000 0.200000 -0.460000 0.010000 -0.010000 -1.810000 3.230395 -2.018997 0.000000 -24.100000 43.380000
428.359623 0.160000 -0.290000 -0.200000 0.010000 -0.020000 -1.840000 2.422796 -1.874783 0.000000 -24.100000 38.560000
428.397286 -0.250000 0.150000 0.090000 0.000000 -0.020000 -1.760000 3.093003 -1.656966 0.000000 -18.460000 36.920000
428.436495 0.150000 -0.160000 0.400000 0.010000 -0.000000 -1.750000 2.422796 -2.163211 0.000000 -28.920000 43.380000
428.471653 0.140000 -0.120000 0.170000 -0.010000 0.010000 -1.780000 4.175386 -1.850248 0.000000 -18.460000 43.380000
428.499809 0.010000 -0.210000 -0.320000 0.000000 0.030000 -1.790000 2.422796 -1.874783 0.000000 -24.100000 38.560000
428.538149 -0.490000 0.080000 -0.130000 -0.000000 -0.020000 -1.810000 1.615198 -2.018997 0.000000 -28.920000 38.560000
428.575536 0.250000 0.130000 0.270000 -0.010000 -0.010000 -1.800000 1.615198 -2.018997 0.000000 -28.920000 38.560000
428.608457 0.380000 -0.130000 -0.070000 -0.010000 0.000000 -1.900000 2.320590 -2.071357 0.000000 -27.690000 41.540000
428.645709 -0.470000 -0.130000 -0.040000 0.010000 -0.000000 -1.850000 3.230395 -2.018997 0.000000 -24.100000 43.380000
428.679684 -0.060000 0.200000 0.010000 -0.000000 -0.010000 -1.840000 3.230395 -2.018997 0.000000 -24.100000 43.380000
428.718630 0.240000 -0.040000 -0.110000 0.000000 -0.010000 -1.870000 1.546501 -1.933127 0.000000 -27.690000 36.920000
428.756277 -0.100000 0.260000 0.080000 0.000000 -0.010000 -1.830000 2.320590 -2.071357 0.000000 -27.690000 41.540000
428.791024 -0.110000 0.030000 0.200000 0.010000 -0.010000 -1.840000 2.422796 -2.163211 0.000000 -28.920000 43.380000
428.827862 -0.210000 -0.380000 0.000000 -0.020000 -0.030000 -1.840000 4.845593 -1.730569 0.000000 -14.460000 43.380000
428.861454 0.280000 0.080000 0.070000 -0.000000 -0.020000 -1.850000 3.093003 -1.656966 0.000000 -18.460000 36.920000
428.890978 0.350000 0.010000 -0.020000 0.010000 -0.020000 -1.810000 0.807599 -2.163211 0.000000 -33.740000 38.560000
428.923954 0.010000 -0.130000 -0.130000 0.000000 0.010000 -1.890000 3.232071 -2.307724 0.000000 -28.920000 48.210000
428.960498 -0.000000 0.230000 0.280000 -0.010000 0.000000 -1.860000 1.615198 -2.018997 0.000000 -28.920000 38.560000
428.989957 0.020000 -0.330000 -0.200000 -0.010000 0.010000 -1.830000 2.422796 -1.874783 0.000000 -24.100000 38.560000
429.023532 0.030000 0.250000 0.170000 -0.010000 0.000000 -1.880000 3.230395 -2.018997 0.000000 -24.100000 43.380000
429.062063 0.030000 0.090000 0.180000 -0.000000 -0.020000 -1.890000 2.320590 -2.071357 0.000000 -27.690000 41.540000
429.091714 0.170000 0.050000 -0.200000 0.000000 -0.020000 -1.930000 2.422796 -2.163211 0.000000 -28.920000 43.380000
429.122464 -0.880000 -0.150000 0.050000 0.000000 0.010000 -1.810000 2.422796 -1.297927 0.000000 -14.460000 28.920000
429.150317 0.020000 0.120000 0.160000 -0.020000 0.010000 -1.850000 2.320590 -2.071357 0.000000 -27.690000 41.540000
429.180711 0.050000 0.010000 0.010000 0.000000 0.000000 -1.910000 2.320590 -2.071357 0.000000 -27.690000 41.540000
429.210381 0.170000 0.020000 -0.160000 0.010000 0.010000 -1.880000 4.845593 -1.730569 0.000000 -14.460000 43.380000
429.240370 0.210000 -0.010000 -0.010000 0.010000 -0.000000 -1.910000 1.615198 -2.307425 0.000000 -33.740000 43.380000
429.271554 -0.210000 -0.460000 -0.320000 -0.010000 -0.000000 -1.880000 1.546501 -1.933127 0.000000 -27.690000 36.920000
429.300513 0.250000 0.050000 0.210000 0.000000 0.020000 -1.860000 2.422796 -2.163211 0.000000 -28.920000 43.380000
429.328559 0.290000 -0.150000 0.040000 0.020000 -0.010000 -1.860000 2.422796 -2.163211 0.000000 -28.920000 43.380000
429.366814 -0.060000 -0.230000 -0.020000 -0.000000 0.010000 -1.930000 2.422796 -1.874783 0.000000 -24.100000 38.560000
429.402024 0.150000 0.240000 -0.050000 0.000000 -0.000000 -1.990000 3.093003 -1.933426 0.000000 -23.080000 41.540000
429.432365 -0.160000 -0.400000 0.120000 0.000000 -0.000000 -1.910000 0.807599 -2.163211 0.000000 -33.740000 38.560000
429.460749 0.300000 0.580000 0.290000 0.000000 -0.000000 -1.930000 2.318914 -2.347518 0.000000 -32.310000 46.150000
429.491152 0.270000 -0.030000 -0.210000 0.010000 -0.000000 -2.000000 4.845593 -1.730569 0.000000 -14.460000 43.380000
