2224.392960 -0.040000 -0.020000 -10.020000 -0.000000 -0.000000 -0.000000 0.000000 0.000000 0.000000 0.000000 0.000000
2224.428030 -0.100000 0.120000 -8.930000 0.000000 -0.000000 0.000000 0.000000 0.000000 0.000000 0.000000 0.000000
2224.465006 0.280000 0.110000 -7.710000 0.010000 -0.000000 -0.020000 2.422796 0.144214 0.000000 9.640000 4.820000
2224.496483 0.800000 2.760000 -6.450000 0.000000 -0.030000 0.020000 3.867091 0.414092 0.000000 18.460000 4.620000
2224.533400 -0.300000 -0.180000 -5.990000 0.060000 0.040000 0.090000 6.460790 0.288428 0.000000 24.100000 14.460000
2224.567860 -0.150000 1.340000 -5.590000 -0.080000 0.060000 0.010000 12.921580 0.000000 0.000000 38.560000 38.560000
2224.601139 -0.180000 0.330000 -2.450000 -0.030000 0.030000 -0.010000 16.155326 0.000000 0.000000 48.210000 48.210000
2224.629212 -0.190000 0.060000 -1.520000 0.020000 -0.050000 -0.010000 20.520045 -0.202558 0.000000 57.850000 64.620000
2224.660973 -0.770000 0.120000 -1.000000 0.070000 0.030000 0.010000 25.038912 -0.144214 0.000000 72.310000 77.130000
2224.697356 0.230000 -0.770000 0.520000 -0.070000 0.030000 -0.000000 27.840375 0.000000 0.000000 83.080000 83.080000
2224.730128 -1.280000 0.290000 0.040000 -0.100000 -0.020000 0.040000 30.692104 0.000000 0.000000 91.590000 91.590000
2224.763564 -0.210000 -1.400000 -0.230000 0.050000 -0.050000 0.080000 33.922499 0.000000 0.000000 101.230000 101.230000
2224.799773 -0.600000 -0.690000 0.810000 -0.150000 -0.040000 -0.090000 34.798794 -0.137931 0.000000 101.540000 106.150000
2224.828218 -0.540000 -2.290000 -0.360000 0.090000 -0.070000 -0.070000 37.119383 0.000000 0.000000 110.770000 110.770000
2224.863732 0.690000 1.210000 0.510000 0.100000 0.020000 -0.060000 40.383289 0.000000 0.000000 120.510000 120.510000
2224.895429 0.170000 -0.890000 -2.990000 0.050000 0.150000 0.060000 41.998486 0.000000 0.000000 125.330000 125.330000
2224.933265 0.130000 -0.980000 -0.350000 0.310000 -0.050000 0.000000 42.532976 -0.137931 0.000000 124.620000 129.230000
2224.961919 1.020000 1.000000 1.170000 0.060000 -0.170000 -0.020000 45.228881 0.000000 0.000000 134.970000 134.970000
2224.990717 0.930000 -1.230000 -2.110000 0.260000 0.070000 -0.050000 46.844079 0.000000 0.000000 139.790000 139.790000
2225.017809 0.240000 0.360000 -0.410000 0.060000 -0.040000 0.020000 45.228881 0.000000 0.000000 134.970000 134.970000
2225.054143 0.240000 -0.440000 0.320000 0.290000 0.030000 -0.060000 45.625978 -0.137931 0.000000 133.850000 138.460000
2225.088130 0.650000 0.070000 1.600000 0.100000 0.080000 -0.050000 50.077825 0.000000 0.000000 149.440000 149.440000
2225.123867 0.670000 -0.080000 -0.580000 0.040000 -0.080000 -0.080000 47.172480 -0.138230 0.000000 138.460000 143.080000
2225.157563 0.190000 -0.760000 0.180000 -0.030000 0.070000 -0.000000 47.653353 -0.144513 0.000000 139.790000 144.620000
2225.193206 -0.750000 0.060000 4.300000 -0.120000 -0.180000 0.020000 52.500621 0.144214 0.000000 159.080000 154.260000
2225.222362 0.450000 0.590000 1.740000 -0.010000 -0.030000 -0.030000 51.693022 0.000000 0.000000 154.260000 154.260000
2225.251414 -0.970000 -0.440000 -4.630000 0.000000 0.070000 0.050000 51.039571 0.000000 0.000000 152.310000 152.310000
2225.280847 -0.470000 -1.570000 -0.790000 -0.050000 -0.020000 0.050000 51.693022 0.000000 0.000000 154.260000 154.260000
2225.310184 -0.570000 0.670000 -1.210000 0.060000 -0.080000 -0.050000 53.308220 0.000000 0.000000 159.080000 159.080000
2225.345697 0.400000 -0.430000 -0.530000 0.150000 0.110000 -0.060000 51.811984 0.137931 0.000000 156.920000 152.310000
2225.383208 -0.640000 0.320000 1.370000 -0.090000 0.150000 -0.060000 50.265482 -0.138230 0.000000 147.690000 152.310000
2225.412742 -0.060000 0.170000 5.310000 -0.130000 -0.200000 0.050000 53.308220 0.000000 0.000000 159.080000 159.080000
2225.442578 -0.530000 -0.620000 -2.460000 0.020000 0.010000 -0.140000 51.693022 0.000000 0.000000 154.260000 154.260000
2225.471288 0.780000 0.410000 -2.070000 -0.200000 0.100000 0.020000 51.039571 0.000000 0.000000 152.310000 152.310000
2225.502923 0.070000 0.120000 -0.600000 0.060000 0.120000 0.000000 53.308220 0.000000 0.000000 159.080000 159.080000
2225.539928 -0.380000 0.580000 0.990000 0.020000 -0.070000 -0.070000 54.115818 -0.144214 0.000000 159.080000 163.900000
2225.568957 0.370000 0.070000 0.430000 0.090000 -0.040000 -0.110000 51.693022 0.000000 0.000000 154.260000 154.260000
2225.604944 1.040000 0.590000 -1.320000 0.000000 -0.100000 -0.030000 52.500621 -0.144214 0.000000 154.260000 159.080000
2225.640204 -1.040000 0.410000 3.060000 -0.100000 -0.060000 0.100000 54.115818 -0.144214 0.000000 159.080000 163.900000
2225.668181 0.230000 1.220000 0.570000 -0.060000 -0.010000 -0.020000 50.265482 -0.138230 0.000000 147.690000 152.310000
2225.700913 -0.010000 0.940000 -0.690000 -0.180000 -0.010000 -0.000000 50.885423 -0.144214 0.000000 149.440000 154.260000
2225.728008 0.510000 0.970000 0.070000 0.290000 -0.040000 0.010000 54.115818 -0.144214 0.000000 159.080000 163.900000
2225.763450 0.330000 0.030000 -0.270000 0.140000 -0.000000 -0.100000 51.039571 0.000000 0.000000 152.310000 152.310000
2225.791431 -0.860000 -1.070000 2.330000 -0.090000 -0.100000 -0.030000 51.039571 0.000000 0.000000 152.310000 152.310000
2225.822896 -0.140000 0.180000 -1.360000 -0.020000 0.040000 -0.040000 54.115818 -0.144214 0.000000 159.080000 163.900000
2225.850824 -0.300000 0.080000 -2.470000 -0.220000 0.000000 0.080000 54.115818 -0.144214 0.000000 159.080000 163.900000
2225.880877 0.630000 -0.760000 -3.420000 0.220000 -0.040000 -0.020000 51.039571 0.000000 0.000000 152.310000 152.310000
2225.909639 -1.220000 -0.560000 0.550000 0.210000 -0.070000 0.040000 53.308220 0.000000 0.000000 159.080000 159.080000
2225.944650 0.040000 -0.490000 1.070000 0.150000 0.150000 -0.010000 49.270226 -0.144214 0.000000 144.620000 149.440000
2225.976879 -0.530000 -1.160000 2.840000 -0.010000 0.040000 -0.070000 43.613684 0.000000 0.000000 130.150000 130.150000
2226.013660 -1.560000 -1.150000 1.860000 -0.160000 -0.070000 -0.040000 39.558935 0.435634 0.000000 125.330000 110.770000
2226.047255 0.220000 -2.760000 3.860000 0.070000 -0.130000 -0.010000 34.730097 -0.144214 0.000000 101.230000 106.050000
2226.081676 0.110000 -1.290000 -1.230000 0.180000 -0.040000 -0.010000 31.705791 -0.137931 0.000000 92.310000 96.920000
2226.108427 -0.020000 0.810000 -2.010000 0.020000 0.020000 0.010000 25.038912 -0.144214 0.000000 72.310000 77.130000
2226.145191 0.280000 -0.260000 -0.960000 -0.000000 0.080000 -0.130000 23.423715 -0.144214 0.000000 67.490000 72.310000
2226.182758 0.380000 -0.320000 -0.570000 -0.030000 0.070000 -0.150000 19.814653 -0.500261 0.000000 50.770000 67.490000
2226.210989 0.810000 0.050000 -1.480000 0.040000 0.050000 -0.230000 13.920188 -1.381104 0.000000 18.460000 64.620000
2226.239167 0.080000 1.360000 -3.450000 0.020000 -0.220000 -0.630000 12.923256 -1.730868 0.000000 9.640000 67.490000
2226.270689 2.020000 3.180000 -0.510000 -0.140000 0.250000 -1.110000 8.885262 -1.586654 0.000000 0.000000 53.030000
2226.300770 0.490000 2.260000 -0.910000 -0.090000 0.000000 -1.380000 6.958418 -1.519035 0.000000 -4.620000 46.150000
2226.328226 -0.740000 0.730000 -1.110000 0.000000 0.070000 -1.500000 8.077663 -1.442440 0.000000 0.000000 48.210000
2226.362618 0.290000 0.770000 1.770000 -0.050000 -0.020000 -1.860000 7.270064 -1.875082 0.000000 -9.640000 53.030000
2226.398566 -0.290000 0.070000 1.190000 0.030000 -0.000000 -2.000000 5.654867 -2.163510 0.000000 -19.280000 53.030000
2226.436130 -0.080000 0.580000 -0.300000 -0.030000 -0.020000 -2.210000 5.411917 -2.347518 0.000000 -23.080000 55.380000
2226.470815 0.150000 -0.010000 1.090000 -0.020000 0.060000 -2.460000 5.654867 -2.740366 0.000000 -28.920000 62.670000
2226.508609 -0.070000 0.240000 0.820000 0.010000 -0.010000 -2.580000 3.865416 -2.623679 0.000000 -32.310000 55.380000
2226.545387 0.080000 -0.540000 0.470000 -0.020000 -0.010000 -2.700000 4.039669 -2.740366 0.000000 -33.740000 57.850000
2226.581758 -0.990000 -0.330000 1.040000 0.020000 -0.020000 -2.840000 4.039669 -3.317223 0.000000 -43.380000 67.490000
2226.611420 -0.050000 -0.010000 0.360000 0.020000 -0.020000 -2.980000 3.230395 -3.461736 0.000000 -48.210000 67.490000
2226.639640 0.490000 0.150000 -0.180000 0.010000 0.020000 -3.060000 3.867091 -3.176300 0.000000 -41.540000 64.620000
2226.673980 0.180000 0.420000 0.290000 0.020000 -0.020000 -3.120000 3.230395 -3.750164 0.000000 -53.030000 72.310000
2226.707954 0.100000 -0.040000 -0.150000 0.050000 -0.020000 -3.330000 2.422796 -3.605950 0.000000 -53.030000 67.490000
2226.746398 -0.130000 0.290000 -0.760000 0.030000 -0.030000 -3.300000 3.867091 -3.728622 0.000000 -50.770000 73.850000
2226.781551 -0.200000 -0.430000 -0.470000 0.010000 -0.070000 -3.340000 3.093003 -3.590392 0.000000 -50.770000 69.230000
2226.809810 0.490000 0.370000 0.090000 0.040000 -0.060000 -3.240000 3.230395 -4.038592 0.000000 -57.850000 77.130000
2226.845948 -0.320000 -0.430000 -1.070000 0.020000 -0.090000 -3.260000 2.422796 -3.605950 0.000000 -53.030000 67.490000
2226.879569 0.320000 -0.130000 -0.670000 0.010000 -0.030000 -3.330000 3.093003 -3.590392 0.000000 -50.770000 69.230000
2226.909954 0.180000 -0.280000 -0.200000 -0.060000 -0.020000 -3.360000 2.422796 -3.894378 0.000000 -57.850000 72.310000
2226.937559 -0.240000 0.010000 -0.530000 0.030000 -0.050000 -3.300000 3.609062 -3.682545 0.000000 -50.770000 72.310000
2226.974673 0.290000 -0.400000 0.520000 0.010000 -0.030000 -3.380000 2.422796 -3.605950 0.000000 -53.030000 67.490000
2227.008403 -0.490000 -0.140000 0.600000 -0.030000 -0.040000 -3.270000 2.422796 -3.894378 0.000000 -57.850000 72.310000
2227.044311 0.010000 -0.290000 -0.490000 -0.010000 -0.020000 -3.390000 2.422796 -3.894378 0.000000 -57.850000 72.310000
2227.078790 0.020000 0.140000 -0.060000 0.000000 -0.000000 -3.300000 3.093003 -3.590392 0.000000 -50.770000 69.230000
2227.112018 0.380000 -0.250000 0.880000 -0.030000 -0.010000 -3.350000 1.615198 -3.750164 0.000000 -57.850000 67.490000
2227.149015 -0.050000 -0.200000 0.320000 -0.030000 0.020000 -3.330000 3.230395 -3.750164 0.000000 -53.030000 72.310000
2227.177889 0.440000 0.260000 -1.010000 -0.070000 0.100000 -3.360000 2.320590 -3.728322 0.000000 -55.380000 69.230000
2227.213403 -0.040000 -0.170000 0.130000 -0.060000 0.010000 -3.330000 3.093003 -3.590392 0.000000 -50.770000 69.230000
2227.241249 0.560000 0.310000 0.720000 -0.010000 0.020000 -3.430000 2.422796 -3.894378 0.000000 -57.850000 72.310000
2227.270614 -0.460000 -0.050000 0.100000 -0.030000 0.010000 -3.390000 1.615198 -3.750164 0.000000 -57.850000 67.490000
2227.298497 0.220000 0.140000 -0.420000 -0.030000 0.050000 -3.490000 3.094678 -3.866553 0.000000 -55.380000 73.850000
2227.336602 0.030000 0.080000 0.140000 -0.010000 0.000000 -3.410000 1.615198 -4.038592 0.000000 -62.670000 72.310000
2227.370491 0.040000 -0.070000 0.690000 -0.040000 0.030000 -3.480000 2.422796 -3.894378 0.000000 -57.850000 72.310000
2227.399025 0.410000 0.280000 -0.240000 -0.020000 0.020000 -3.420000 1.615198 -3.750164 0.000000 -57.850000 67.490000
2227.432223 0.220000 -0.070000 0.100000 -0.010000 0.010000 -3.460000 3.230395 -4.038592 0.000000 -57.850000 77.130000
2227.466409 -0.050000 -0.240000 0.650000 0.010000 0.050000 -3.370000 2.422796 -3.894378 0.000000 -57.850000 72.310000
2227.499412 0.020000 0.010000 -0.580000 -0.030000 0.060000 -3.490000 2.320590 -4.004783 0.000000 -60.000000 73.850000
2227.534783 -0.510000 -0.070000 -0.250000 -0.040000 0.040000 -3.370000 1.615198 -4.038592 0.000000 -62.670000 72.310000
2227.567737 -0.100000 0.140000 0.500000 0.010000 0.000000 -3.450000 2.422796 -3.894378 0.000000 -57.850000 72.310000
2227.604919 -0.150000 -0.370000 -0.060000 -0.020000 -0.010000 -3.390000 2.320590 -4.004783 0.000000 -60.000000 73.850000
2227.638452 0.160000 0.430000 -0.470000 -0.040000 0.040000 -3.550000 1.546501 -3.866553 0.000000 -60.000000 69.230000
2227.673167 -0.560000 -0.060000 -0.280000 -0.010000 -0.030000 -3.460000 3.230395 -4.038592 0.000000 -57.850000 77.130000
2227.703031 -0.010000 -0.350000 -0.440000 -0.020000 0.000000 -3.560000 2.422796 -3.894378 0.000000 -57.850000 72.310000
2227.732597 -0.390000 0.090000 0.360000 -0.000000 0.020000 -3.390000 2.320590 -4.004783 0.000000 -60.000000 73.850000
2227.759597 0.520000 0.130000 -0.060000 -0.040000 -0.020000 -3.470000 2.422796 -3.894378 0.000000 -57.850000 72.310000
2227.792337 -0.070000 0.190000 -0.260000 -0.020000 0.060000 -3.420000 3.230395 -4.038592 0.000000 -57.850000 77.130000
2227.821021 0.400000 0.060000 0.070000 0.000000 0.030000 -3.490000 1.615198 -3.750164 0.000000 -57.850000 67.490000
2227.850274 0.120000 -0.240000 0.200000 0.000000 -0.040000 -3.490000 2.680826 -3.940455 0.000000 -57.850000 73.850000
2227.879541 -0.240000 -0.140000 0.120000 -0.050000 0.010000 -3.540000 2.422796 -3.894378 0.000000 -57.850000 72.310000
2227.914885 -0.250000 0.110000 -0.150000 0.020000 -0.020000 -3.500000 2.320590 -4.004783 0.000000 -60.000000 73.850000
2227.947900 0.450000 -0.380000 0.780000 -0.010000 -0.030000 -3.600000 2.422796 -3.894378 0.000000 -57.850000 72.310000
2227.982925 -0.710000 -0.200000 -0.130000 -0.010000 0.010000 -3.550000 2.422796 -4.182806 0.000000 -62.670000 77.130000
2228.013276 0.250000 0.310000 -0.240000 0.040000 0.000000 -3.660000 2.320590 -3.728322 0.000000 -55.380000 69.230000
2228.043291 -0.790000 -0.140000 0.840000 -0.010000 -0.020000 -3.530000 2.320590 -4.004783 0.000000 -60.000000 73.850000
2228.071630 -0.200000 -0.060000 -0.620000 0.020000 -0.060000 -3.660000 2.422796 -3.894378 0.000000 -57.850000 72.310000
2228.100279 -0.190000 0.310000 -0.420000 0.060000 0.030000 -3.510000 3.230395 -4.038592 0.000000 -57.850000 77.130000
2228.127718 0.150000 -0.170000 0.890000 -0.030000 -0.040000 -3.640000 2.320590 -4.004783 0.000000 -60.000000 73.850000
2228.164857 -0.920000 0.350000 -0.420000 0.010000 -0.020000 -3.600000 3.230395 -4.038592 0.000000 -57.850000 77.130000
2228.200259 0.490000 0.020000 -0.330000 0.020000 0.010000 -3.700000 2.422796 -3.894378 0.000000 -57.850000 72.310000
2228.228858 -0.460000 -0.050000 0.850000 -0.010000 -0.030000 -3.630000 3.230395 -4.038592 0.000000 -57.850000 77.130000
2228.262524 0.360000 -0.440000 -0.010000 -0.020000 -0.030000 -3.640000 1.546501 -3.866553 0.000000 -60.000000 69.230000
2228.291412 -0.380000 0.230000 -0.430000 0.030000 -0.010000 -3.560000 3.230395 -4.327020 0.000000 -62.670000 81.950000
2228.320314 0.260000 -0.390000 1.110000 0.040000 -0.020000 -3.540000 1.546501 -3.866553 0.000000 -60.000000 69.230000
2228.349310 -0.090000 0.100000 0.420000 -0.020000 -0.000000 -3.540000 1.615198 -3.750164 0.000000 -57.850000 67.490000
2228.384212 0.140000 -0.380000 -0.350000 0.010000 0.030000 -3.560000 3.230395 -4.038592 0.000000 -57.850000 77.130000
2228.417885 0.250000 -0.250000 1.020000 -0.020000 -0.010000 -3.550000 1.615198 -4.038592 0.000000 -62.670000 72.310000
2228.450649 0.190000 -0.490000 -0.910000 -0.010000 -0.010000 -3.550000 3.094678 -3.866553 0.000000 -55.380000 73.850000
2228.486621 0.240000 0.530000 -0.410000 0.010000 0.000000 -3.580000 2.422796 -4.182806 0.000000 -62.670000 77.130000
2228.522056 0.190000 -0.580000 0.790000 0.010000 -0.040000 -3.510000 1.615198 -4.038592 0.000000 -62.670000 72.310000
2228.551693 -0.240000 0.210000 -0.390000 -0.000000 -0.020000 -3.500000 3.094678 -3.866553 0.000000 -55.380000 73.850000
2228.580529 0.110000 -0.300000 -0.190000 0.020000 -0.020000 -3.490000 1.546501 -3.866553 0.000000 -60.000000 69.230000
2228.607703 -0.510000 0.490000 0.470000 0.020000 -0.030000 -3.490000 3.230395 -4.038592 0.000000 -57.850000 77.130000
2228.643919 0.440000 -0.420000 0.200000 -0.010000 -0.060000 -3.550000 1.615198 -4.038592 0.000000 -62.670000 72.310000
2228.676451 -0.480000 0.730000 -0.180000 0.010000 -0.010000 -3.560000 2.320590 -4.004783 0.000000 -60.000000 73.850000
2228.713897 0.060000 -0.170000 0.240000 0.020000 0.000000 -3.460000 1.615198 -4.038592 0.000000 -62.670000 72.310000
2228.745718 -0.410000 0.370000 -0.610000 -0.000000 0.060000 -3.520000 2.870159 -4.102920 0.000000 -60.000000 77.130000
2228.782961 0.180000 -0.400000 -0.120000 -0.010000 -0.060000 -3.410000 1.615198 -3.750164 0.000000 -57.850000 67.490000
2228.812585 -0.040000 0.610000 -0.120000 0.000000 0.010000 -3.470000 3.230395 -4.038592 0.000000 -57.850000 77.130000
2228.840805 -0.020000 -0.350000 0.120000 -0.020000 -0.010000 -3.410000 2.422796 -4.182806 0.000000 -62.670000 77.130000
2228.869711 0.060000 0.350000 -0.950000 0.000000 -0.000000 -3.490000 2.320590 -3.728322 0.000000 -55.380000 69.230000
2228.904172 -0.070000 -0.770000 -0.600000 0.010000 -0.020000 -3.360000 2.422796 -3.894378 0.000000 -57.850000 72.310000
2228.937926 0.470000 -0.040000 0.710000 -0.040000 0.070000 -3.440000 2.422796 -3.894378 0.000000 -57.850000 72.310000
2228.970735 0.560000 -0.530000 0.310000 0.010000 0.050000 -3.470000 2.320590 -3.728322 0.000000 -55.380000 69.230000
2229.005560 0.230000 0.650000 -0.120000 0.020000 0.010000 -3.480000 2.320590 -3.728322 0.000000 -55.380000 69.230000
2229.037498 0.400000 -0.370000 0.280000 -0.010000 0.010000 -3.470000 3.230395 -4.038592 0.000000 -57.850000 77.130000
2229.072160 -0.090000 0.470000 -0.370000 -0.050000 0.030000 -3.510000 3.230395 -3.750164 0.000000 -53.030000 72.310000
2229.100701 0.030000 -0.430000 -0.230000 0.020000 0.030000 -3.430000 1.546501 -3.866553 0.000000 -60.000000 69.230000
2229.127238 0.350000 0.420000 0.180000 -0.010000 0.030000 -3.510000 3.230395 -4.038592 0.000000 -57.850000 77.130000
2229.163607 -0.210000 -0.050000 0.240000 -0.010000 0.000000 -3.470000 2.422796 -3.894378 0.000000 -57.850000 72.310000
2229.197574 0.110000 0.620000 -0.580000 0.010000 0.050000 -3.580000 2.422796 -3.894378 0.000000 -57.850000 72.310000
2229.230138 -0.260000 -0.110000 -0.050000 0.010000 0.020000 -3.460000 2.422796 -3.894378 0.000000 -57.850000 72.310000
2229.258552 0.190000 -0.030000 0.110000 -0.020000 0.050000 -3.570000 2.422796 -4.182806 0.000000 -62.670000 77.130000
2229.293563 -0.010000 -0.160000 -0.420000 0.010000 0.020000 -3.480000 2.320590 -3.728322 0.000000 -55.380000 69.230000
2229.328634 0.380000 -0.180000 0.110000 -0.020000 0.050000 -3.520000 3.230395 -3.750164 0.000000 -53.030000 72.310000
2229.364009 -0.130000 -0.250000 0.490000 0.000000 0.010000 -3.420000 2.422796 -3.894378 0.000000 -57.850000 72.310000
2229.400632 0.320000 0.360000 0.230000 -0.020000 0.050000 -3.560000 3.094678 -3.866553 0.000000 -55.380000 73.850000
2229.434399 -0.530000 -0.120000 -0.830000 0.010000 0.000000 -3.440000 3.094678 -3.866553 0.000000 -55.380000 73.850000
2229.467809 0.870000 0.010000 0.570000 0.010000 -0.000000 -3.550000 2.422796 -3.894378 0.000000 -57.850000 72.310000
2229.502937 -0.630000 -0.060000 0.390000 -0.010000 0.010000 -3.470000 1.615198 -4.038592 0.000000 -62.670000 72.310000
2229.530449 0.060000 0.460000 -0.810000 -0.000000 -0.020000 -3.560000 3.094678 -3.866553 0.000000 -55.380000 73.850000
2229.558502 0.310000 -0.330000 -0.210000 0.000000 0.010000 -3.470000 2.422796 -4.182806 0.000000 -62.670000 77.130000
2229.592146 0.350000 -0.030000 -0.260000 0.020000 -0.010000 -3.590000 2.422796 -3.894378 0.000000 -57.850000 72.310000
2229.619812 -0.090000 0.130000 -0.380000 0.020000 -0.030000 -3.480000 2.422796 -3.894378 0.000000 -57.850000 72.310000
2229.653461 -0.250000 0.270000 -0.680000 -0.000000 -0.040000 -3.530000 2.320590 -3.728322 0.000000 -55.380000 69.230000
2229.683218 -0.560000 -0.050000 1.090000 0.020000 -0.010000 -3.420000 3.230395 -4.038592 0.000000 -57.850000 77.130000
2229.713192 -0.180000 -0.020000 -1.080000 -0.040000 -0.020000 -3.510000 1.546501 -3.866553 0.000000 -60.000000 69.230000
2229.742816 -0.240000 -0.070000 0.490000 0.030000 -0.030000 -3.490000 2.422796 -3.894378 0.000000 -57.850000 72.310000
2229.771541 0.300000 0.290000 0.480000 -0.020000 -0.010000 -3.520000 2.422796 -4.182806 0.000000 -62.670000 77.130000
2229.800379 -0.530000 -0.090000 -0.450000 0.000000 0.010000 -3.500000 1.546501 -3.866553 0.000000 -60.000000 69.230000
2229.829332 0.860000 0.030000 -0.630000 -0.000000 -0.010000 -3.660000 1.546501 -3.866553 0.000000 -60.000000 69.230000
2229.862577 -0.580000 0.160000 0.770000 0.030000 -0.010000 -3.520000 2.422796 -4.182806 0.000000 -62.670000 77.130000
2229.890228 0.100000 -0.250000 -0.270000 -0.010000 -0.040000 -3.640000 2.422796 -4.182806 0.000000 -62.670000 77.130000
2229.919194 -0.250000 0.070000 0.410000 -0.000000 -0.010000 -3.600000 2.320590 -4.004783 0.000000 -60.000000 73.850000
2229.955192 -0.280000 -0.130000 0.640000 0.020000 -0.040000 -3.680000 2.422796 -4.182806 0.000000 -62.670000 77.130000
2229.989389 0.170000 0.550000 -0.040000 0.020000 0.020000 -3.630000 2.422796 -4.182806 0.000000 -62.670000 77.130000
2230.026794 -0.260000 -0.690000 0.510000 -0.020000 0.030000 -3.660000 2.422796 -3.894378 0.000000 -57.850000 72.310000
2230.062018 -0.140000 0.360000 0.350000 0.020000 0.000000 -3.650000 3.094678 -3.866553 0.000000 -55.380000 73.850000
2230.090504 0.320000 -0.100000 0.240000 0.010000 0.010000 -3.660000 2.422796 -4.182806 0.000000 -62.670000 77.130000
2230.119385 -0.320000 -0.280000 0.560000 -0.030000 0.010000 -3.680000 2.320590 -4.004783 0.000000 -60.000000 73.850000
2230.152922 0.510000 -0.330000 -0.190000 0.020000 0.050000 -3.710000 2.422796 -3.894378 0.000000 -57.850000 72.310000
2230.181258 0.160000 0.360000 0.070000 0.030000 -0.020000 -3.620000 2.422796 -4.182806 0.000000 -62.670000 77.130000
2230.212162 0.340000 -0.500000 -0.320000 -0.020000 0.000000 -3.610000 3.230395 -4.038592 0.000000 -57.850000 77.130000
2230.239174 -0.810000 0.700000 -0.220000 0.020000 0.020000 -3.640000 2.320590 -4.004783 0.000000 -60.000000 73.850000
2230.275720 0.290000 -0.490000 -0.210000 -0.000000 -0.030000 -3.600000 1.615198 -4.038592 0.000000 -62.670000 72.310000
2230.312493 -0.410000 0.260000 -0.600000 -0.030000 -0.020000 -3.650000 2.422796 -4.182806 0.000000 -62.670000 77.130000
2230.340502 0.040000 -0.410000 -0.270000 0.030000 -0.010000 -3.580000 2.320590 -4.004783 0.000000 -60.000000 73.850000
2230.369065 -0.160000 0.800000 0.680000 0.020000 0.060000 -3.670000 3.094678 -3.866553 0.000000 -55.380000 73.850000
2230.396704 -0.320000 -0.270000 0.060000 -0.020000 -0.030000 -3.510000 1.615198 -4.038592 0.000000 -62.670000 72.310000
2230.429511 0.420000 0.010000 -0.230000 0.030000 -0.010000 -3.640000 3.230395 -4.038592 0.000000 -57.850000 77.130000
2230.465239 -0.260000 -0.120000 -0.250000 0.010000 -0.010000 -3.520000 1.546501 -3.866553 0.000000 -60.000000 69.230000
2230.501456 0.150000 -0.170000 0.350000 -0.030000 -0.040000 -3.620000 3.230395 -4.038592 0.000000 -57.850000 77.130000
2230.528925 -0.160000 -0.200000 0.020000 0.040000 0.000000 -3.510000 3.677758 -4.247134 0.000000 -60.000000 81.950000
2230.564030 0.400000 0.050000 -0.330000 -0.000000 0.000000 -3.560000 2.422796 -3.894378 0.000000 -57.850000 72.310000
2230.599395 0.090000 -0.490000 0.650000 0.010000 0.020000 -3.460000 2.422796 -3.894378 0.000000 -57.850000 72.310000
2230.629993 0.270000 0.140000 -0.340000 -0.010000 0.000000 -3.510000 3.230395 -4.038592 0.000000 -57.850000 77.130000
2230.659243 -0.250000 -0.030000 -0.510000 0.040000 -0.030000 -3.370000 1.546501 -3.866553 0.000000 -60.000000 69.230000
2230.695673 0.820000 0.340000 -1.120000 0.010000 -0.010000 -3.470000 2.422796 -3.894378 0.000000 -57.850000 72.310000
2230.731450 -0.310000 -0.390000 0.010000 -0.000000 0.020000 -3.410000 2.422796 -3.894378 0.000000 -57.850000 72.310000
2230.764146 0.350000 0.120000 0.190000 0.000000 0.010000 -3.530000 2.320590 -3.728322 0.000000 -55.380000 69.230000
2230.796869 -0.170000 0.060000 -0.020000 -0.010000 -0.020000 -3.380000 1.546501 -3.866553 0.000000 -60.000000 69.230000
2230.834868 -0.510000 0.130000 -0.420000 -0.030000 -0.000000 -3.480000 2.422796 -3.894378 0.000000 -57.850000 72.310000
2230.870348 0.460000 0.250000 0.610000 0.010000 -0.020000 -3.390000 3.230395 -3.750164 0.000000 -53.030000 72.310000
2230.898179 0.270000 0.190000 -0.060000 -0.000000 -0.050000 -3.490000 2.320590 -3.728322 0.000000 -55.380000 69.230000
2230.930630 -0.480000 0.140000 0.480000 0.010000 -0.010000 -3.440000 1.615198 -4.038592 0.000000 -62.670000 72.310000
2230.958492 -0.610000 -0.190000 -0.430000 -0.040000 -0.030000 -3.490000 2.422796 -3.894378 0.000000 -57.850000 72.310000
2230.995687 -0.430000 0.010000 0.270000 -0.020000 0.050000 -3.450000 2.422796 -3.894378 0.000000 -57.850000 72.310000
2231.029961 0.570000 0.330000 -0.030000 -0.020000 0.000000 -3.450000 1.615198 -4.038592 0.000000 -62.670000 72.310000
2231.059340 -0.350000 0.130000 -0.740000 0.000000 0.040000 -3.380000 2.422796 -4.182806 0.000000 -62.670000 77.130000
2231.091630 0.700000 -0.140000 -0.320000 -0.010000 0.010000 -3.460000 1.546501 -3.866553 0.000000 -60.000000 69.230000
2231.118245 -0.080000 0.050000 0.340000 0.000000 0.000000 -3.420000 2.422796 -3.894378 0.000000 -57.850000 72.310000
2231.151884 0.160000 0.060000 -1.120000 -0.020000 -0.020000 -3.540000 2.422796 -3.894378 0.000000 -57.850000 72.310000
2231.187351 -0.340000 0.020000 0.400000 0.020000 0.060000 -3.430000 2.320590 -3.728322 0.000000 -55.380000 69.230000
2231.222734 0.300000 -0.230000 0.650000 0.010000 -0.020000 -3.490000 2.320590 -3.728322 0.000000 -55.380000 69.230000
2231.252005 0.040000 0.110000 -0.040000 0.000000 0.010000 -3.480000 3.230395 -4.038592 0.000000 -57.850000 77.130000
2231.280542 0.380000 0.180000 0.100000 0.030000 -0.070000 -3.520000 3.230395 -4.038592 0.000000 -57.850000 77.130000
2231.309841 -0.380000 0.020000 0.600000 0.040000 -0.030000 -3.500000 1.546501 -3.866553 0.000000 -60.000000 69.230000
2231.345235 -0.380000 -0.110000 0.310000 0.010000 -0.020000 -3.520000 3.230395 -4.038592 0.000000 -57.850000 77.130000
2231.378707 0.020000 0.370000 -0.140000 0.050000 -0.010000 -3.500000 2.422796 -4.182806 0.000000 -62.670000 77.130000
2231.413492 0.200000 0.040000 0.160000 0.050000 -0.030000 -3.580000 3.230395 -3.750164 0.000000 -53.030000 72.310000
2231.442784 -0.780000 -0.200000 1.360000 0.010000 -0.050000 -3.520000 1.873227 -4.084669 0.000000 -62.670000 73.850000
2231.479359 -0.210000 -0.340000 -0.290000 0.010000 -0.000000 -3.640000 1.615198 -4.038592 0.000000 -62.670000 72.310000
2231.509284 -0.290000 0.180000 0.240000 0.010000 -0.010000 -3.510000 3.094678 -3.866553 0.000000 -55.380000 73.850000
2231.541882 0.380000 -0.560000 0.870000 0.000000 -0.030000 -3.570000 2.422796 -3.605950 0.000000 -53.030000 67.490000
2231.569528 -0.210000 0.430000 -0.540000 0.010000 0.010000 -3.510000 2.422796 -4.182806 0.000000 -62.670000 77.130000
2231.601723 0.110000 -0.560000 -0.710000 0.070000 -0.090000 -3.500000 3.094678 -3.866553 0.000000 -55.380000 73.850000
2231.633459 0.270000 -0.060000 1.040000 0.030000 -0.040000 -3.500000 1.546501 -3.866553 0.000000 -60.000000 69.230000
2231.662449 0.040000 0.200000 -0.450000 0.000000 -0.050000 -3.540000 3.230395 -4.038592 0.000000 -57.850000 77.130000
2231.690553 -0.330000 0.140000 -0.390000 0.030000 -0.020000 -3.560000 3.230395 -4.038592 0.000000 -57.850000 77.130000
2231.727539 0.280000 -0.320000 0.220000 -0.000000 -0.000000 -3.690000 1.546501 -3.866553 0.000000 -60.000000 69.230000
2231.763771 -0.120000 0.500000 0.090000 -0.020000 -0.020000 -3.630000 2.422796 -4.182806 0.000000 -62.670000 77.130000
2231.797394 0.510000 -0.470000 -0.400000 0.010000 -0.010000 -3.670000 3.230395 -4.038592 0.000000 -57.850000 77.130000
2231.833549 0.000000 0.340000 0.170000 -0.020000 -0.040000 -3.680000 2.422796 -3.894378 0.000000 -57.850000 72.310000
2231.865070 -0.170000 -0.560000 0.020000 -0.030000 -0.020000 -3.650000 1.546501 -4.143013 0.000000 -64.620000 73.850000
2231.899164 0.170000 0.680000 0.170000 0.010000 0.020000 -3.680000 3.230395 -4.327020 0.000000 -62.670000 81.950000
2231.932703 0.060000 -0.510000 -0.260000 -0.000000 0.010000 -3.650000 2.320590 -4.004783 0.000000 -60.000000 73.850000
2231.968527 0.110000 0.660000 -0.420000 -0.010000 0.030000 -3.750000 1.615198 -4.038592 0.000000 -62.670000 72.310000
2232.004674 -0.390000 -0.490000 0.720000 0.010000 -0.000000 -3.670000 2.422796 -4.182806 0.000000 -62.670000 77.130000
2232.041195 0.090000 0.530000 -0.530000 -0.050000 0.030000 -3.820000 2.422796 -4.182806 0.000000 -62.670000 77.130000
2232.069732 -0.550000 -0.560000 -0.290000 0.020000 0.030000 -3.600000 2.320590 -4.004783 0.000000 -60.000000 73.850000
2232.102674 0.190000 0.060000 0.840000 -0.020000 -0.030000 -3.700000 3.230395 -4.327020 0.000000 -62.670000 81.950000
2232.131686 0.380000 0.140000 -0.160000 0.020000 -0.020000 -3.570000 2.422796 -4.182806 0.000000 -62.670000 77.130000
2232.159705 -0.330000 -0.100000 -0.720000 0.020000 -0.050000 -3.670000 2.320590 -4.004783 0.000000 -60.000000 73.850000
2232.193960 0.250000 0.290000 0.610000 0.030000 -0.020000 -3.600000 1.873227 -4.084669 0.000000 -62.670000 73.850000
2232.226171 0.070000 -0.090000 0.180000 0.010000 -0.040000 -3.640000 2.422796 -4.182806 0.000000 -62.670000 77.130000
2232.263509 -0.210000 0.140000 -0.410000 0.020000 -0.040000 -3.580000 2.422796 -3.894378 0.000000 -57.850000 72.310000
2232.292862 -0.140000 -0.100000 -0.610000 0.010000 -0.060000 -3.560000 2.320590 -4.004783 0.000000 -60.000000 73.850000
2232.320380 -0.020000 -0.190000 0.460000 0.050000 -0.020000 -3.530000 2.422796 -4.182806 0.000000 -62.670000 77.130000
2232.355218 0.150000 -0.250000 0.740000 0.010000 -0.020000 -3.570000 3.094678 -3.866553 0.000000 -55.380000 73.850000
2232.388681 -0.190000 0.140000 -0.120000 0.030000 -0.020000 -3.490000 2.422796 -3.894378 0.000000 -57.850000 72.310000
2232.426196 0.030000 -0.000000 0.370000 0.060000 -0.020000 -3.570000 3.230395 -4.038592 0.000000 -57.850000 77.130000
2232.459155 -0.470000 -0.420000 0.240000 -0.000000 -0.010000 -3.510000 4.037994 -4.182806 0.000000 -57.850000 81.950000
2232.496528 -0.390000 -0.410000 0.320000 0.040000 -0.000000 -3.550000 1.546501 -3.866553 0.000000 -60.000000 69.230000
2232.530148 0.280000 0.300000 0.210000 0.050000 -0.020000 -3.480000 3.230395 -4.038592 0.000000 -57.850000 77.130000
2232.558501 0.120000 -0.760000 0.730000 0.010000 -0.020000 -3.470000 2.422796 -4.182806 0.000000 -62.670000 77.130000
2232.592012 0.130000 0.160000 -0.350000 -0.010000 -0.050000 -3.480000 2.320590 -3.728322 0.000000 -55.380000 69.230000
2232.626855 -0.260000 -0.400000 0.030000 0.010000 -0.010000 -3.450000 2.320590 -3.728322 0.000000 -55.380000 69.230000
2232.663622 -0.520000 -0.150000 -0.340000 0.000000 -0.030000 -3.100000 2.422796 -3.605950 0.000000 -53.030000 67.490000
2232.702351 0.740000 -0.300000 -0.310000 -0.020000 -0.020000 -3.070000 2.422796 -3.605950 0.000000 -53.030000 67.490000
2232.731763 -0.070000 0.490000 -0.470000 0.010000 0.020000 -2.890000 2.320590 -3.176001 0.000000 -46.150000 60.000000
2232.759307 0.200000 0.070000 0.280000 0.010000 -0.020000 -2.580000 2.424472 -3.028795 0.000000 -43.380000 57.850000
2232.795824 -0.210000 -0.080000 -0.420000 0.000000 0.010000 -2.170000 2.424472 -2.451938 0.000000 -33.740000 48.210000
2232.834179 0.260000 0.440000 -0.300000 -0.010000 -0.030000 -2.050000 1.615198 -2.307425 0.000000 -33.740000 43.380000
2232.865712 0.170000 -0.030000 -0.260000 0.010000 0.000000 -2.000000 1.615198 -2.307425 0.000000 -33.740000 43.380000
2232.898495 0.000000 -0.000000 -0.030000 0.010000 0.000000 -1.700000 0.807599 -1.874783 0.000000 -28.920000 33.740000
2232.934448 0.060000 0.360000 -0.030000 0.010000 -0.010000 -1.470000 2.318914 -1.795196 0.000000 -23.080000 36.920000
2232.969067 -0.060000 0.020000 0.050000 0.010000 0.010000 -1.060000 0.807599 -0.721070 0.000000 -9.640000 14.460000
2233.002804 0.190000 -0.130000 -0.030000 -0.010000 0.010000 -0.480000 1.615198 -0.288428 0.000000 0.000000 9.640000
2233.032693 -0.030000 -0.490000 0.050000 0.000000 -0.010000 -0.010000 0.000000 -0.276460 0.000000 -4.620000 4.620000
2233.062000 -0.130000 0.320000 -0.100000 0.000000 0.010000 -0.010000 0.000000 0.000000 0.000000 0.000000 0.000000
2233.089521 0.020000 0.060000 -0.020000 0.000000 -0.010000 0.000000 0.000000 0.000000 0.000000 0.000000 0.000000
2233.124152 -0.090000 0.100000 0.070000 -0.000000 -0.000000 0.000000 0.000000 0.000000 0.000000 0.000000 0.000000
2233.159172 -0.080000 0.060000 0.010000 0.000000 -0.000000 -0.000000 0.000000 0.000000 0.000000 0.000000 0.000000
2233.192806 0.020000 0.110000 -0.070000 -0.000000 0.000000 -0.000000 0.000000 0.000000 0.000000 0.000000 0.000000
2233.221284 0.010000 0.160000 0.000000 -0.000000 -0.000000 -0.000000 0.000000 0.000000 0.000000 0.000000 0.000000
2233.249282 0.050000 0.090000 0.020000 -0.000000 -0.000000 0.000000 0.000000 0.000000 0.000000 0.000000 0.000000
2233.277301 -0.000000 0.040000 -0.050000 0.000000 0.000000 0.000000 0.000000 0.000000 0.000000 0.000000 0.000000
2233.312629 -0.050000 0.060000 0.020000 -0.000000 -0.000000 0.000000 0.000000 0.000000 0.000000 0.000000 0.000000
2233.338744 0.020000 -0.030000 0.050000 -0.000000 -0.000000 0.000000 0.000000 0.000000 0.000000 0.000000 0.000000
2233.412351 0.080000 0.020000 -0.010000 0.000000 -0.000000 -0.000000 0.000000 0.000000 0.000000 0.000000 0.000000
2233.452042 -0.010000 0.040000 -0.050000 0.000000 -0.000000 -0.000000 0.000000 0.000000 0.000000 0.000000 0.000000
2233.478417 -0.010000 -0.020000 -0.020000 -0.000000 0.000000 0.000000 0.000000 0.000000 0.000000 0.000000 0.000000
2233.510438 0.020000 -0.020000 -0.010000 0.000000 -0.000000 -0.000000 0.000000 0.000000 0.000000 0.000000 0.000000
2233.545627 0.020000 0.030000 -0.020000 -0.000000 0.000000 0.000000 0.000000 0.000000 0.000000 0.000000 0.000000
2233.577037 0.020000 0.020000 -0.000000 -0.000000 -0.000000 0.000000 0.000000 0.000000 0.000000 0.000000 0.000000
2233.608565 0.060000 0.040000 -0.040000 -0.000000 -0.000000 -0.000000 0.000000 0.000000 0.000000 0.000000 0.000000
2233.643532 -0.090000 -0.020000 0.030000 0.000000 -0.000000 0.000000 0.000000 0.000000 0.000000 0.000000 0.000000
2233.671689 -0.000000 0.050000 -0.030000 0.000000 -0.000000 -0.000000 0.000000 0.000000 0.000000 0.000000 0.000000
2233.698841 0.040000 0.050000 -0.010000 0.000000 0.000000 -0.000000 0.000000 0.000000 0.000000 0.000000 0.000000
2233.733560 0.040000 0.030000 0.010000 0.000000 0.000000 -0.000000 0.000000 0.000000 0.000000 0.000000 0.000000
2233.768734 0.010000 -0.010000 -0.010000 0.000000 -0.000000 0.000000 0.000000 0.000000 0.000000 0.000000 0.000000
2233.802486 0.050000 0.040000 0.020000 -0.000000 -0.000000 0.000000 0.000000 0.000000 0.000000 0.000000 0.000000
2233.828497 0.030000 -0.000000 0.050000 0.000000 -0.000000 0.000000 0.000000 0.000000 0.000000 0.000000 0.000000
2233.863062 -0.010000 0.030000 0.060000 -0.000000 -0.000000 -0.000000 0.000000 0.000000 0.000000 0.000000 0.000000
2233.888943 0.030000 0.060000 0.010000 0.000000 -0.000000 -0.000000 0.000000 0.000000 0.000000 0.000000 0.000000
2233.923295 0.020000 0.020000 -0.050000 -0.000000 0.000000 0.000000 0.000000 0.000000 0.000000 0.000000 0.000000
2233.950990 0.100000 -0.020000 -0.020000 0.000000 0.000000 -0.000000 0.000000 0.000000 0.000000 0.000000 0.000000
2233.979517 -0.060000 -0.000000 -0.050000 -0.000000 0.000000 -0.000000 0.000000 0.000000 0.000000 0.000000 0.000000
2234.006308 -0.020000 -0.000000 0.020000 -0.000000 0.000000 -0.000000 0.000000 0.000000 0.000000 0.000000 0.000000
2234.041344 0.030000 0.070000 0.040000 0.000000 -0.000000 0.000000 0.000000 0.000000 0.000000 0.000000 0.000000
2234.069420 0.030000 0.020000 -0.040000 -0.000000 0.000000 -0.000000 0.000000 0.000000 0.000000 0.000000 0.000000
2234.104172 0.010000 -0.010000 0.020000 -0.000000 0.000000 -0.000000 0.000000 0.000000 0.000000 0.000000 0.000000
0.000000 0.000000 0.000000 0.000000 0.000000 0.000000 0.000000 0.000000 0.000000 0.000000 0.000000 0.000000
0.000000 0.000000 0.000000 0.000000 0.000000 0.000000 0.000000 0.000000 0.000000 0.000000 0.000000 0.000000
0.000000 0.000000 0.000000 0.000000 0.000000 0.000000 0.000000 0.000000 0.000000 0.000000 0.000000 0.000000
0.000000 0.000000 0.000000 0.000000 0.000000 0.000000 0.000000 0.000000 0.000000 0.000000 0.000000 0.000000
0.000000 0.000000 0.000000 0.000000 0.000000 0.000000 0.000000 0.000000 0.000000 0.000000 0.000000 0.000000
0.000000 0.000000 0.000000 0.000000 0.000000 0.000000 0.000000 0.000000 0.000000 0.000000 0.000000 0.000000
0.000000 0.000000 0.000000 0.000000 0.000000 0.000000 0.000000 0.000000 0.000000 0.000000 0.000000 0.000000
0.000000 0.000000 0.000000 0.000000 0.000000 0.000000 0.000000 0.000000 0.000000 0.000000 0.000000 0.000000
0.000000 0.000000 0.000000 0.000000 0.000000 0.000000 0.000000 0.000000 0.000000 0.000000 0.000000 0.000000
0.000000 0.000000 0.000000 0.000000 0.000000 0.000000 0.000000 0.000000 0.000000 0.000000 0.000000 0.000000
0.000000 0.000000 0.000000 0.000000 0.000000 0.000000 0.000000 0.000000 0.000000 0.000000 0.000000 0.000000
0.000000 0.000000 0.000000 0.000000 0.000000 0.000000 0.000000 0.000000 0.000000 0.000000 0.000000 0.000000
0.000000 0.000000 0.000000 0.000000 0.000000 0.000000 0.000000 0.000000 0.000000 0.000000 0.000000 0.000000
0.000000 0.000000 0.000000 0.000000 0.000000 0.000000 0.000000 0.000000 0.000000 0.000000 0.000000 0.000000
0.000000 0.000000 0.000000 0.000000 0.000000 0.000000 0.000000 0.000000 0.000000 0.000000 0.000000 0.000000
0.000000 0.000000 0.000000 0.000000 0.000000 0.000000 0.000000 0.000000 0.000000 0.000000 0.000000 0.000000
0.000000 0.000000 0.000000 0.000000 0.000000 0.000000 0.000000 0.000000 0.000000 0.000000 0.000000 0.000000
0.000000 0.000000 0.000000 0.000000 0.000000 0.000000 0.000000 0.000000 0.000000 0.000000 0.000000 0.000000
0.000000 0.000000 0.000000 0.000000 0.000000 0.000000 0.000000 0.000000 0.000000 0.000000 0.000000 0.000000
0.000000 0.000000 0.000000 0.000000 0.000000 0.000000 0.000000 0.000000 0.000000 0.000000 0.000000 0.000000
0.000000 0.000000 0.000000 0.000000 0.000000 0.000000 0.000000 0.000000 0.000000 0.000000 0.000000 0.000000
0.000000 0.000000 0.000000 0.000000 0.000000 0.000000 0.000000 0.000000 0.000000 0.000000 0.000000 0.000000
0.000000 0.000000 0.000000 0.000000 0.000000 0.000000 0.000000 0.000000 0.000000 0.000000 0.000000 0.000000
0.000000 0.000000 0.000000 0.000000 0.000000 0.000000 0.000000 0.000000 0.000000 0.000000 0.000000 0.000000
0.000000 0.000000 0.000000 0.000000 0.000000 0.000000 0.000000 0.000000 0.000000 0.000000 0.000000 0.000000
0.000000 0.000000 0.000000 0.000000 0.000000 0.000000 0.000000 0.000000 0.000000 0.000000 0.000000 0.000000
0.000000 0.000000 0.000000 0.000000 0.000000 0.000000 0.000000 0.000000 0.000000 0.000000 0.000000 0.000000
0.000000 0.000000 0.000000 0.000000 0.000000 0.000000 0.000000 0.000000 0.000000 0.000000 0.000000 0.000000
0.000000 0.000000 0.000000 0.000000 0.000000 0.000000 0.000000 0.000000 0.000000 0.000000 0.000000 0.000000
0.000000 0.000000 0.000000 0.000000 0.000000 0.000000 0.000000 0.000000 0.000000 0.000000 0.000000 0.000000
0.000000 0.000000 0.000000 0.000000 0.000000 0.000000 0.000000 0.000000 0.000000 0.000000 0.000000 0.000000
0.000000 0.000000 0.000000 0.000000 0.000000 0.000000 0.000000 0.000000 0.000000 0.000000 0.000000 0.000000
0.000000 0.000000 0.000000 0.000000 0.000000 0.000000 0.000000 0.000000 0.000000 0.000000 0.000000 0.000000
0.000000 0.000000 0.000000 0.000000 0.000000 0.000000 0.000000 0.000000 0.000000 0.000000 0.000000 0.000000
0.000000 0.000000 0.000000 0.000000 0.000000 0.000000 0.000000 0.000000 0.000000 0.000000 0.000000 0.000000
0.000000 0.000000 0.000000 0.000000 0.000000 0.000000 0.000000 0.000000 0.000000 0.000000 0.000000 0.000000
0.000000 0.000000 0.000000 0.000000 0.000000 0.000000 0.000000 0.000000 0.000000 0.000000 0.000000 0.000000
0.000000 0.000000 0.000000 0.000000 0.000000 0.000000 0.000000 0.000000 0.000000 0.000000 0.000000 0.000000
0.000000 0.000000 0.000000 0.000000 0.000000 0.000000 0.000000 0.000000 0.000000 0.000000 0.000000 0.000000
0.000000 0.000000 0.000000 0.000000 0.000000 0.000000 0.000000 0.000000 0.000000 0.000000 0.000000 0.000000
0.000000 0.000000 0.000000 0.000000 0.000000 0.000000 0.000000 0.000000 0.000000 0.000000 0.000000 0.000000
0.000000 0.000000 0.000000 0.000000 0.000000 0.000000 0.000000 0.000000 0.000000 0.000000 0.000000 0.000000
0.000000 0.000000 0.000000 0.000000 0.000000 0.000000 0.000000 0.000000 0.000000 0.000000 0.000000 0.000000
0.000000 0.000000 0.000000 0.000000 0.000000 0.000000 0.000000 0.000000 0.000000 0.000000 0.000000 0.000000
0.000000 0.000000 0.000000 0.000000 0.000000 0.000000 0.000000 0.000000 0.000000 0.000000 0.000000 0.000000
0.000000 0.000000 0.000000 0.000000 0.000000 0.000000 0.000000 0.000000 0.000000 0.000000 0.000000 0.000000
0.000000 0.000000 0.000000 0.000000 0.000000 0.000000 0.000000 0.000000 0.000000 0.000000 0.000000 0.000000
0.000000 0.000000 0.000000 0.000000 0.000000 0.000000 0.000000 0.000000 0.000000 0.000000 0.000000 0.000000
0.000000 0.000000 0.000000 0.000000 0.000000 0.000000 0.000000 0.000000 0.000000 0.000000 0.000000 0.000000
0.000000 0.000000 0.000000 0.000000 0.000000 0.000000 0.000000 0.000000 0.000000 0.000000 0.000000 0.000000
0.000000 0.000000 0.000000 0.000000 0.000000 0.000000 0.000000 0.000000 0.000000 0.000000 0.000000 0.000000
0.000000 0.000000 0.000000 0.000000 0.000000 0.000000 0.000000 0.000000 0.000000 0.000000 0.000000 0.000000
0.000000 0.000000 0.000000 0.000000 0.000000 0.000000 0.000000 0.000000 0.000000 0.000000 0.000000 0.000000
0.000000 0.000000 0.000000 0.000000 0.000000 0.000000 0.000000 0.000000 0.000000 0.000000 0.000000 0.000000
0.000000 0.000000 0.000000 0.000000 0.000000 0.000000 0.000000 0.000000 0.000000 0.000000 0.000000 0.000000
0.000000 0.000000 0.000000 0.000000 0.000000 0.000000 0.000000 0.000000 0.000000 0.000000 0.000000 0.000000
0.000000 0.000000 0.000000 0.000000 0.000000 0.000000 0.000000 0.000000 0.000000 0.000000 0.000000 0.000000
0.000000 0.000000 0.000000 0.000000 0.000000 0.000000 0.000000 0.000000 0.000000 0.000000 0.000000 0.000000
0.000000 0.000000 0.000000 0.000000 0.000000 0.000000 0.000000 0.000000 0.000000 0.000000 0.000000 0.000000
0.000000 0.000000 0.000000 0.000000 0.000000 0.000000 0.000000 0.000000 0.000000 0.000000 0.000000 0.000000
0.000000 0.000000 0.000000 0.000000 0.000000 0.000000 0.000000 0.000000 0.000000 0.000000 0.000000 0.000000
0.000000 0.000000 0.000000 0.000000 0.000000 0.000000 0.000000 0.000000 0.000000 0.000000 0.000000 0.000000
0.000000 0.000000 0.000000 0.000000 0.000000 0.000000 0.000000 0.000000 0.000000 0.000000 0.000000 0.000000
0.000000 0.000000 0.000000 0.000000 0.000000 0.000000 0.000000 0.000000 0.000000 0.000000 0.000000 0.000000
0.000000 0.000000 0.000000 0.000000 0.000000 0.000000 0.000000 0.000000 0.000000 0.000000 0.000000 0.000000
0.000000 0.000000 0.000000 0.000000 0.000000 0.000000 0.000000 0.000000 0.000000 0.000000 0.000000 0.000000
0.000000 0.000000 0.000000 0.000000 0.000000 0.000000 0.000000 0.000000 0.000000 0.000000 0.000000 0.000000
0.000000 0.000000 0.000000 0.000000 0.000000 0.000000 0.000000 0.000000 0.000000 0.000000 0.000000 0.000000
0.000000 0.000000 0.000000 0.000000 0.000000 0.000000 0.000000 0.000000 0.000000 0.000000 0.000000 0.000000
0.000000 0.000000 0.000000 0.000000 0.000000 0.000000 0.000000 0.000000 0.000000 0.000000 0.000000 0.000000
0.000000 0.000000 0.000000 0.000000 0.000000 0.000000 0.000000 0.000000 0.000000 0.000000 0.000000 0.000000
0.000000 0.000000 0.000000 0.000000 0.000000 0.000000 0.000000 0.000000 0.000000 0.000000 0.000000 0.000000
0.000000 0.000000 0.000000 0.000000 0.000000 0.000000 0.000000 0.000000 0.000000 0.000000 0.000000 0.000000
0.000000 0.000000 0.000000 0.000000 0.000000 0.000000 0.000000 0.000000 0.000000 0.000000 0.000000 0.000000
0.000000 0.000000 0.000000 0.000000 0.000000 0.000000 0.000000 0.000000 0.000000 0.000000 0.000000 0.000000
0.000000 0.000000 0.000000 0.000000 0.000000 0.000000 0.000000 0.000000 0.000000 0.000000 0.000000 0.000000
0.000000 0.000000 0.000000 0.000000 0.000000 0.000000 0.000000 0.000000 0.000000 0.000000 0.000000 0.000000
0.000000 0.000000 0.000000 0.000000 0.000000 0.000000 0.000000 0.000000 0.000000 0.000000 0.000000 0.000000
0.000000 0.000000 0.000000 0.000000 0.000000 0.000000 0.000000 0.000000 0.000000 0.000000 0.000000 0.000000
0.000000 0.000000 0.000000 0.000000 0.000000 0.000000 0.000000 0.000000 0.000000 0.000000 0.000000 0.000000
0.000000 0.000000 0.000000 0.000000 0.000000 0.000000 0.000000 0.000000 0.000000 0.000000 0.000000 0.000000
0.000000 0.000000 0.000000 0.000000 0.000000 0.000000 0.000000 0.000000 0.000000 0.000000 0.000000 0.000000
0.000000 0.000000 0.000000 0.000000 0.000000 0.000000 0.000000 0.000000 0.000000 0.000000 0.000000 0.000000
0.000000 0.000000 0.000000 0.000000 0.000000 0.000000 0.000000 0.000000 0.000000 0.000000 0.000000 0.000000
0.000000 0.000000 0.000000 0.000000 0.000000 0.000000 0.000000 0.000000 0.000000 0.000000 0.000000 0.000000
0.000000 0.000000 0.000000 0.000000 0.000000 0.000000 0.000000 0.000000 0.000000 0.000000 0.000000 0.000000
0.000000 0.000000 0.000000 0.000000 0.000000 0.000000 0.000000 0.000000 0.000000 0.000000 0.000000 0.000000
0.000000 0.000000 0.000000 0.000000 0.000000 0.000000 0.000000 0.000000 0.000000 0.000000 0.000000 0.000000
0.000000 0.000000 0.000000 0.000000 0.000000 0.000000 0.000000 0.000000 0.000000 0.000000 0.000000 0.000000
0.000000 0.000000 0.000000 0.000000 0.000000 0.000000 0.000000 0.000000 0.000000 0.000000 0.000000 0.000000
