1236.385955 0.050000 -0.040000 -9.890000 0.000000 -0.000000 0.000000 0.000000 0.000000 0.000000 0.000000 0.000000
1236.429427 0.080000 -0.000000 -8.770000 -0.000000 -0.000000 0.000000 0.000000 0.000000 0.000000 0.000000 0.000000
1236.457462 0.060000 0.000000 -7.800000 -0.000000 -0.000000 0.000000 0.000000 0.000000 0.000000 0.000000 0.000000
1236.494181 0.110000 0.010000 -6.630000 0.000000 -0.000000 -0.000000 0.000000 0.000000 0.000000 0.000000 0.000000
1236.527735 0.060000 -0.010000 -5.610000 0.000000 0.000000 0.010000 1.615198 0.000000 0.000000 4.820000 4.820000
1236.565724 0.010000 -0.040000 -4.430000 0.000000 -0.000000 -0.000000 4.845593 0.000000 0.000000 14.460000 14.460000
1236.601313 -0.800000 1.660000 -3.130000 0.040000 0.000000 -0.060000 10.053096 -0.138230 0.000000 27.690000 32.310000
1236.628673 -0.460000 1.890000 -0.910000 0.050000 -0.200000 -0.150000 8.883586 0.432642 0.000000 33.740000 19.280000
1236.666440 0.590000 -0.640000 -2.630000 -0.090000 -0.000000 -0.080000 9.279008 0.000000 0.000000 27.690000 27.690000
1236.701693 -1.020000 1.290000 -0.620000 0.090000 0.090000 -0.080000 13.729179 -0.144214 0.000000 38.560000 43.380000
1236.729903 0.420000 -0.790000 0.390000 0.040000 0.020000 0.000000 15.346052 -0.144513 0.000000 43.380000 48.210000
1236.765629 0.430000 0.110000 -0.910000 -0.000000 0.030000 -0.010000 18.199456 -0.211833 0.000000 50.770000 57.850000
1236.799807 -0.160000 -1.070000 1.170000 0.090000 -0.050000 0.010000 18.558016 0.000000 0.000000 55.380000 55.380000
1236.832920 0.040000 -0.670000 1.170000 -0.040000 -0.070000 -0.010000 21.000919 0.000000 0.000000 62.670000 62.670000
1236.861725 0.730000 -0.300000 -1.110000 0.010000 -0.020000 0.030000 22.616116 0.000000 0.000000 67.490000 67.490000
1236.890623 0.390000 -1.390000 0.890000 0.160000 -0.100000 -0.080000 23.199196 0.000000 0.000000 69.230000 69.230000
1236.918630 0.260000 -0.280000 0.140000 0.060000 0.020000 0.100000 24.231314 0.000000 0.000000 72.310000 72.310000
1236.950851 0.360000 -0.930000 1.150000 -0.000000 -0.080000 -0.080000 25.038912 0.144214 0.000000 77.130000 72.310000
1236.980178 -0.310000 -0.390000 -0.030000 0.010000 -0.010000 0.030000 24.231314 0.000000 0.000000 72.310000 72.310000
1237.009152 -0.030000 0.540000 -0.630000 -0.010000 0.010000 -0.080000 24.747373 0.000000 0.000000 73.850000 73.850000
1237.038376 0.060000 0.340000 -0.200000 -0.210000 0.060000 0.050000 27.461709 0.000000 0.000000 81.950000 81.950000
1237.076398 0.940000 0.770000 -0.230000 -0.040000 -0.050000 -0.020000 26.292198 0.000000 0.000000 78.460000 78.460000
1237.113289 0.120000 -0.620000 -0.150000 0.200000 0.050000 0.000000 26.654110 -0.144214 0.000000 77.130000 81.950000
1237.146936 0.190000 0.010000 -0.300000 0.050000 0.030000 0.060000 28.269307 0.144214 0.000000 86.770000 81.950000
1237.180620 -0.480000 0.550000 -0.120000 0.040000 0.050000 -0.080000 28.269307 0.144214 0.000000 86.770000 81.950000
1237.217789 -0.110000 0.060000 -1.010000 0.110000 0.030000 0.040000 27.066287 -0.138230 0.000000 78.460000 83.080000
1237.253723 0.530000 0.990000 0.250000 0.120000 -0.010000 -0.020000 29.076906 0.000000 0.000000 86.770000 86.770000
1237.285245 -0.040000 -0.620000 0.760000 0.010000 0.050000 0.030000 29.076906 0.000000 0.000000 86.770000 86.770000
1237.321092 0.340000 0.010000 -0.010000 -0.040000 0.040000 -0.030000 27.066287 0.138230 0.000000 83.080000 78.460000
1237.349641 -0.420000 0.020000 1.670000 -0.160000 -0.070000 0.060000 27.840375 0.000000 0.000000 83.080000 83.080000
1237.386357 -0.000000 0.320000 -2.540000 -0.030000 -0.090000 0.080000 28.269307 0.144214 0.000000 86.770000 81.950000
1237.419366 -0.640000 -0.120000 -0.460000 0.150000 0.160000 -0.110000 27.461709 0.000000 0.000000 81.950000 81.950000
1237.456854 -0.690000 -0.100000 1.820000 -0.100000 0.040000 0.060000 27.840375 0.000000 0.000000 83.080000 83.080000
1237.490098 -0.420000 0.100000 -1.120000 -0.220000 0.080000 -0.040000 28.269307 -0.144214 0.000000 81.950000 86.770000
1237.519883 0.070000 0.560000 -1.450000 0.050000 -0.100000 -0.010000 27.651042 0.033810 0.000000 83.080000 81.950000
1237.557150 0.540000 -0.500000 -0.390000 0.190000 -0.010000 0.050000 27.461709 0.000000 0.000000 81.950000 81.950000
1237.592816 -1.060000 -0.040000 2.290000 -0.010000 -0.020000 -0.040000 29.076906 0.000000 0.000000 86.770000 86.770000
1237.622826 -0.330000 -1.310000 0.000000 -0.070000 0.040000 0.030000 29.076906 0.000000 0.000000 86.770000 86.770000
1237.650206 0.340000 -0.750000 -2.370000 0.200000 0.020000 -0.080000 27.066287 -0.138230 0.000000 78.460000 83.080000
1237.680407 0.220000 -0.060000 1.480000 0.100000 0.060000 0.080000 29.076906 0.000000 0.000000 86.770000 86.770000
1237.709332 0.730000 -0.690000 1.670000 0.030000 -0.040000 -0.070000 28.269307 0.144214 0.000000 86.770000 81.950000
1237.745139 -0.460000 -0.500000 0.130000 -0.100000 0.020000 0.020000 27.840375 0.000000 0.000000 83.080000 83.080000
1237.777617 0.100000 0.970000 -1.170000 -0.030000 0.010000 0.150000 28.612788 -0.137931 0.000000 83.080000 87.690000
1237.813682 0.200000 -0.050000 1.270000 0.120000 0.140000 -0.160000 29.076906 0.000000 0.000000 86.770000 86.770000
1237.846033 0.160000 0.730000 0.870000 -0.040000 0.010000 0.050000 27.461709 0.000000 0.000000 81.950000 81.950000
1237.882471 0.570000 0.280000 -1.900000 -0.080000 0.060000 -0.030000 27.840375 0.000000 0.000000 83.080000 83.080000
1237.912360 -0.460000 0.060000 -1.510000 0.090000 -0.030000 0.000000 29.076906 0.000000 0.000000 86.770000 86.770000
1237.940319 0.400000 0.000000 0.770000 0.070000 -0.040000 0.050000 29.884505 0.144214 0.000000 91.590000 86.770000
1237.969204 -0.670000 -0.070000 1.310000 -0.060000 0.070000 -0.050000 28.269307 -0.144214 0.000000 81.950000 86.770000
1238.003262 0.270000 0.930000 0.310000 -0.150000 -0.000000 0.020000 29.076906 0.000000 0.000000 86.770000 86.770000
1238.037602 0.510000 -0.290000 -0.110000 0.070000 0.150000 -0.040000 29.884505 0.144214 0.000000 91.590000 86.770000
1238.071754 -0.590000 -0.770000 1.450000 -0.010000 -0.050000 0.050000 28.612788 -0.137931 0.000000 83.080000 87.690000
1238.101700 -0.500000 0.060000 -1.570000 -0.210000 0.060000 0.020000 27.461709 0.000000 0.000000 81.950000 81.950000
1238.130105 0.690000 0.850000 0.020000 0.010000 -0.060000 -0.090000 28.269307 0.144214 0.000000 86.770000 81.950000
1238.158335 0.100000 -0.070000 -0.420000 0.170000 0.030000 0.080000 27.840375 0.000000 0.000000 83.080000 83.080000
1238.195376 -0.100000 -0.340000 1.460000 -0.020000 0.010000 -0.080000 27.066287 0.138230 0.000000 83.080000 78.460000
1238.229910 -0.630000 -0.480000 -1.100000 -0.110000 0.070000 -0.010000 29.076906 0.000000 0.000000 86.770000 86.770000
1238.262194 0.470000 0.490000 -2.700000 0.170000 -0.060000 0.010000 29.884505 -0.144214 0.000000 86.770000 91.590000
1238.292254 -0.130000 -0.140000 0.120000 0.120000 0.080000 -0.020000 27.840375 0.000000 0.000000 83.080000 83.080000
1238.320596 -0.300000 -0.140000 1.260000 -0.020000 -0.070000 0.060000 29.076906 0.000000 0.000000 86.770000 86.770000
1238.350926 -0.430000 -0.110000 0.690000 -0.130000 0.010000 -0.050000 29.076906 0.000000 0.000000 86.770000 86.770000
1238.378747 0.020000 0.740000 -1.250000 -0.150000 0.030000 0.160000 27.461709 0.000000 0.000000 81.950000 81.950000
1238.413371 0.520000 0.100000 1.120000 0.050000 0.140000 -0.040000 27.840375 0.000000 0.000000 83.080000 83.080000
1238.448037 -0.440000 -0.400000 2.010000 -0.010000 -0.020000 0.010000 28.269307 -0.144214 0.000000 81.950000 86.770000
1238.484243 0.560000 0.220000 -2.110000 -0.050000 -0.060000 0.040000 27.840375 0.000000 0.000000 83.080000 83.080000
1238.519829 -0.470000 -0.000000 -1.210000 0.060000 -0.050000 -0.070000 27.461709 0.000000 0.000000 81.950000 81.950000
1238.550981 0.110000 -0.190000 0.390000 0.110000 0.030000 0.080000 29.076906 0.000000 0.000000 86.770000 86.770000
1238.580782 -0.300000 -0.200000 1.980000 -0.010000 0.060000 -0.110000 27.840375 0.000000 0.000000 83.080000 83.080000
1238.609775 -0.980000 -0.710000 -1.550000 -0.270000 0.060000 0.010000 27.840375 0.000000 0.000000 83.080000 83.080000
1238.639372 0.360000 -0.330000 -1.650000 0.060000 0.080000 -0.030000 28.269307 -0.144214 0.000000 81.950000 86.770000
1238.668249 -0.520000 0.350000 2.240000 0.100000 -0.110000 -0.000000 29.076906 0.000000 0.000000 86.770000 86.770000
1238.704423 0.040000 0.340000 0.780000 -0.110000 -0.040000 0.060000 27.840375 0.000000 0.000000 83.080000 83.080000
1238.736503 0.190000 -0.060000 0.520000 -0.150000 0.010000 -0.120000 29.076906 -0.288428 0.000000 81.950000 91.590000
1238.771116 0.320000 0.120000 -0.630000 0.120000 0.080000 0.030000 29.076906 0.000000 0.000000 86.770000 86.770000
1238.797741 0.800000 0.160000 -0.470000 0.060000 0.020000 0.050000 27.461709 0.000000 0.000000 81.950000 81.950000
1238.834730 -0.490000 0.640000 0.890000 0.020000 0.020000 -0.050000 28.612788 -0.137931 0.000000 83.080000 87.690000
1238.872073 0.970000 0.020000 -1.500000 0.190000 -0.010000 0.040000 29.076906 0.000000 0.000000 86.770000 86.770000
1238.904717 0.100000 -0.170000 -0.340000 0.200000 0.010000 0.020000 27.840375 0.000000 0.000000 83.080000 83.080000
1238.939719 -0.580000 -0.140000 1.700000 0.040000 -0.100000 -0.010000 27.461709 0.000000 0.000000 81.950000 81.950000
1238.968702 0.320000 -0.260000 -0.320000 -0.110000 0.040000 -0.000000 28.269307 -0.144214 0.000000 81.950000 86.770000
1239.003085 -0.940000 0.710000 -0.600000 -0.180000 0.000000 0.020000 29.884505 0.144214 0.000000 91.590000 86.770000
1239.032018 0.300000 0.070000 -1.940000 0.070000 0.070000 0.060000 27.066287 0.138230 0.000000 83.080000 78.460000
1239.061832 -0.480000 -0.350000 1.860000 -0.000000 -0.050000 -0.010000 29.076906 0.000000 0.000000 86.770000 86.770000
1239.089054 -0.050000 0.130000 -0.370000 -0.100000 -0.020000 0.070000 29.884505 -0.144214 0.000000 86.770000 91.590000
1239.122789 0.260000 0.740000 0.370000 -0.130000 -0.000000 -0.080000 27.840375 0.000000 0.000000 83.080000 83.080000
1239.152014 -0.420000 -0.340000 -0.940000 0.080000 0.030000 0.010000 27.066287 -0.138230 0.000000 78.460000 83.080000
1239.179920 0.590000 -0.660000 0.380000 0.150000 0.040000 0.050000 29.076906 0.000000 0.000000 86.770000 86.770000
1239.214168 -0.690000 0.520000 0.800000 -0.140000 -0.010000 -0.030000 28.269307 0.144214 0.000000 86.770000 81.950000
1239.250223 0.260000 0.010000 -1.350000 0.060000 -0.160000 0.010000 27.066287 0.138230 0.000000 83.080000 78.460000
1239.276510 0.600000 0.300000 1.190000 0.150000 0.010000 -0.050000 29.884505 -0.144214 0.000000 86.770000 91.590000
1239.315265 -0.320000 -0.440000 1.610000 -0.050000 -0.040000 0.090000 28.458641 -0.110405 0.000000 83.080000 86.770000
1239.350100 0.010000 -0.730000 -1.030000 -0.100000 0.040000 -0.050000 27.461709 0.000000 0.000000 81.950000 81.950000
1239.378102 -0.010000 -0.280000 -1.880000 0.060000 -0.040000 0.020000 29.076906 0.000000 0.000000 86.770000 86.770000
1239.413094 0.630000 0.140000 0.530000 0.120000 -0.010000 0.080000 29.076906 0.000000 0.000000 86.770000 86.770000
1239.447642 -0.130000 -0.690000 2.560000 -0.040000 -0.070000 -0.070000 27.066287 0.138230 0.000000 83.080000 78.460000
1239.485281 -0.540000 -0.810000 -0.200000 -0.000000 -0.050000 0.100000 28.269307 0.144214 0.000000 86.770000 81.950000
1239.518048 0.860000 0.930000 0.590000 0.040000 0.030000 -0.000000 29.076906 0.000000 0.000000 86.770000 86.770000
1239.554090 0.030000 0.440000 -0.270000 0.070000 0.140000 -0.030000 27.066287 -0.138230 0.000000 78.460000 83.080000
1239.588466 -0.340000 -0.270000 -0.760000 0.010000 -0.170000 0.060000 27.840375 0.000000 0.000000 83.080000 83.080000
1239.624619 -0.010000 0.370000 0.310000 -0.130000 0.000000 0.010000 29.076906 0.000000 0.000000 86.770000 86.770000
1239.659265 1.420000 1.580000 -0.580000 -0.060000 -0.110000 0.040000 25.846511 0.288428 0.000000 81.950000 72.310000
1239.695108 -0.480000 -0.200000 -0.600000 0.060000 0.130000 -0.050000 22.425107 0.690552 0.000000 78.460000 55.380000
1239.729244 0.630000 -1.440000 1.240000 0.010000 -0.170000 0.160000 20.191644 1.009798 0.000000 77.130000 43.380000
1239.764186 0.070000 -0.350000 -1.290000 0.060000 -0.060000 0.410000 18.576447 1.298226 0.000000 77.130000 33.740000
1239.799418 -1.090000 -0.640000 -2.290000 -0.060000 -0.140000 0.630000 14.538453 1.154012 0.000000 62.670000 24.100000
1239.833454 -1.480000 -0.380000 2.070000 -0.020000 -0.030000 0.760000 13.730854 1.298226 0.000000 62.670000 19.280000
1239.868954 1.260000 -1.310000 -0.380000 0.150000 0.100000 0.870000 9.692861 1.442440 0.000000 53.030000 4.820000
1239.904514 -1.040000 -0.070000 -1.710000 0.000000 -0.010000 1.010000 8.506595 1.519035 0.000000 50.770000 0.000000
1239.937474 -1.380000 1.460000 -1.230000 -0.020000 0.030000 1.240000 6.460790 1.153713 0.000000 38.560000 0.000000
1239.970692 -0.500000 0.570000 0.730000 0.010000 0.030000 1.180000 7.268389 1.297927 0.000000 43.380000 0.000000
1239.997142 0.770000 1.110000 -0.230000 0.010000 0.020000 1.120000 6.960094 1.242874 0.000000 41.540000 0.000000
1240.029331 0.750000 0.610000 0.760000 0.040000 0.020000 0.990000 6.960094 1.242874 0.000000 41.540000 0.000000
1240.055934 0.720000 0.820000 0.920000 -0.000000 -0.020000 1.030000 6.460790 1.153713 0.000000 38.560000 0.000000
1240.089977 0.530000 0.410000 0.060000 0.050000 0.000000 0.910000 6.460790 1.153713 0.000000 38.560000 0.000000
1240.117713 0.090000 0.060000 0.290000 0.040000 0.020000 0.960000 5.413592 0.966713 0.000000 32.310000 0.000000
1240.153274 0.230000 0.130000 0.390000 -0.030000 -0.030000 0.930000 5.653191 1.009498 0.000000 33.740000 0.000000
1240.183235 0.510000 -0.120000 0.720000 0.000000 0.020000 1.030000 5.653191 1.297927 0.000000 38.560000 -4.820000
1240.214042 -0.130000 -0.770000 -0.490000 0.020000 -0.000000 1.310000 4.845593 1.153713 0.000000 33.740000 -4.820000
1240.249385 0.520000 -0.090000 0.740000 -0.010000 -0.020000 1.490000 3.230395 1.442141 0.000000 33.740000 -14.460000
1240.278707 -0.070000 -0.290000 -0.570000 -0.010000 -0.020000 1.530000 3.230395 1.730569 0.000000 38.560000 -19.280000
1240.315160 -0.540000 -0.110000 -0.170000 0.030000 0.000000 1.720000 2.318914 1.795196 0.000000 36.920000 -23.080000
1240.347966 0.050000 0.020000 -0.070000 -0.020000 -0.010000 1.800000 2.422796 1.874783 0.000000 38.560000 -24.100000
1240.383394 0.190000 0.080000 0.020000 -0.010000 -0.010000 1.810000 1.615198 2.018997 0.000000 38.560000 -28.920000
1240.417711 -0.030000 0.360000 0.340000 0.010000 0.000000 1.840000 1.546501 1.933127 0.000000 36.920000 -27.690000
1240.451855 0.020000 0.050000 -0.180000 0.000000 0.010000 1.840000 1.546501 1.933127 0.000000 36.920000 -27.690000
1240.479962 -0.050000 0.380000 0.270000 0.010000 -0.010000 1.860000 0.807599 2.163211 0.000000 38.560000 -33.740000
1240.516236 0.030000 -0.250000 -0.460000 -0.010000 -0.000000 1.870000 1.615198 2.018997 0.000000 38.560000 -28.920000
1240.553005 -0.350000 -0.120000 -0.380000 -0.010000 -0.010000 1.910000 1.546501 1.933127 0.000000 36.920000 -27.690000
1240.587437 0.040000 0.040000 0.260000 -0.010000 -0.000000 1.900000 1.615198 2.307425 0.000000 43.380000 -33.740000
1240.623038 -0.350000 -0.080000 0.330000 0.020000 0.050000 1.920000 1.615198 2.018997 0.000000 38.560000 -28.920000
1240.652258 0.140000 -0.040000 -0.260000 -0.010000 0.000000 1.900000 0.807599 2.163211 0.000000 38.560000 -33.740000
1240.681126 0.350000 -0.020000 0.070000 -0.000000 0.030000 1.920000 2.320590 2.071357 0.000000 41.540000 -27.690000
1240.709513 0.100000 0.060000 0.390000 -0.000000 -0.020000 1.910000 0.807599 2.163211 0.000000 38.560000 -33.740000
1240.745657 -0.230000 -0.350000 -0.090000 0.010000 0.000000 1.920000 1.546501 1.933127 0.000000 36.920000 -27.690000
1240.777294 0.130000 0.070000 -0.170000 0.000000 -0.010000 1.900000 0.807599 2.163211 0.000000 38.560000 -33.740000
1240.813067 -0.110000 -0.110000 -0.240000 -0.010000 -0.010000 1.920000 1.615198 2.018997 0.000000 38.560000 -28.920000
1240.842309 -0.260000 0.710000 -0.420000 -0.000000 -0.020000 1.990000 0.807599 2.163211 0.000000 38.560000 -33.740000
1240.870133 -0.390000 -0.520000 0.020000 0.010000 0.010000 1.980000 1.546501 2.209587 0.000000 41.540000 -32.310000
1240.897217 -0.200000 0.310000 0.100000 -0.000000 0.030000 1.970000 1.615198 2.307425 0.000000 43.380000 -33.740000
1240.933594 -0.030000 -0.290000 -0.140000 -0.000000 0.010000 1.950000 0.807599 2.163211 0.000000 38.560000 -33.740000
1240.966788 -0.270000 0.270000 0.220000 0.010000 0.020000 1.990000 1.546501 2.209587 0.000000 41.540000 -32.310000
1241.003009 0.420000 -0.180000 0.280000 0.020000 0.020000 1.950000 1.047198 2.120425 0.000000 38.560000 -32.310000
1241.031829 0.430000 -0.320000 -0.320000 -0.010000 0.020000 1.930000 0.807599 2.163211 0.000000 38.560000 -33.740000
1241.060100 -0.000000 0.350000 0.500000 0.010000 -0.010000 1.910000 1.615198 2.018997 0.000000 38.560000 -28.920000
1241.087491 -0.080000 -0.160000 0.200000 -0.020000 -0.000000 1.950000 0.772413 2.071357 0.000000 36.920000 -32.310000
1241.124353 -0.030000 -0.070000 0.290000 -0.020000 -0.030000 1.900000 2.422796 2.163211 0.000000 43.380000 -28.920000
1241.159405 0.080000 0.060000 0.120000 0.010000 0.030000 1.890000 1.546501 2.209587 0.000000 41.540000 -32.310000
1241.186882 -0.210000 -0.020000 -0.640000 0.030000 0.020000 1.910000 1.615198 2.018997 0.000000 38.560000 -28.920000
1241.220979 -0.010000 -0.330000 -0.070000 -0.010000 0.020000 1.880000 1.615198 2.018997 0.000000 38.560000 -28.920000
1241.248181 -0.350000 0.100000 -0.210000 -0.000000 0.010000 1.920000 1.615198 2.018997 0.000000 38.560000 -28.920000
1241.286060 0.260000 0.090000 -0.270000 0.010000 -0.000000 1.910000 1.546501 2.209587 0.000000 41.540000 -32.310000
1241.319369 -0.110000 -0.220000 0.020000 -0.000000 0.020000 1.880000 1.615198 2.018997 0.000000 38.560000 -28.920000
1241.348342 0.280000 0.020000 0.270000 0.000000 0.020000 1.810000 0.807599 2.163211 0.000000 38.560000 -33.740000
1241.385187 -0.100000 -0.030000 -0.130000 0.000000 0.000000 1.800000 1.546501 1.933127 0.000000 36.920000 -27.690000
1241.419066 -0.090000 0.080000 0.140000 0.010000 0.030000 1.860000 2.320590 2.071357 0.000000 41.540000 -27.690000
1241.453222 0.230000 -0.520000 0.190000 -0.000000 0.000000 1.770000 0.807599 1.874783 0.000000 33.740000 -28.920000
1241.489449 -0.010000 0.280000 -0.150000 -0.000000 0.000000 1.780000 1.615198 2.018997 0.000000 38.560000 -28.920000
1241.525821 0.030000 0.180000 0.210000 0.010000 0.040000 1.770000 1.546501 1.933127 0.000000 36.920000 -27.690000
1241.562117 0.050000 0.250000 -0.050000 -0.010000 0.000000 1.810000 0.807599 2.163211 0.000000 38.560000 -33.740000
1241.591176 0.290000 -0.120000 -0.220000 0.020000 0.000000 1.770000 1.615198 2.018997 0.000000 38.560000 -28.920000
1241.618451 0.070000 -0.010000 0.040000 -0.000000 0.010000 1.760000 1.615198 1.730569 0.000000 33.740000 -24.100000
1241.653182 -0.080000 0.030000 -0.170000 -0.000000 -0.010000 1.750000 0.807599 2.163211 0.000000 38.560000 -33.740000
1241.684124 -0.700000 0.230000 -0.940000 0.010000 0.020000 1.780000 0.807599 1.874783 0.000000 33.740000 -28.920000
1241.719530 -0.360000 -0.070000 0.370000 0.000000 0.010000 1.790000 1.546501 1.933127 0.000000 36.920000 -27.690000
1241.748333 0.010000 0.180000 -0.400000 -0.020000 -0.000000 1.770000 1.615198 2.018997 0.000000 38.560000 -28.920000
1241.781821 -0.140000 0.050000 0.250000 0.010000 0.000000 1.790000 0.807599 1.874783 0.000000 33.740000 -28.920000
1241.811915 0.100000 -0.260000 0.270000 -0.010000 0.010000 1.790000 1.546501 1.933127 0.000000 36.920000 -27.690000
1241.839777 0.060000 -0.160000 0.170000 -0.010000 -0.010000 1.740000 1.546501 1.933127 0.000000 36.920000 -27.690000
1241.875245 -0.600000 -0.250000 0.010000 -0.030000 0.010000 1.820000 1.615198 2.018997 0.000000 38.560000 -28.920000
1241.908737 -0.110000 -0.150000 0.370000 -0.000000 -0.010000 1.870000 1.615198 2.018997 0.000000 38.560000 -28.920000
1241.944787 0.390000 0.080000 0.090000 -0.020000 -0.010000 1.840000 1.546501 1.933127 0.000000 36.920000 -27.690000
1241.977198 0.450000 0.030000 0.120000 0.020000 0.000000 1.760000 1.615198 2.018997 0.000000 38.560000 -28.920000
1242.009819 0.440000 0.050000 0.030000 -0.010000 -0.020000 1.710000 1.615198 2.018997 0.000000 38.560000 -28.920000
1242.040094 -0.510000 0.050000 0.100000 -0.010000 -0.020000 1.750000 0.807599 1.874783 0.000000 33.740000 -28.920000
1242.066384 0.080000 -0.090000 0.450000 0.010000 0.010000 1.800000 0.772413 2.071357 0.000000 36.920000 -32.310000
1242.096412 -0.300000 -0.220000 -0.100000 -0.020000 -0.010000 1.800000 1.615198 2.018997 0.000000 38.560000 -28.920000
1242.126280 0.150000 0.200000 -0.050000 0.010000 0.010000 1.810000 1.546501 1.933127 0.000000 36.920000 -27.690000
1242.161620 0.610000 0.070000 0.270000 -0.010000 -0.010000 1.800000 1.615198 2.018997 0.000000 38.560000 -28.920000
1242.193279 -0.280000 -0.050000 -0.180000 0.000000 0.010000 1.760000 1.615198 2.018997 0.000000 38.560000 -28.920000
1242.225582 -0.210000 0.120000 -0.170000 0.000000 0.010000 1.720000 2.148012 1.825714 0.000000 36.920000 -24.100000
1242.262298 0.110000 -0.160000 -0.170000 -0.000000 0.010000 1.700000 0.774088 1.795196 0.000000 32.310000 -27.690000
1242.290668 0.270000 0.050000 0.160000 0.000000 -0.000000 1.640000 0.807599 1.874783 0.000000 33.740000 -28.920000
1242.319085 0.420000 -0.040000 -0.020000 0.010000 0.000000 1.670000 1.615198 2.018997 0.000000 38.560000 -28.920000
1242.355182 0.370000 -0.090000 -0.360000 0.010000 0.010000 1.600000 1.546501 1.657265 0.000000 32.310000 -23.080000
1242.386373 0.020000 0.040000 0.360000 0.030000 0.030000 1.650000 0.807599 1.874783 0.000000 33.740000 -28.920000
1242.423096 -0.310000 -0.040000 -0.310000 -0.010000 -0.020000 1.710000 0.807599 1.874783 0.000000 33.740000 -28.920000
1242.451785 -0.020000 0.070000 -0.440000 0.030000 0.010000 1.760000 0.807599 1.874783 0.000000 33.740000 -28.920000
1242.481822 0.280000 0.060000 0.310000 0.010000 0.010000 1.730000 1.546501 1.933127 0.000000 36.920000 -27.690000
1242.518131 -0.090000 -0.130000 -0.200000 0.010000 -0.000000 1.740000 0.807599 1.874783 0.000000 33.740000 -28.920000
1242.554766 -0.210000 0.030000 -0.020000 0.000000 -0.010000 1.770000 1.546501 1.933127 0.000000 36.920000 -27.690000
1242.590725 -0.540000 -0.280000 0.100000 -0.000000 -0.010000 1.800000 0.807599 1.874783 0.000000 33.740000 -28.920000
1242.619383 -0.460000 -0.000000 -0.020000 0.010000 0.010000 1.790000 1.615198 2.018997 0.000000 38.560000 -28.920000
1242.655951 0.360000 0.070000 0.030000 -0.010000 0.010000 1.780000 0.807599 2.163211 0.000000 38.560000 -33.740000
1242.690300 0.290000 0.570000 0.150000 0.020000 0.000000 1.770000 1.546501 1.933127 0.000000 36.920000 -27.690000
1242.719106 -0.160000 -0.120000 0.140000 -0.020000 -0.020000 1.820000 0.807599 1.874783 0.000000 33.740000 -28.920000
1242.752495 0.150000 -0.250000 0.000000 -0.010000 -0.010000 1.760000 0.807599 1.874783 0.000000 33.740000 -28.920000
1242.780841 -0.530000 0.130000 0.160000 0.020000 0.000000 1.780000 0.772413 2.071357 0.000000 36.920000 -32.310000
1242.809422 -0.170000 0.050000 -0.210000 -0.010000 0.000000 1.820000 1.546501 1.933127 0.000000 36.920000 -27.690000
1242.844985 0.330000 -0.180000 0.320000 0.010000 0.020000 1.790000 0.000000 2.018997 0.000000 33.740000 -33.740000
1242.879365 0.210000 0.520000 0.060000 0.030000 -0.010000 1.770000 1.615198 2.018997 0.000000 38.560000 -28.920000
1242.914841 -0.100000 0.050000 -0.230000 0.030000 0.010000 1.770000 0.774088 1.795196 0.000000 32.310000 -27.690000
1242.946899 0.220000 -0.270000 0.590000 -0.010000 -0.010000 1.780000 1.615198 2.018997 0.000000 38.560000 -28.920000
1242.980862 0.060000 0.060000 0.490000 0.010000 0.030000 1.810000 1.615198 2.018997 0.000000 38.560000 -28.920000
1243.010953 0.040000 -0.400000 0.320000 -0.040000 -0.030000 1.810000 0.807599 1.874783 0.000000 33.740000 -28.920000
1243.039675 0.370000 0.250000 -0.270000 -0.000000 0.020000 1.820000 1.615198 2.018997 0.000000 38.560000 -28.920000
1243.068030 0.240000 0.030000 0.110000 0.010000 -0.010000 1.790000 1.615198 2.018997 0.000000 38.560000 -28.920000
1243.102016 -0.100000 0.060000 -0.490000 -0.010000 0.010000 1.790000 0.774088 1.795196 0.000000 32.310000 -27.690000
1243.129257 -0.100000 -0.060000 -0.540000 0.020000 0.000000 1.770000 1.615198 2.018997 0.000000 38.560000 -28.920000
1243.166482 -0.390000 -0.210000 -0.340000 -0.020000 0.000000 1.790000 1.615198 2.018997 0.000000 38.560000 -28.920000
1243.201392 0.070000 0.290000 -0.230000 0.000000 0.030000 1.830000 0.000000 1.933426 0.000000 32.310000 -32.310000
1243.228032 0.210000 -0.150000 0.190000 0.010000 0.030000 1.770000 0.774088 1.795196 0.000000 32.310000 -27.690000
1243.261217 -0.070000 0.380000 -0.120000 0.000000 0.010000 1.770000 0.807599 2.163211 0.000000 38.560000 -33.740000
1243.295908 -0.340000 -0.200000 0.170000 0.010000 0.030000 1.800000 0.807599 1.874783 0.000000 33.740000 -28.920000
1243.330911 0.200000 -0.230000 -0.110000 0.010000 0.010000 1.860000 0.772413 2.071357 0.000000 36.920000 -32.310000
1243.359128 0.340000 -0.080000 -0.020000 -0.000000 -0.010000 1.820000 1.615198 2.018997 0.000000 38.560000 -28.920000
1243.395943 -0.150000 0.100000 0.140000 -0.010000 0.010000 1.830000 0.807599 1.874783 0.000000 33.740000 -28.920000
1243.430340 0.450000 0.040000 0.110000 0.010000 0.020000 1.800000 0.807599 2.163211 0.000000 38.560000 -33.740000
1243.459493 -0.040000 0.250000 0.120000 -0.000000 0.000000 1.820000 1.047198 2.120425 0.000000 38.560000 -32.310000
1243.495677 -0.100000 -0.010000 -0.400000 0.010000 -0.000000 1.780000 1.615198 2.018997 0.000000 38.560000 -28.920000
1243.528956 -0.700000 -0.130000 0.020000 -0.030000 0.000000 1.820000 0.000000 1.933426 0.000000 32.310000 -32.310000
1243.563830 0.220000 -0.100000 -0.220000 -0.010000 -0.010000 1.850000 1.615198 2.018997 0.000000 38.560000 -28.920000
1243.595901 0.110000 0.040000 -0.560000 -0.050000 -0.030000 1.820000 0.807599 1.874783 0.000000 33.740000 -28.920000
1243.631691 -0.340000 -0.080000 -0.160000 -0.000000 -0.000000 1.780000 0.772413 2.071357 0.000000 36.920000 -32.310000
1243.660923 0.210000 0.030000 -0.220000 0.040000 0.040000 1.750000 0.000000 1.933426 0.000000 32.310000 -32.310000
1243.691214 -0.190000 0.060000 0.020000 -0.040000 -0.000000 1.750000 1.615198 2.018997 0.000000 38.560000 -28.920000
1243.719435 -0.560000 0.030000 -0.250000 0.010000 0.020000 1.830000 0.807599 2.163211 0.000000 38.560000 -33.740000
1243.754814 0.280000 -0.300000 0.780000 0.010000 0.020000 1.810000 0.774088 1.795196 0.000000 32.310000 -27.690000
1243.791276 0.330000 0.170000 -0.390000 -0.020000 -0.010000 1.800000 0.807599 2.163211 0.000000 38.560000 -33.740000
1243.818489 0.210000 0.260000 0.210000 0.000000 0.010000 1.790000 1.615198 2.018997 0.000000 38.560000 -28.920000
1243.853200 -0.090000 -0.180000 0.090000 -0.010000 -0.020000 1.820000 0.807599 1.874783 0.000000 33.740000 -28.920000
1243.886524 -0.130000 -0.260000 0.280000 -0.010000 -0.000000 1.820000 0.774088 1.795196 0.000000 32.310000 -27.690000
1243.920645 -0.470000 0.140000 -0.160000 -0.010000 -0.000000 1.810000 0.807599 2.163211 0.000000 38.560000 -33.740000
1243.949632 -0.070000 -0.180000 -0.050000 0.000000 0.010000 1.920000 1.546501 1.933127 0.000000 36.920000 -27.690000
1243.986232 0.230000 -0.070000 -0.230000 -0.030000 -0.020000 1.900000 1.615198 2.018997 0.000000 38.560000 -28.920000
1244.017800 0.250000 -0.140000 0.360000 0.010000 -0.010000 1.830000 0.807599 2.163211 0.000000 38.560000 -33.740000
1244.053261 -0.130000 -0.000000 0.240000 -0.020000 -0.010000 1.790000 0.807599 2.163211 0.000000 38.560000 -33.740000
1244.082043 -0.320000 -0.270000 -0.120000 -0.010000 -0.010000 1.790000 1.546501 1.933127 0.000000 36.920000 -27.690000
1244.112521 -0.240000 0.010000 0.610000 -0.000000 0.000000 1.810000 0.807599 1.874783 0.000000 33.740000 -28.920000
1244.141374 -0.060000 0.200000 -0.120000 -0.010000 0.000000 1.780000 0.807599 1.874783 0.000000 33.740000 -28.920000
1244.169480 0.740000 -0.100000 -0.370000 -0.010000 0.010000 1.760000 0.772413 2.071357 0.000000 36.920000 -32.310000
1244.196715 0.180000 0.030000 0.360000 -0.010000 -0.010000 1.750000 1.546501 1.933127 0.000000 36.920000 -27.690000
1244.228633 -0.190000 0.080000 -0.100000 -0.010000 -0.020000 1.800000 0.807599 1.874783 0.000000 33.740000 -28.920000
1244.261336 0.090000 -0.130000 -0.120000 0.000000 -0.000000 1.810000 1.615198 2.018997 0.000000 38.560000 -28.920000
1244.299516 0.170000 0.300000 0.230000 0.020000 0.020000 1.800000 0.000000 1.933426 0.000000 32.310000 -32.310000
1244.328310 -0.150000 0.130000 -0.210000 -0.010000 0.000000 1.860000 2.422796 2.163211 0.000000 43.380000 -28.920000
1244.362430 0.210000 -0.130000 -0.330000 0.000000 0.020000 1.880000 0.807599 1.874783 0.000000 33.740000 -28.920000
1244.389291 0.490000 -0.080000 -0.070000 0.000000 -0.000000 1.800000 1.615198 2.018997 0.000000 38.560000 -28.920000
1244.427636 -0.220000 -0.050000 0.030000 0.020000 -0.010000 1.830000 1.615198 2.307425 0.000000 43.380000 -33.740000
1244.463269 -0.080000 -0.040000 0.090000 -0.000000 -0.010000 1.860000 0.807599 2.163211 0.000000 38.560000 -33.740000
1244.498136 -0.340000 -0.010000 0.120000 0.000000 -0.010000 1.880000 1.546501 1.933127 0.000000 36.920000 -27.690000
1244.533474 0.070000 0.270000 0.210000 0.000000 -0.010000 1.900000 1.615198 2.018997 0.000000 38.560000 -28.920000
1244.566408 0.040000 -0.140000 0.480000 -0.000000 0.010000 1.930000 0.807599 2.163211 0.000000 38.560000 -33.740000
1244.603802 0.150000 0.110000 0.150000 -0.020000 -0.020000 1.940000 1.546501 1.933127 0.000000 36.920000 -27.690000
1244.638590 -0.190000 -0.100000 -0.230000 0.020000 -0.010000 1.870000 0.772413 2.071357 0.000000 36.920000 -32.310000
1244.673713 -0.150000 0.080000 0.370000 0.010000 -0.010000 1.870000 1.615198 2.018997 0.000000 38.560000 -28.920000
1244.712346 -0.010000 -0.200000 -0.350000 0.000000 -0.010000 1.880000 1.615198 2.018997 0.000000 38.560000 -28.920000
1244.741244 -0.270000 -0.100000 0.040000 0.000000 0.000000 1.900000 1.546501 1.933127 0.000000 36.920000 -27.690000
1244.769642 -0.380000 0.150000 -0.300000 0.010000 0.010000 1.900000 0.807599 2.163211 0.000000 38.560000 -33.740000
1244.805811 -0.120000 -0.110000 -0.270000 0.010000 0.010000 1.900000 2.422796 2.163211 0.000000 43.380000 -28.920000
1244.839880 -0.020000 0.290000 0.200000 0.010000 -0.010000 1.910000 0.807599 2.163211 0.000000 38.560000 -33.740000
1244.868740 0.140000 -0.040000 -0.280000 -0.010000 -0.010000 1.940000 1.615198 2.018997 0.000000 38.560000 -28.920000
1244.905764 0.360000 0.080000 0.290000 -0.020000 -0.020000 1.870000 2.422796 2.163211 0.000000 43.380000 -28.920000
1244.940653 0.440000 0.120000 0.400000 -0.020000 0.010000 1.840000 1.546501 1.933127 0.000000 36.920000 -27.690000
1244.969698 0.260000 0.580000 -0.750000 0.030000 -0.020000 1.800000 1.615198 2.018997 0.000000 38.560000 -28.920000
1244.998670 -0.540000 -0.400000 0.010000 -0.010000 -0.010000 1.820000 0.807599 2.163211 0.000000 38.560000 -33.740000
1245.031914 -0.030000 -0.120000 0.060000 0.010000 0.030000 1.840000 1.546501 1.933127 0.000000 36.920000 -27.690000
1245.064740 -0.210000 -0.050000 0.150000 0.010000 0.020000 1.860000 1.546501 1.933127 0.000000 36.920000 -27.690000
1245.099510 -0.160000 -0.090000 -0.140000 -0.010000 0.030000 1.850000 1.615198 2.307425 0.000000 43.380000 -33.740000
1245.135032 0.230000 0.130000 0.060000 0.010000 0.010000 1.780000 1.615198 2.018997 0.000000 38.560000 -28.920000
1245.167852 -0.380000 0.110000 0.210000 0.010000 0.020000 1.760000 1.546501 1.933127 0.000000 36.920000 -27.690000
1245.202154 -0.120000 -0.250000 0.020000 0.010000 0.010000 1.790000 1.615198 2.018997 0.000000 38.560000 -28.920000
1245.233079 -0.130000 -0.240000 -0.080000 0.000000 -0.010000 1.760000 0.807599 1.874783 0.000000 33.740000 -28.920000
1245.260530 -0.120000 -0.130000 -0.020000 0.010000 0.000000 1.730000 1.615198 2.018997 0.000000 38.560000 -28.920000
1245.290522 0.050000 0.100000 0.120000 -0.000000 0.010000 1.750000 0.774088 1.795196 0.000000 32.310000 -27.690000
1245.318693 0.250000 0.250000 0.190000 -0.010000 0.010000 1.700000 1.615198 2.018997 0.000000 38.560000 -28.920000
1245.352468 0.000000 -0.140000 -0.110000 0.020000 -0.000000 1.680000 0.774088 1.795196 0.000000 32.310000 -27.690000
1245.382633 0.170000 -0.040000 -0.100000 -0.010000 -0.010000 1.630000 1.615198 1.730569 0.000000 33.740000 -24.100000
1245.409391 0.070000 -0.270000 0.540000 0.010000 0.020000 1.630000 0.807599 1.874783 0.000000 33.740000 -28.920000
1245.445995 -0.370000 0.180000 0.440000 -0.020000 0.010000 1.670000 1.615198 1.730569 0.000000 33.740000 -24.100000
1245.481362 0.180000 -0.080000 -0.980000 0.030000 0.060000 1.630000 1.546501 1.933127 0.000000 36.920000 -27.690000
1245.513339 0.260000 -0.030000 0.360000 -0.020000 0.010000 1.640000 0.807599 1.874783 0.000000 33.740000 -28.920000
1245.550972 0.160000 0.090000 -0.100000 0.020000 0.010000 1.620000 1.615198 2.018997 0.000000 38.560000 -28.920000
1245.579624 -0.490000 -0.070000 0.310000 -0.010000 0.000000 1.680000 0.774088 1.795196 0.000000 32.310000 -27.690000
1245.615670 -0.380000 0.210000 -0.900000 0.010000 0.030000 1.770000 1.821286 1.982195 0.000000 38.560000 -27.690000
1245.652121 0.710000 -0.160000 0.300000 0.010000 0.030000 1.690000 1.615198 2.018997 0.000000 38.560000 -28.920000
1245.685785 0.060000 0.140000 -0.060000 -0.030000 -0.010000 1.720000 1.615198 1.730569 0.000000 33.740000 -24.100000
1245.721333 0.090000 0.200000 -0.050000 0.010000 0.010000 1.740000 0.774088 1.795196 0.000000 32.310000 -27.690000
1245.751426 -0.390000 0.050000 -0.430000 -0.020000 0.010000 1.760000 1.615198 2.018997 0.000000 38.560000 -28.920000
1245.780913 0.070000 0.130000 0.310000 -0.010000 0.000000 1.780000 0.000000 1.933426 0.000000 32.310000 -32.310000
1245.807871 0.670000 0.010000 0.050000 -0.020000 -0.020000 1.710000 0.807599 1.874783 0.000000 33.740000 -28.920000
1245.842475 -0.080000 0.130000 -0.020000 -0.010000 -0.030000 1.720000 1.615198 2.018997 0.000000 38.560000 -28.920000
1245.869150 0.110000 0.150000 -0.150000 0.040000 0.050000 1.710000 1.615198 2.018997 0.000000 38.560000 -28.920000
1245.900931 -0.350000 -0.170000 0.020000 0.000000 0.010000 1.740000 1.546501 1.933127 0.000000 36.920000 -27.690000
1245.928780 -0.070000 -0.040000 -0.140000 -0.020000 0.010000 1.750000 1.615198 2.018997 0.000000 38.560000 -28.920000
1245.963848 0.180000 -0.040000 0.280000 0.010000 -0.010000 1.770000 1.615198 2.018997 0.000000 38.560000 -28.920000
1245.996095 0.070000 -0.130000 0.300000 -0.020000 -0.010000 1.740000 0.774088 1.795196 0.000000 32.310000 -27.690000
1246.025501 -0.190000 0.060000 -0.000000 0.000000 0.010000 1.690000 0.774088 1.795196 0.000000 32.310000 -27.690000
1246.054380 -0.170000 0.040000 0.040000 -0.000000 -0.010000 1.650000 2.422796 1.874783 0.000000 38.560000 -24.100000
1246.089994 -0.070000 -0.060000 0.130000 -0.010000 -0.020000 1.650000 0.807599 1.874783 0.000000 33.740000 -28.920000
1246.117147 0.060000 0.110000 -0.630000 -0.060000 -0.050000 1.620000 1.546501 1.657265 0.000000 32.310000 -23.080000
1246.152320 -0.300000 0.050000 -0.410000 0.010000 -0.000000 1.640000 0.807599 1.874783 0.000000 33.740000 -28.920000
1246.178891 0.380000 0.030000 0.530000 -0.000000 0.010000 1.630000 1.615198 1.730569 0.000000 33.740000 -24.100000
1246.215845 -0.220000 -0.090000 -0.130000 -0.020000 -0.000000 1.680000 1.615198 1.730569 0.000000 33.740000 -24.100000
1246.248394 0.030000 0.020000 0.340000 0.000000 -0.020000 1.710000 1.615198 2.018997 0.000000 38.560000 -28.920000
1246.284754 -0.140000 0.330000 0.340000 0.010000 0.010000 1.730000 0.807599 1.874783 0.000000 33.740000 -28.920000
1246.316654 0.210000 -0.110000 -0.330000 0.010000 -0.000000 1.720000 1.546501 1.933127 0.000000 36.920000 -27.690000
1246.353143 -0.110000 -0.250000 -0.050000 0.000000 0.000000 1.760000 0.807599 1.874783 0.000000 33.740000 -28.920000
1246.387473 -0.320000 0.220000 0.050000 -0.000000 -0.000000 1.780000 0.807599 1.874783 0.000000 33.740000 -28.920000
1246.419525 0.190000 -0.100000 -0.110000 -0.010000 0.020000 1.790000 1.546501 1.933127 0.000000 36.920000 -27.690000
1246.454163 0.320000 0.410000 0.410000 0.010000 -0.010000 1.750000 0.772413 2.071357 0.000000 36.920000 -32.310000
1246.490482 0.260000 -0.180000 -0.230000 0.010000 -0.010000 1.750000 1.615198 2.018997 0.000000 38.560000 -28.920000
1246.518893 0.210000 -0.180000 0.020000 0.020000 -0.000000 1.770000 1.615198 2.018997 0.000000 38.560000 -28.920000
1246.551911 -0.280000 -0.100000 0.230000 -0.020000 -0.010000 1.790000 0.774088 1.795196 0.000000 32.310000 -27.690000
1246.585312 0.050000 0.160000 -0.350000 -0.010000 0.000000 1.750000 1.615198 2.018997 0.000000 38.560000 -28.920000
1246.620230 0.170000 0.040000 0.660000 0.020000 0.020000 1.770000 1.615198 2.018997 0.000000 38.560000 -28.920000
1246.647728 0.510000 -0.090000 -0.020000 0.000000 -0.000000 1.750000 0.807599 1.874783 0.000000 33.740000 -28.920000
1246.681017 -0.230000 -0.100000 0.090000 0.020000 0.000000 1.730000 1.546501 1.933127 0.000000 36.920000 -27.690000
1246.713646 -0.420000 -0.180000 -0.030000 0.000000 -0.010000 1.740000 1.615198 2.018997 0.000000 38.560000 -28.920000
1246.749971 -0.180000 0.140000 -0.190000 0.010000 0.020000 1.760000 0.774088 1.795196 0.000000 32.310000 -27.690000
1246.777978 -0.140000 0.030000 0.510000 -0.050000 -0.060000 1.790000 0.000000 2.018997 0.000000 33.740000 -33.740000
1246.811210 -0.070000 0.120000 0.510000 0.010000 0.010000 1.810000 1.615198 2.018997 0.000000 38.560000 -28.920000
1246.840988 0.690000 -0.200000 0.380000 0.000000 -0.040000 1.790000 1.340413 1.969928 0.000000 36.920000 -28.920000
1246.869934 -0.140000 0.090000 -0.620000 -0.000000 0.010000 1.810000 0.772413 2.071357 0.000000 36.920000 -32.310000
1246.902260 -0.070000 -0.300000 -0.520000 -0.000000 -0.020000 1.830000 0.807599 1.874783 0.000000 33.740000 -28.920000
1246.931626 -0.360000 0.090000 0.060000 -0.020000 -0.010000 1.860000 1.615198 2.018997 0.000000 38.560000 -28.920000
1246.959878 0.300000 0.220000 -0.270000 0.010000 0.010000 1.840000 0.772413 2.071357 0.000000 36.920000 -32.310000
1246.996797 0.260000 -0.170000 -0.060000 0.020000 0.010000 1.810000 0.807599 2.163211 0.000000 38.560000 -33.740000
1247.032129 0.280000 0.360000 -0.260000 0.010000 -0.000000 1.800000 0.807599 2.163211 0.000000 38.560000 -33.740000
1247.059900 -0.190000 -0.020000 -0.200000 0.010000 0.010000 1.760000 0.807599 1.874783 0.000000 33.740000 -28.920000
1247.092477 -0.680000 -0.150000 0.000000 0.000000 -0.010000 1.820000 0.772413 2.071357 0.000000 36.920000 -32.310000
1247.128377 -0.010000 0.010000 -0.250000 0.000000 0.010000 1.860000 1.615198 2.018997 0.000000 38.560000 -28.920000
1247.165525 0.260000 0.200000 -0.040000 -0.010000 0.000000 1.850000 0.772413 2.071357 0.000000 36.920000 -32.310000
1247.200413 0.230000 -0.220000 0.260000 0.000000 0.020000 1.780000 1.615198 2.018997 0.000000 38.560000 -28.920000
1247.228622 0.140000 0.240000 0.120000 0.020000 0.020000 1.790000 0.000000 2.018997 0.000000 33.740000 -33.740000
1247.260968 -0.170000 -0.080000 -0.410000 -0.010000 -0.000000 1.790000 0.807599 2.163211 0.000000 38.560000 -33.740000
1247.297406 -0.320000 0.050000 0.300000 0.000000 0.030000 1.860000 0.774088 1.795196 0.000000 32.310000 -27.690000
1247.330613 0.150000 -0.170000 0.070000 -0.000000 0.000000 1.840000 1.615198 2.018997 0.000000 38.560000 -28.920000
1247.359253 0.400000 0.040000 -0.210000 -0.020000 -0.000000 1.750000 1.615198 2.018997 0.000000 38.560000 -28.920000
1247.395117 0.150000 0.250000 0.030000 -0.000000 -0.010000 1.740000 0.000000 1.933426 0.000000 32.310000 -32.310000
1247.428987 -0.350000 -0.210000 -0.570000 -0.000000 -0.020000 1.770000 0.772413 2.071357 0.000000 36.920000 -32.310000
1247.463409 -0.330000 0.140000 -0.290000 0.010000 0.010000 1.830000 0.807599 1.874783 0.000000 33.740000 -28.920000
1247.497847 0.200000 0.270000 -0.780000 0.010000 0.020000 1.810000 1.615198 2.018997 0.000000 38.560000 -28.920000
1247.536494 0.410000 -0.120000 0.220000 -0.010000 -0.000000 1.830000 0.772413 2.071357 0.000000 36.920000 -32.310000
1247.568920 0.190000 -0.200000 0.180000 -0.010000 0.000000 1.840000 0.807599 2.163211 0.000000 38.560000 -33.740000
1247.605760 0.080000 -0.330000 0.070000 0.010000 -0.000000 1.790000 0.000000 2.018997 0.000000 33.740000 -33.740000
1247.641452 -0.340000 -0.190000 0.080000 -0.020000 -0.000000 1.850000 1.615198 2.018997 0.000000 38.560000 -28.920000
1247.674752 -0.330000 -0.060000 0.570000 0.000000 -0.000000 1.880000 0.807599 2.163211 0.000000 38.560000 -33.740000
1247.709171 -0.630000 -0.000000 -0.790000 0.020000 0.040000 1.910000 1.615198 2.018997 0.000000 38.560000 -28.920000
1247.742599 0.170000 -0.120000 0.680000 -0.010000 0.020000 1.860000 0.772413 2.071357 0.000000 36.920000 -32.310000
1247.781010 -0.000000 -0.000000 0.330000 -0.020000 0.010000 1.910000 1.615198 2.018997 0.000000 38.560000 -28.920000
1247.811497 0.050000 0.020000 0.280000 0.020000 -0.010000 1.900000 0.807599 2.163211 0.000000 38.560000 -33.740000
1247.840444 0.160000 0.040000 -0.120000 0.010000 -0.010000 1.820000 0.772413 2.071357 0.000000 36.920000 -32.310000
1247.868164 -0.450000 -0.210000 0.260000 -0.020000 -0.020000 1.820000 0.772413 2.071357 0.000000 36.920000 -32.310000
1247.906060 0.100000 0.130000 -0.070000 -0.010000 0.010000 1.820000 0.807599 2.163211 0.000000 38.560000 -33.740000
1247.942707 0.080000 0.160000 0.240000 -0.000000 0.010000 1.810000 0.807599 1.874783 0.000000 33.740000 -28.920000
1247.971726 -0.190000 -0.090000 -0.170000 -0.020000 0.020000 1.810000 1.546501 1.933127 0.000000 36.920000 -27.690000
1247.999647 0.310000 0.040000 0.000000 0.020000 0.010000 1.790000 0.807599 2.163211 0.000000 38.560000 -33.740000
1248.034967 0.310000 -0.010000 -0.160000 0.000000 -0.000000 1.770000 1.615198 2.018997 0.000000 38.560000 -28.920000
1248.069300 0.070000 -0.160000 -0.160000 -0.010000 -0.010000 1.800000 0.807599 1.874783 0.000000 33.740000 -28.920000
1248.098944 -0.410000 -0.070000 0.340000 -0.000000 0.030000 1.870000 0.807599 2.163211 0.000000 38.560000 -33.740000
1248.134286 0.360000 0.280000 0.370000 0.000000 -0.010000 1.850000 0.807599 2.163211 0.000000 38.560000 -33.740000
1248.168984 0.040000 0.260000 -0.110000 -0.020000 -0.000000 1.850000 2.320590 2.071357 0.000000 41.540000 -27.690000
1248.202838 0.630000 -0.180000 0.390000 0.010000 0.010000 1.830000 1.615198 2.018997 0.000000 38.560000 -28.920000
1248.239250 0.260000 -0.190000 -0.060000 0.000000 0.020000 1.840000 0.807599 2.163211 0.000000 38.560000 -33.740000
1248.266745 -0.160000 0.230000 -0.770000 0.010000 -0.020000 1.830000 1.546501 1.933127 0.000000 36.920000 -27.690000
1248.302919 -0.530000 -0.280000 0.250000 -0.020000 0.010000 1.850000 0.772413 2.071357 0.000000 36.920000 -32.310000
1248.332751 -0.250000 0.190000 -0.220000 0.000000 -0.000000 1.920000 2.422796 2.163211 0.000000 43.380000 -28.920000
1248.361776 -0.050000 0.060000 -0.190000 -0.000000 -0.000000 1.880000 1.615198 2.018997 0.000000 38.560000 -28.920000
1248.390276 -0.030000 0.030000 0.300000 -0.010000 0.020000 1.940000 0.772413 2.071357 0.000000 36.920000 -32.310000
1248.418805 0.170000 0.040000 0.040000 0.000000 0.000000 1.900000 2.422796 2.163211 0.000000 43.380000 -28.920000
1248.453046 0.360000 -0.170000 0.130000 0.000000 0.020000 1.870000 1.615198 2.018997 0.000000 38.560000 -28.920000
1248.483342 -0.160000 -0.000000 -0.080000 -0.010000 -0.010000 1.820000 1.615198 2.018997 0.000000 38.560000 -28.920000
1248.515733 -0.180000 -0.220000 -0.100000 -0.010000 0.000000 1.850000 1.546501 1.933127 0.000000 36.920000 -27.690000
1248.551023 0.030000 0.010000 0.440000 -0.010000 -0.020000 1.890000 0.807599 2.163211 0.000000 38.560000 -33.740000
1248.579283 -0.440000 -0.160000 -0.430000 0.020000 -0.010000 1.890000 1.546501 1.933127 0.000000 36.920000 -27.690000
1248.614837 -0.050000 0.110000 -0.070000 0.000000 0.020000 1.920000 1.615198 2.018997 0.000000 38.560000 -28.920000
1248.649630 0.590000 -0.110000 0.110000 0.000000 0.030000 1.890000 0.807599 2.163211 0.000000 38.560000 -33.740000
1248.677711 -0.050000 0.420000 0.300000 0.010000 -0.040000 1.900000 0.807599 2.163211 0.000000 38.560000 -33.740000
1248.709944 -0.350000 -0.080000 -0.820000 0.010000 -0.010000 1.880000 1.546501 1.933127 0.000000 36.920000 -27.690000
1248.739225 -0.250000 0.150000 -0.060000 -0.030000 -0.030000 1.810000 0.807599 2.163211 0.000000 38.560000 -33.740000
1248.766441 -0.050000 0.270000 0.380000 0.010000 0.000000 1.850000 1.615198 2.018997 0.000000 38.560000 -28.920000
1248.800839 -0.230000 -0.230000 -0.020000 0.020000 0.020000 1.850000 0.772413 2.071357 0.000000 36.920000 -32.310000
1248.830221 -0.150000 -0.130000 -0.110000 -0.020000 0.010000 1.870000 2.628885 2.126409 0.000000 43.380000 -27.690000
1248.864882 0.250000 0.010000 0.430000 0.020000 0.030000 1.820000 2.422796 2.163211 0.000000 43.380000 -28.920000
1248.902101 0.350000 -0.130000 -0.030000 0.000000 0.020000 1.810000 0.807599 1.874783 0.000000 33.740000 -28.920000
1248.928705 0.100000 0.170000 0.080000 -0.000000 0.010000 1.770000 1.546501 1.933127 0.000000 36.920000 -27.690000
1248.964605 -0.030000 -0.030000 0.310000 0.020000 -0.010000 1.730000 0.807599 2.163211 0.000000 38.560000 -33.740000
1248.998848 -0.130000 -0.100000 -0.000000 0.000000 0.010000 1.760000 2.318914 1.795196 0.000000 36.920000 -23.080000
1249.031304 0.190000 -0.150000 0.010000 0.000000 0.010000 1.750000 0.807599 1.874783 0.000000 33.740000 -28.920000
1249.058301 -0.100000 0.160000 -0.250000 0.000000 -0.010000 1.710000 1.615198 2.018997 0.000000 38.560000 -28.920000
1249.094477 0.220000 -0.030000 -0.130000 0.010000 0.050000 1.480000 0.807599 1.874783 0.000000 33.740000 -28.920000
1249.127303 0.020000 -0.070000 0.180000 0.000000 -0.010000 1.490000 2.318914 1.795196 0.000000 36.920000 -23.080000
1249.162276 -0.460000 -0.130000 -0.440000 -0.020000 -0.030000 1.600000 0.807599 1.874783 0.000000 33.740000 -28.920000
1249.190221 -0.030000 0.110000 -0.790000 0.020000 0.040000 1.620000 2.422796 1.874783 0.000000 38.560000 -24.100000
1249.225939 -0.580000 0.030000 0.590000 0.010000 0.010000 1.630000 0.774088 1.795196 0.000000 32.310000 -27.690000
1249.260813 0.070000 0.120000 -0.260000 0.010000 0.030000 1.660000 2.318914 1.795196 0.000000 36.920000 -23.080000
1249.287936 0.320000 -0.260000 0.180000 -0.000000 -0.010000 1.640000 0.807599 1.874783 0.000000 33.740000 -28.920000
1249.321123 -0.170000 0.040000 -0.370000 0.020000 -0.000000 1.650000 0.807599 1.874783 0.000000 33.740000 -28.920000
1249.347878 -0.370000 0.220000 0.420000 0.030000 -0.000000 1.740000 1.546501 1.657265 0.000000 32.310000 -23.080000
1249.382781 0.500000 0.190000 -0.240000 -0.000000 0.020000 1.680000 1.615198 2.018997 0.000000 38.560000 -28.920000
