2873.336291 -0.050000 0.030000 -9.970000 -0.000000 -0.000000 -0.000000 0.000000 0.000000 0.000000 0.000000 0.000000
2873.376078 0.060000 0.150000 -8.920000 0.000000 0.000000 0.010000 0.000000 0.000000 0.000000 0.000000 0.000000
2873.413156 0.000000 -0.120000 -7.760000 0.000000 0.000000 -0.010000 0.000000 0.000000 0.000000 0.000000 0.000000
2873.440239 -0.100000 0.180000 -6.690000 -0.000000 -0.000000 0.020000 0.807599 0.144214 0.000000 4.820000 0.000000
2873.470599 -0.060000 0.790000 -5.370000 -0.020000 -0.030000 0.070000 1.546501 0.276161 0.000000 9.230000 0.000000
2873.499846 0.070000 0.470000 -4.290000 -0.000000 0.030000 -0.000000 4.845593 0.865284 0.000000 28.920000 0.000000
2873.536823 0.030000 0.300000 -3.480000 -0.020000 -0.000000 0.020000 5.653191 1.009498 0.000000 33.740000 0.000000
2873.572069 0.620000 0.910000 -2.980000 -0.060000 -0.020000 -0.300000 6.186005 1.104644 0.000000 36.920000 0.000000
2873.601025 -0.390000 0.200000 -1.400000 -0.020000 0.000000 -0.010000 6.186005 1.104644 0.000000 36.920000 0.000000
2873.636282 -0.540000 -0.240000 0.760000 -0.130000 0.040000 0.120000 7.268389 1.297927 0.000000 43.380000 0.000000
2873.671424 0.340000 0.410000 -0.410000 -0.050000 -0.020000 -0.050000 8.077663 1.442440 0.000000 48.210000 0.000000
2873.700830 -0.070000 -0.400000 0.140000 0.040000 -0.020000 -0.050000 8.506595 1.519035 0.000000 50.770000 0.000000
2873.729615 -0.680000 -1.110000 0.690000 -0.040000 0.050000 0.050000 9.692861 1.730868 0.000000 57.850000 0.000000
2873.761043 0.590000 0.400000 0.760000 -0.010000 -0.030000 -0.070000 10.500459 1.875082 0.000000 62.670000 0.000000
2873.790438 0.230000 -0.640000 -1.770000 0.070000 0.040000 0.050000 10.500459 1.875082 0.000000 62.670000 0.000000
2873.819045 -0.520000 -0.550000 0.200000 0.050000 0.020000 -0.010000 11.308058 2.019296 0.000000 67.490000 0.000000
2873.852739 0.040000 -0.280000 -0.110000 0.060000 0.050000 -0.020000 12.115657 2.163510 0.000000 72.310000 0.000000
2873.881512 0.020000 -1.050000 -0.520000 0.090000 0.070000 0.020000 11.599598 2.071357 0.000000 69.230000 0.000000
2873.908550 0.140000 0.150000 0.100000 -0.030000 0.030000 0.020000 12.115657 2.163510 0.000000 72.310000 0.000000
2873.943183 0.540000 -0.680000 -2.290000 0.080000 0.090000 -0.020000 12.115657 2.163510 0.000000 72.310000 0.000000
2873.971271 0.360000 0.340000 1.740000 -0.050000 0.110000 -0.050000 12.373686 2.209587 0.000000 73.850000 0.000000
2873.997942 -0.380000 -0.630000 1.040000 0.030000 -0.060000 0.020000 12.923256 2.307724 0.000000 77.130000 0.000000
2874.034759 0.170000 0.190000 0.350000 -0.080000 -0.050000 -0.050000 12.923256 2.307724 0.000000 77.130000 0.000000
2874.068493 -0.850000 -0.650000 2.080000 -0.010000 -0.070000 0.020000 12.923256 2.307724 0.000000 77.130000 0.000000
2874.103743 0.430000 0.410000 0.020000 -0.070000 0.010000 -0.030000 13.730854 2.451938 0.000000 81.950000 0.000000
2874.139581 -0.640000 0.260000 0.050000 -0.140000 0.000000 0.060000 12.923256 2.307724 0.000000 77.130000 0.000000
2874.166636 0.180000 0.570000 -1.210000 -0.040000 -0.030000 -0.070000 13.146099 2.347518 0.000000 78.460000 0.000000
2874.203607 -0.480000 -0.410000 -0.400000 0.110000 0.000000 -0.030000 13.730854 2.451938 0.000000 81.950000 0.000000
2874.234370 0.600000 0.920000 2.040000 0.020000 -0.020000 0.010000 13.730854 2.451938 0.000000 81.950000 0.000000
2874.269626 0.170000 -0.170000 -2.000000 -0.070000 0.010000 -0.030000 13.146099 2.347518 0.000000 78.460000 0.000000
2874.295857 -0.020000 0.120000 0.380000 0.010000 -0.050000 0.030000 13.730854 2.451938 0.000000 81.950000 0.000000
2874.330629 -0.240000 -0.300000 0.050000 -0.040000 0.040000 -0.010000 14.538453 2.596152 0.000000 86.770000 0.000000
2874.359087 -0.180000 0.670000 -0.330000 -0.080000 0.020000 0.090000 12.923256 2.307724 0.000000 77.130000 0.000000
2874.396046 -0.060000 0.170000 -1.140000 -0.030000 -0.030000 -0.090000 13.146099 2.347518 0.000000 78.460000 0.000000
2874.431728 -0.320000 -0.560000 -0.250000 0.050000 0.020000 0.030000 13.730854 2.451938 0.000000 81.950000 0.000000
2874.460201 0.370000 0.550000 2.210000 0.010000 -0.050000 -0.070000 13.146099 2.347518 0.000000 78.460000 0.000000
2874.488947 -0.140000 0.100000 0.340000 -0.110000 -0.050000 0.050000 12.923256 2.307724 0.000000 77.130000 0.000000
2874.522812 -0.090000 -0.480000 -0.250000 -0.040000 0.010000 -0.070000 13.730854 2.451938 0.000000 81.950000 0.000000
2874.552491 0.230000 -0.120000 0.970000 -0.100000 -0.000000 0.050000 13.146099 2.347518 0.000000 78.460000 0.000000
2874.581849 0.560000 0.360000 -0.900000 -0.060000 0.010000 0.010000 12.373686 2.209587 0.000000 73.850000 0.000000
2874.611365 -0.520000 -0.330000 -0.280000 0.010000 0.000000 -0.030000 13.730854 2.451938 0.000000 81.950000 0.000000
2874.637322 0.370000 -0.200000 0.010000 0.010000 0.060000 0.000000 12.923256 2.307724 0.000000 77.130000 0.000000
2874.672822 -0.730000 -0.060000 1.250000 -0.070000 -0.050000 -0.060000 13.146099 2.347518 0.000000 78.460000 0.000000
2874.702264 -0.110000 0.010000 0.190000 -0.060000 -0.060000 0.090000 13.730854 2.451938 0.000000 81.950000 0.000000
2874.734580 0.280000 -0.070000 -1.920000 -0.040000 0.080000 -0.080000 13.146099 2.347518 0.000000 78.460000 0.000000
2874.765658 0.180000 0.900000 0.630000 -0.030000 -0.020000 0.050000 12.923256 2.307724 0.000000 77.130000 0.000000
2874.801105 0.450000 0.600000 -1.550000 0.020000 0.030000 -0.020000 13.730854 2.451938 0.000000 81.950000 0.000000
2874.830570 0.290000 -0.450000 -1.460000 0.100000 0.090000 0.060000 13.146099 2.347518 0.000000 78.460000 0.000000
2874.859240 0.550000 -0.010000 1.290000 -0.040000 0.090000 -0.080000 13.146099 2.347518 0.000000 78.460000 0.000000
2874.892293 -0.360000 0.430000 0.380000 -0.110000 -0.020000 0.010000 13.730854 2.451938 0.000000 81.950000 0.000000
2874.927953 -0.190000 0.320000 -0.260000 -0.110000 0.020000 -0.030000 13.730854 2.451938 0.000000 81.950000 0.000000
2874.964895 0.030000 -0.320000 0.870000 -0.100000 0.010000 -0.010000 13.146099 2.347518 0.000000 78.460000 0.000000
2874.996277 0.390000 -0.070000 0.170000 0.020000 -0.040000 -0.000000 13.730854 2.451938 0.000000 81.950000 0.000000
2875.029036 -0.350000 -0.390000 -1.550000 -0.010000 0.010000 0.060000 12.373686 2.209587 0.000000 73.850000 0.000000
2875.061996 0.400000 -0.570000 -1.050000 0.040000 0.100000 -0.000000 12.923256 2.307724 0.000000 77.130000 0.000000
2875.088194 0.490000 0.220000 1.690000 0.030000 0.040000 -0.020000 13.730854 2.451938 0.000000 81.950000 0.000000
2875.122041 0.400000 0.730000 -0.910000 -0.100000 0.010000 0.000000 13.730854 2.451938 0.000000 81.950000 0.000000
2875.156514 -0.560000 0.180000 0.820000 -0.090000 0.000000 -0.020000 13.146099 2.347518 0.000000 78.460000 0.000000
2875.192831 0.130000 0.070000 1.090000 -0.040000 -0.070000 0.040000 13.730854 2.451938 0.000000 81.950000 0.000000
2875.222786 -0.500000 -0.020000 0.560000 0.060000 -0.020000 -0.060000 14.538453 2.596152 0.000000 86.770000 0.000000
2875.250175 -0.170000 0.170000 -0.620000 -0.030000 -0.030000 0.130000 13.146099 2.347518 0.000000 78.460000 0.000000
2875.286757 0.740000 -0.270000 -1.210000 0.010000 0.100000 -0.120000 12.923256 2.307724 0.000000 77.130000 0.000000
2875.318350 -0.170000 -0.030000 1.190000 0.040000 -0.000000 0.060000 13.730854 2.451938 0.000000 81.950000 0.000000
2875.353963 -0.220000 0.270000 -0.340000 -0.090000 0.030000 -0.060000 13.730854 2.451938 0.000000 81.950000 0.000000
2875.389971 -0.300000 0.710000 -0.120000 -0.140000 0.020000 0.020000 13.730854 2.451938 0.000000 81.950000 0.000000
2875.424624 0.690000 0.020000 0.130000 -0.040000 -0.060000 -0.030000 12.923256 2.307724 0.000000 77.130000 0.000000
2875.461386 -0.450000 -0.360000 0.110000 0.090000 -0.010000 0.010000 13.920188 2.485748 0.000000 83.080000 0.000000
2875.487984 0.490000 0.420000 -0.200000 0.010000 -0.010000 0.090000 13.730854 2.451938 0.000000 81.950000 0.000000
2875.521241 -0.330000 -0.660000 -1.090000 -0.010000 0.040000 -0.070000 13.730854 2.451938 0.000000 81.950000 0.000000
2875.547943 0.080000 -0.520000 0.600000 -0.020000 -0.040000 0.040000 13.146099 2.347518 0.000000 78.460000 0.000000
2875.584985 -0.340000 0.580000 -1.010000 -0.030000 0.030000 -0.070000 13.730854 2.451938 0.000000 81.950000 0.000000
2875.620978 -0.300000 -0.260000 -0.340000 -0.110000 0.060000 0.050000 13.730854 2.451938 0.000000 81.950000 0.000000
2875.648310 -0.240000 -0.310000 0.540000 0.070000 -0.090000 -0.060000 12.923256 2.307724 0.000000 77.130000 0.000000
2875.685816 -0.120000 -0.560000 -0.630000 0.120000 0.060000 0.070000 13.146099 2.347518 0.000000 78.460000 0.000000
2875.721536 0.350000 0.280000 0.440000 0.030000 -0.050000 -0.020000 13.730854 2.451938 0.000000 81.950000 0.000000
2875.750943 -0.290000 -0.420000 1.520000 -0.050000 -0.010000 0.030000 13.146099 2.347518 0.000000 78.460000 0.000000
2875.780196 0.080000 0.180000 -0.380000 -0.040000 -0.090000 -0.060000 13.730854 2.451938 0.000000 81.950000 0.000000
2875.808002 -0.000000 0.800000 -1.420000 0.010000 0.020000 0.000000 13.730854 2.451938 0.000000 81.950000 0.000000
2875.842222 0.650000 0.040000 0.790000 -0.100000 0.040000 -0.030000 13.146099 2.347518 0.000000 78.460000 0.000000
2875.872342 -0.720000 -0.280000 -0.750000 0.110000 -0.030000 0.010000 13.146099 2.347518 0.000000 78.460000 0.000000
2875.900631 1.010000 -0.440000 -0.340000 0.130000 0.050000 0.050000 13.730854 2.451938 0.000000 81.950000 0.000000
2875.929335 -0.730000 0.130000 0.620000 0.050000 -0.040000 -0.000000 13.730854 2.451938 0.000000 81.950000 0.000000
2875.961524 -0.710000 -0.500000 2.050000 0.020000 -0.050000 0.040000 13.146099 2.347518 0.000000 78.460000 0.000000
2875.989030 -0.230000 0.120000 -0.550000 0.030000 -0.040000 -0.010000 14.538453 2.596152 0.000000 86.770000 0.000000
2876.026325 0.300000 0.730000 -1.930000 0.000000 0.000000 0.010000 13.146099 2.347518 0.000000 78.460000 0.000000
2876.062389 0.820000 -0.420000 1.190000 0.040000 0.010000 -0.060000 12.923256 2.307724 0.000000 77.130000 0.000000
2876.091409 -0.330000 -1.100000 -0.520000 0.080000 0.040000 0.080000 13.730854 2.451938 0.000000 81.950000 0.000000
2876.119152 0.440000 0.050000 -0.320000 0.110000 0.030000 -0.050000 13.146099 2.347518 0.000000 78.460000 0.000000
2876.151964 -1.020000 0.080000 -0.920000 0.020000 -0.050000 0.080000 13.146099 2.347518 0.000000 78.460000 0.000000
2876.188577 0.000000 0.100000 1.540000 0.020000 -0.070000 -0.030000 13.730854 2.451938 0.000000 81.950000 0.000000
2876.223894 -0.520000 -0.490000 0.670000 0.020000 -0.030000 0.040000 12.923256 2.307724 0.000000 77.130000 0.000000
2876.258153 0.090000 0.040000 -1.880000 -0.030000 0.000000 -0.050000 13.146099 2.347518 0.000000 78.460000 0.000000
2876.294032 0.270000 0.090000 0.250000 0.000000 -0.020000 -0.030000 13.730854 2.451938 0.000000 81.950000 0.000000
2876.325366 -0.070000 -1.010000 0.330000 0.020000 0.050000 0.020000 12.373686 2.209587 0.000000 73.850000 0.000000
2876.360201 0.060000 -0.180000 0.470000 0.110000 0.030000 -0.020000 12.923256 2.307724 0.000000 77.130000 0.000000
2876.388324 -0.040000 -0.150000 -0.280000 -0.020000 0.020000 0.110000 13.730854 2.451938 0.000000 81.950000 0.000000
2876.422148 -0.420000 0.670000 0.590000 -0.010000 -0.050000 -0.070000 13.730854 2.451938 0.000000 81.950000 0.000000
2876.449476 0.240000 0.280000 0.310000 0.060000 -0.000000 0.040000 13.920188 2.485748 0.000000 83.080000 0.000000
2876.478120 0.260000 0.510000 0.340000 -0.010000 0.050000 -0.080000 13.730854 2.451938 0.000000 81.950000 0.000000
2876.509183 0.080000 0.290000 -0.570000 0.080000 -0.020000 0.070000 13.730854 2.451938 0.000000 81.950000 0.000000
2876.538339 0.450000 -0.050000 1.610000 -0.060000 0.050000 -0.050000 13.146099 2.347518 0.000000 78.460000 0.000000
2876.569842 0.130000 -0.010000 1.240000 0.120000 -0.030000 0.020000 13.730854 2.451938 0.000000 81.950000 0.000000
2876.599006 0.390000 0.020000 0.780000 -0.090000 0.030000 -0.040000 12.923256 2.307724 0.000000 77.130000 0.000000
2876.631042 -0.200000 0.080000 0.470000 0.000000 -0.010000 -0.000000 12.923256 2.307724 0.000000 77.130000 0.000000
2876.669246 0.050000 -0.770000 -1.770000 -0.020000 -0.030000 -0.100000 12.923256 2.307724 0.000000 77.130000 0.000000
2876.704631 -0.580000 0.020000 -2.400000 0.030000 -0.020000 -0.050000 12.923256 2.307724 0.000000 77.130000 0.000000
2876.740113 0.460000 -0.790000 0.990000 -0.040000 0.050000 -0.490000 11.599598 2.071357 0.000000 69.230000 0.000000
2876.768918 -0.560000 -0.510000 0.090000 -0.010000 -0.040000 -0.620000 10.500459 1.875082 0.000000 62.670000 0.000000
2876.800536 0.890000 -0.880000 -0.020000 -0.010000 0.170000 -0.740000 9.692861 1.730868 0.000000 57.850000 0.000000
2876.836001 0.530000 0.210000 -0.450000 0.010000 0.080000 -0.860000 8.506595 1.519035 0.000000 50.770000 0.000000
2876.867520 -0.200000 0.020000 -0.410000 0.040000 -0.040000 -1.180000 8.077663 1.442440 0.000000 48.210000 0.000000
2876.904886 -0.440000 0.820000 0.480000 0.010000 -0.060000 -1.240000 6.460790 1.153713 0.000000 38.560000 0.000000
2876.940478 0.350000 0.410000 -0.190000 0.030000 -0.000000 -1.170000 6.460790 1.153713 0.000000 38.560000 0.000000
2876.967455 0.160000 1.050000 0.190000 -0.030000 0.050000 -1.110000 7.268389 1.297927 0.000000 43.380000 0.000000
2877.002874 -0.150000 0.260000 -0.240000 -0.010000 -0.020000 -1.140000 6.460790 1.153713 0.000000 38.560000 0.000000
2877.032198 -0.600000 0.320000 -0.200000 -0.020000 0.020000 -1.110000 6.186005 1.104644 0.000000 36.920000 0.000000
2877.060121 0.300000 0.430000 0.180000 -0.000000 -0.020000 -1.140000 5.653191 1.009498 0.000000 33.740000 0.000000
2877.088426 -0.210000 0.060000 0.040000 0.010000 0.000000 -1.230000 6.460790 1.153713 0.000000 38.560000 0.000000
2877.119724 -0.180000 0.380000 0.100000 0.010000 0.010000 -1.240000 5.413592 0.966713 0.000000 32.310000 0.000000
2877.155101 0.040000 -0.090000 -0.030000 0.010000 -0.010000 -1.290000 5.413592 0.966713 0.000000 32.310000 0.000000
2877.189885 0.170000 -0.270000 0.420000 -0.020000 0.000000 -1.360000 5.653191 1.009498 0.000000 33.740000 0.000000
2877.216943 -0.110000 0.290000 0.340000 0.000000 -0.030000 -1.350000 5.653191 1.009498 0.000000 33.740000 0.000000
2877.251187 -0.200000 -0.250000 0.100000 0.000000 -0.030000 -1.410000 6.186005 1.104644 0.000000 36.920000 0.000000
2877.278105 -0.100000 0.070000 -0.160000 -0.010000 -0.010000 -1.390000 5.653191 1.009498 0.000000 33.740000 0.000000
2877.311978 0.490000 -0.030000 -0.350000 -0.020000 -0.010000 -1.450000 5.413592 0.966713 0.000000 32.310000 0.000000
2877.337868 0.050000 0.260000 0.050000 0.010000 0.010000 -1.460000 4.845593 0.865284 0.000000 28.920000 0.000000
2877.373008 -0.220000 -0.050000 -0.010000 -0.010000 0.000000 -1.450000 6.460790 1.153713 0.000000 38.560000 0.000000
2877.400284 -0.360000 -0.060000 -0.010000 -0.020000 -0.010000 -1.470000 5.413592 0.966713 0.000000 32.310000 0.000000
2877.429649 0.110000 0.270000 -0.250000 0.000000 0.000000 -1.520000 5.413592 0.966713 0.000000 32.310000 0.000000
2877.464382 -0.600000 -0.360000 0.200000 0.000000 -0.030000 -1.420000 5.653191 1.009498 0.000000 33.740000 0.000000
2877.498983 0.140000 0.300000 0.270000 0.010000 0.010000 -1.360000 5.653191 1.009498 0.000000 33.740000 0.000000
2877.534101 -0.320000 -0.290000 -0.160000 -0.010000 0.020000 -1.370000 5.413592 0.966713 0.000000 32.310000 0.000000
2877.569140 0.180000 0.210000 -0.190000 -0.010000 -0.000000 -1.380000 5.653191 1.009498 0.000000 33.740000 0.000000
2877.605894 0.070000 -0.120000 -0.050000 -0.010000 -0.040000 -1.420000 5.653191 1.009498 0.000000 33.740000 0.000000
2877.638474 0.330000 -0.200000 -0.080000 0.000000 0.000000 -1.420000 5.653191 1.009498 0.000000 33.740000 0.000000
2877.672032 0.190000 0.150000 -0.230000 0.000000 0.020000 -1.400000 5.653191 1.009498 0.000000 33.740000 0.000000
2877.703355 -0.070000 0.050000 -0.070000 -0.010000 -0.010000 -1.440000 5.653191 1.009498 0.000000 33.740000 0.000000
2877.732407 -0.170000 0.050000 0.380000 -0.010000 0.020000 -1.420000 5.413592 0.966713 0.000000 32.310000 0.000000
2877.760955 0.090000 -0.090000 -0.310000 -0.020000 -0.010000 -1.390000 4.845593 0.865284 0.000000 28.920000 0.000000
2877.788951 0.270000 0.230000 -0.250000 0.010000 0.010000 -1.390000 5.653191 1.009498 0.000000 33.740000 0.000000
2877.820487 0.110000 0.060000 0.340000 0.020000 0.010000 -1.400000 5.413592 0.966713 0.000000 32.310000 0.000000
2877.851934 0.060000 -0.240000 -0.020000 -0.020000 0.020000 -1.420000 5.653191 1.009498 0.000000 33.740000 0.000000
2877.880766 0.110000 -0.250000 -0.110000 -0.020000 0.000000 -1.420000 5.653191 1.009498 0.000000 33.740000 0.000000
2877.908730 0.230000 0.070000 0.150000 -0.000000 0.010000 -1.450000 5.653191 1.009498 0.000000 33.740000 0.000000
2877.940978 -0.210000 -0.090000 -0.400000 -0.020000 0.020000 -1.430000 5.653191 1.009498 0.000000 33.740000 0.000000
2877.971640 0.010000 -0.080000 -0.260000 0.010000 0.010000 -1.440000 5.653191 1.009498 0.000000 33.740000 0.000000
2877.999002 -0.150000 -0.200000 0.130000 -0.010000 0.010000 -1.430000 4.639504 0.828483 0.000000 27.690000 0.000000
2878.034057 -0.010000 -0.030000 0.110000 -0.000000 0.020000 -1.420000 5.653191 1.009498 0.000000 33.740000 0.000000
2878.065352 -0.210000 -0.160000 -0.340000 0.020000 0.030000 -1.390000 5.653191 1.009498 0.000000 33.740000 0.000000
2878.097032 0.180000 0.300000 0.140000 -0.010000 -0.010000 -1.410000 5.413592 0.966713 0.000000 32.310000 0.000000
2878.130483 0.130000 -0.070000 0.040000 -0.020000 -0.020000 -1.440000 5.653191 1.009498 0.000000 33.740000 0.000000
2878.158309 0.010000 0.270000 0.020000 -0.000000 0.000000 -1.420000 5.653191 1.009498 0.000000 33.740000 0.000000
2878.189839 -0.320000 -0.300000 0.020000 0.010000 0.010000 -1.380000 4.845593 0.865284 0.000000 28.920000 0.000000
2878.226938 -0.290000 0.270000 0.120000 -0.030000 0.010000 -1.370000 5.413592 0.966713 0.000000 32.310000 0.000000
2878.263081 0.070000 0.190000 0.190000 -0.000000 -0.020000 -1.380000 5.653191 1.009498 0.000000 33.740000 0.000000
2878.289240 0.170000 0.140000 0.230000 0.020000 -0.010000 -1.350000 5.413592 0.966713 0.000000 32.310000 0.000000
2878.323830 0.170000 -0.300000 0.180000 0.010000 0.000000 -1.360000 4.845593 0.865284 0.000000 28.920000 0.000000
2878.358411 0.070000 -0.150000 0.250000 -0.010000 -0.010000 -1.360000 5.653191 1.009498 0.000000 33.740000 0.000000
2878.394872 -0.060000 -0.240000 -0.110000 -0.020000 -0.010000 -1.350000 5.413592 0.966713 0.000000 32.310000 0.000000
2878.428979 -0.040000 -0.040000 0.060000 -0.000000 0.000000 -1.390000 4.639504 0.828483 0.000000 27.690000 0.000000
2878.462550 0.320000 0.150000 -0.390000 0.010000 0.020000 -1.400000 5.653191 1.009498 0.000000 33.740000 0.000000
2878.491357 -0.150000 -0.300000 -0.060000 0.000000 0.000000 -1.320000 4.845593 0.865284 0.000000 28.920000 0.000000
2878.518924 0.040000 -0.040000 0.070000 0.000000 0.000000 -1.360000 5.413592 0.966713 0.000000 32.310000 0.000000
2878.550403 -0.060000 -0.140000 0.130000 -0.000000 0.020000 -1.360000 5.653191 1.009498 0.000000 33.740000 0.000000
2878.580575 -0.320000 0.070000 -0.430000 0.010000 0.010000 -1.410000 4.639504 0.828483 0.000000 27.690000 0.000000
2878.610923 0.080000 0.090000 -0.070000 -0.000000 -0.010000 -1.390000 5.653191 1.009498 0.000000 33.740000 0.000000
2878.643491 0.030000 -0.270000 0.010000 0.000000 -0.010000 -1.410000 5.653191 1.009498 0.000000 33.740000 0.000000
2878.675113 0.090000 0.250000 -0.270000 -0.010000 0.040000 -1.430000 5.413592 0.966713 0.000000 32.310000 0.000000
2878.710396 -0.030000 0.190000 -0.040000 0.000000 -0.020000 -1.450000 5.413592 0.966713 0.000000 32.310000 0.000000
2878.740481 0.150000 0.040000 0.460000 -0.010000 0.050000 -1.470000 5.653191 1.009498 0.000000 33.740000 0.000000
2878.768578 0.260000 -0.130000 0.350000 -0.010000 -0.000000 -1.510000 5.653191 1.009498 0.000000 33.740000 0.000000
2878.805476 -0.220000 0.230000 -0.040000 0.020000 -0.020000 -1.490000 6.186005 1.104644 0.000000 36.920000 0.000000
2878.839762 -0.120000 0.090000 0.110000 0.030000 0.010000 -1.480000 5.653191 1.009498 0.000000 33.740000 0.000000
2878.867814 0.070000 -0.250000 -0.090000 0.000000 0.010000 -1.490000 5.653191 1.009498 0.000000 33.740000 0.000000
2878.899785 0.070000 0.030000 0.080000 -0.010000 0.000000 -1.490000 5.653191 1.009498 0.000000 33.740000 0.000000
2878.929330 0.480000 -0.190000 0.020000 0.000000 0.010000 -1.480000 5.653191 1.009498 0.000000 33.740000 0.000000
2878.956068 -0.160000 -0.190000 0.030000 -0.010000 0.010000 -1.480000 5.653191 1.009498 0.000000 33.740000 0.000000
2878.994223 -0.100000 0.150000 0.030000 -0.000000 -0.010000 -1.460000 5.413592 0.966713 0.000000 32.310000 0.000000
2879.027403 0.300000 0.200000 -0.490000 0.010000 -0.000000 -1.500000 5.653191 1.009498 0.000000 33.740000 0.000000
2879.061186 -0.380000 -0.100000 0.430000 0.020000 -0.000000 -1.430000 5.653191 1.009498 0.000000 33.740000 0.000000
2879.087617 -0.010000 -0.210000 0.200000 0.010000 0.000000 -1.440000 6.186005 1.104644 0.000000 36.920000 0.000000
2879.123621 -0.240000 0.070000 -0.110000 -0.020000 0.000000 -1.440000 5.653191 1.009498 0.000000 33.740000 0.000000
2879.157544 0.330000 0.170000 -0.010000 0.030000 -0.010000 -1.470000 5.653191 1.009498 0.000000 33.740000 0.000000
2879.191229 -0.440000 -0.300000 0.050000 0.000000 -0.000000 -1.460000 4.845593 0.865284 0.000000 28.920000 0.000000
2879.220823 0.140000 0.050000 -0.100000 -0.010000 -0.020000 -1.450000 6.460790 1.153713 0.000000 38.560000 0.000000
2879.248469 0.340000 -0.160000 0.080000 -0.000000 0.010000 -1.500000 5.653191 1.009498 0.000000 33.740000 0.000000
2879.279934 0.370000 0.050000 -0.130000 0.010000 -0.010000 -1.530000 5.413592 0.966713 0.000000 32.310000 0.000000
2879.309585 -0.560000 -0.000000 -0.290000 -0.000000 -0.020000 -1.520000 5.653191 1.009498 0.000000 33.740000 0.000000
2879.338911 -0.250000 0.240000 -0.230000 0.010000 -0.000000 -1.450000 5.653191 1.009498 0.000000 33.740000 0.000000
2879.372788 0.210000 0.580000 -0.170000 0.010000 -0.010000 -1.510000 6.186005 1.104644 0.000000 36.920000 0.000000
2879.399011 -0.310000 0.020000 0.210000 0.010000 -0.010000 -1.500000 5.413592 0.966713 0.000000 32.310000 0.000000
2879.435325 -0.180000 0.270000 0.400000 0.010000 0.020000 -1.510000 5.653191 1.009498 0.000000 33.740000 0.000000
2879.469727 -0.220000 -0.520000 -0.050000 -0.040000 0.010000 -1.490000 5.653191 1.009498 0.000000 33.740000 0.000000
2879.501613 0.050000 0.210000 -0.140000 0.010000 0.010000 -1.480000 5.413592 0.966713 0.000000 32.310000 0.000000
2879.535430 -0.060000 -0.130000 0.330000 0.010000 -0.010000 -1.480000 6.460790 1.153713 0.000000 38.560000 0.000000
2879.569592 0.200000 0.220000 0.050000 0.000000 0.000000 -1.500000 5.413592 0.966713 0.000000 32.310000 0.000000
2879.597628 0.320000 -0.160000 -0.130000 0.000000 -0.010000 -1.520000 5.653191 1.009498 0.000000 33.740000 0.000000
2879.632770 -0.040000 -0.280000 0.150000 -0.000000 0.000000 -1.520000 5.653191 1.009498 0.000000 33.740000 0.000000
2879.668928 -0.260000 0.280000 -0.060000 0.000000 -0.010000 -1.510000 5.413592 0.966713 0.000000 32.310000 0.000000
2879.700856 0.020000 -0.310000 0.070000 0.010000 -0.020000 -1.500000 5.413592 0.966713 0.000000 32.310000 0.000000
2879.737913 -0.060000 0.320000 -0.150000 -0.000000 0.010000 -1.500000 5.653191 1.009498 0.000000 33.740000 0.000000
2879.776149 0.400000 -0.220000 -0.130000 0.010000 -0.020000 -1.490000 5.653191 1.009498 0.000000 33.740000 0.000000
2879.809149 -0.050000 -0.180000 0.070000 -0.010000 -0.010000 -1.480000 5.413592 0.966713 0.000000 32.310000 0.000000
2879.843791 -0.090000 0.080000 -0.150000 0.010000 0.000000 -1.450000 5.653191 1.009498 0.000000 33.740000 0.000000
2879.878619 0.320000 -0.230000 -0.150000 -0.010000 -0.000000 -1.490000 5.413592 0.966713 0.000000 32.310000 0.000000
2879.911292 0.280000 0.400000 -0.110000 0.010000 -0.000000 -1.510000 4.845593 0.865284 0.000000 28.920000 0.000000
2879.939410 -0.350000 -0.100000 -0.080000 -0.010000 -0.010000 -1.470000 6.460790 1.153713 0.000000 38.560000 0.000000
2879.972454 -0.100000 -0.110000 0.250000 -0.040000 -0.010000 -1.500000 5.413592 0.966713 0.000000 32.310000 0.000000
2880.002435 0.060000 0.360000 -0.190000 -0.020000 -0.010000 -1.510000 5.413592 0.966713 0.000000 32.310000 0.000000
2880.031379 -0.360000 0.000000 -0.010000 -0.020000 0.000000 -1.520000 5.653191 1.009498 0.000000 33.740000 0.000000
2880.059730 -0.070000 0.310000 0.190000 0.010000 0.010000 -1.490000 6.460790 1.153713 0.000000 38.560000 0.000000
2880.097260 -0.100000 -0.130000 -0.080000 -0.000000 0.000000 -1.490000 5.413592 0.966713 0.000000 32.310000 0.000000
2880.131918 0.100000 0.200000 0.400000 -0.010000 -0.010000 -1.530000 5.653191 1.009498 0.000000 33.740000 0.000000
2880.159859 -0.110000 -0.080000 -0.060000 -0.020000 -0.000000 -1.530000 5.653191 1.009498 0.000000 33.740000 0.000000
2880.196048 0.240000 0.000000 -0.240000 0.010000 0.000000 -1.530000 5.653191 1.009498 0.000000 33.740000 0.000000
2880.227197 0.050000 -0.160000 0.060000 0.000000 0.020000 -1.490000 5.653191 1.009498 0.000000 33.740000 0.000000
2880.262981 0.100000 -0.060000 -0.030000 -0.000000 0.010000 -1.530000 5.653191 1.009498 0.000000 33.740000 0.000000
2880.291734 -0.270000 0.080000 0.090000 0.000000 -0.020000 -1.520000 5.413592 0.966713 0.000000 32.310000 0.000000
2880.319634 0.080000 -0.180000 0.160000 -0.010000 -0.010000 -1.520000 5.653191 1.009498 0.000000 33.740000 0.000000
2880.352990 0.060000 -0.200000 0.070000 -0.000000 0.010000 -1.480000 5.653191 1.009498 0.000000 33.740000 0.000000
2880.381934 0.500000 0.190000 -0.120000 0.010000 0.000000 -1.560000 5.413592 0.966713 0.000000 32.310000 0.000000
2880.409657 -0.170000 -0.120000 0.140000 -0.000000 -0.020000 -1.550000 6.460790 1.153713 0.000000 38.560000 0.000000
2880.446235 0.130000 0.040000 -0.150000 -0.010000 -0.020000 -1.570000 5.653191 1.009498 0.000000 33.740000 0.000000
2880.482128 0.070000 -0.100000 0.040000 0.020000 -0.000000 -1.510000 4.845593 0.865284 0.000000 28.920000 0.000000
2880.509343 0.010000 0.000000 0.130000 0.000000 0.010000 -1.530000 6.460790 1.153713 0.000000 38.560000 0.000000
2880.544793 -0.460000 0.320000 -0.010000 -0.000000 -0.040000 -1.510000 5.653191 1.009498 0.000000 33.740000 0.000000
2880.578959 0.100000 -0.250000 -0.010000 0.010000 -0.010000 -1.540000 6.186005 1.104644 0.000000 36.920000 0.000000
2880.614932 -0.390000 -0.180000 -0.160000 -0.000000 -0.000000 -1.540000 5.653191 1.009498 0.000000 33.740000 0.000000
2880.649080 0.320000 0.290000 0.010000 0.020000 0.020000 -1.550000 5.653191 1.009498 0.000000 33.740000 0.000000
2880.677802 -0.170000 -0.310000 -0.070000 -0.010000 -0.020000 -1.550000 5.413592 0.966713 0.000000 32.310000 0.000000
2880.712276 -0.100000 0.180000 -0.210000 -0.010000 -0.020000 -1.530000 5.413592 0.966713 0.000000 32.310000 0.000000
2880.747768 0.630000 -0.360000 -0.100000 -0.010000 0.010000 -1.550000 5.653191 1.009498 0.000000 33.740000 0.000000
2880.781976 -0.020000 0.060000 0.060000 0.000000 -0.010000 -1.580000 5.653191 1.009498 0.000000 33.740000 0.000000
2880.813016 -0.460000 0.190000 0.240000 0.020000 -0.010000 -1.570000 6.186005 1.104644 0.000000 36.920000 0.000000
2880.841313 0.050000 -0.130000 0.280000 -0.000000 -0.010000 -1.590000 5.653191 1.009498 0.000000 33.740000 0.000000
2880.869414 0.080000 0.170000 -0.110000 -0.010000 -0.010000 -1.600000 6.186005 1.104644 0.000000 36.920000 0.000000
2880.903411 -0.260000 -0.050000 0.090000 0.000000 -0.010000 -1.550000 5.653191 1.009498 0.000000 33.740000 0.000000
2880.935477 -0.450000 0.260000 -0.540000 -0.010000 -0.010000 -1.540000 5.653191 1.009498 0.000000 33.740000 0.000000
2880.973058 -0.040000 0.070000 0.030000 0.020000 -0.010000 -1.520000 6.186005 1.104644 0.000000 36.920000 0.000000
2881.008462 0.130000 -0.500000 0.180000 -0.020000 -0.010000 -1.550000 5.413592 0.966713 0.000000 32.310000 0.000000
2881.044187 -0.080000 -0.150000 -0.010000 -0.000000 0.010000 -1.550000 6.460790 1.153713 0.000000 38.560000 0.000000
2881.077161 0.030000 0.050000 -0.090000 0.020000 -0.010000 -1.540000 5.653191 1.009498 0.000000 33.740000 0.000000
2881.111238 0.110000 -0.290000 -0.210000 0.010000 0.000000 -1.550000 6.186005 1.104644 0.000000 36.920000 0.000000
2881.138462 0.230000 0.240000 0.090000 0.010000 0.010000 -1.530000 5.653191 1.009498 0.000000 33.740000 0.000000
2881.173484 0.610000 -0.330000 -0.020000 0.010000 0.020000 -1.580000 6.186005 1.104644 0.000000 36.920000 0.000000
2881.204426 -0.370000 0.170000 -0.030000 -0.010000 -0.040000 -1.560000 5.653191 1.009498 0.000000 33.740000 0.000000
2881.237087 0.180000 -0.080000 0.190000 0.010000 -0.010000 -1.560000 6.460790 1.153713 0.000000 38.560000 0.000000
2881.274965 -0.030000 -0.070000 -0.160000 -0.010000 -0.010000 -1.570000 5.413592 0.966713 0.000000 32.310000 0.000000
2881.309495 0.000000 0.070000 -0.120000 -0.010000 -0.030000 -1.600000 5.413592 0.966713 0.000000 32.310000 0.000000
2881.346788 -0.190000 -0.160000 0.330000 0.000000 -0.010000 -1.560000 5.653191 1.009498 0.000000 33.740000 0.000000
2881.382227 -0.080000 0.120000 0.240000 0.000000 -0.000000 -1.570000 5.653191 1.009498 0.000000 33.740000 0.000000
2881.410838 -0.430000 0.110000 0.170000 0.010000 -0.010000 -1.540000 6.186005 1.104644 0.000000 36.920000 0.000000
2881.439855 0.360000 -0.060000 -0.040000 -0.010000 -0.030000 -1.590000 5.653191 1.009498 0.000000 33.740000 0.000000
2881.476625 -0.790000 0.040000 -0.260000 -0.010000 -0.040000 -1.550000 6.460790 1.153713 0.000000 38.560000 0.000000
2881.511253 0.060000 0.250000 -0.040000 0.000000 -0.030000 -1.550000 5.653191 1.009498 0.000000 33.740000 0.000000
2881.537913 0.020000 -0.050000 0.110000 -0.000000 -0.030000 -1.560000 6.460790 1.153713 0.000000 38.560000 0.000000
2881.572053 0.160000 0.270000 0.180000 -0.010000 0.010000 -1.550000 6.460790 1.153713 0.000000 38.560000 0.000000
2881.600984 -0.020000 -0.300000 0.040000 -0.010000 0.020000 -1.520000 5.413592 0.966713 0.000000 32.310000 0.000000
2881.630796 -0.070000 0.170000 -0.010000 -0.020000 -0.010000 -1.540000 6.460790 1.153713 0.000000 38.560000 0.000000
2881.658790 0.130000 0.050000 -0.280000 0.010000 -0.000000 -1.530000 5.653191 1.009498 0.000000 33.740000 0.000000
2881.694833 -0.070000 -0.080000 0.240000 0.010000 0.000000 -1.540000 6.186005 1.104644 0.000000 36.920000 0.000000
2881.729213 0.010000 -0.200000 -0.170000 0.000000 0.010000 -1.530000 5.653191 1.009498 0.000000 33.740000 0.000000
2881.766070 0.140000 0.170000 -0.180000 0.010000 0.000000 -1.530000 6.460790 1.153713 0.000000 38.560000 0.000000
2881.801133 -0.000000 -0.060000 -0.040000 -0.000000 -0.010000 -1.510000 5.653191 1.009498 0.000000 33.740000 0.000000
2881.829385 0.060000 0.160000 -0.290000 0.000000 0.010000 -1.530000 5.653191 1.009498 0.000000 33.740000 0.000000
2881.866251 -0.260000 -0.260000 -0.070000 -0.010000 -0.010000 -1.530000 5.653191 1.009498 0.000000 33.740000 0.000000
2881.902303 0.280000 -0.190000 0.190000 -0.010000 -0.010000 -1.520000 5.413592 0.966713 0.000000 32.310000 0.000000
2881.931061 0.180000 -0.060000 -0.100000 0.000000 0.000000 -1.540000 5.653191 1.009498 0.000000 33.740000 0.000000
2881.962069 0.020000 -0.200000 0.200000 -0.000000 0.020000 -1.540000 5.653191 1.009498 0.000000 33.740000 0.000000
2881.990151 0.240000 0.120000 -0.300000 -0.010000 0.010000 -1.540000 5.413592 0.966713 0.000000 32.310000 0.000000
2882.018625 -0.180000 -0.050000 -0.240000 -0.010000 0.000000 -1.510000 5.413592 0.966713 0.000000 32.310000 0.000000
2882.054318 0.020000 0.260000 0.480000 -0.020000 -0.000000 -1.500000 5.653191 1.009498 0.000000 33.740000 0.000000
2882.090868 -0.140000 -0.170000 0.000000 0.000000 -0.020000 -1.490000 5.653191 1.009498 0.000000 33.740000 0.000000
2882.118760 0.050000 0.340000 0.090000 0.000000 0.030000 -1.440000 5.413592 0.966713 0.000000 32.310000 0.000000
2882.151789 0.050000 -0.210000 -0.100000 -0.000000 0.020000 -1.430000 4.845593 0.865284 0.000000 28.920000 0.000000
2882.180826 -0.290000 0.370000 -0.080000 0.010000 0.030000 -1.380000 5.413592 0.966713 0.000000 32.310000 0.000000
2882.207223 -0.220000 0.020000 0.130000 0.010000 -0.030000 -1.350000 5.653191 1.009498 0.000000 33.740000 0.000000
2882.243052 0.140000 -0.250000 0.080000 -0.040000 -0.030000 -1.390000 4.845593 0.865284 0.000000 28.920000 0.000000
2882.270817 0.440000 0.150000 0.010000 -0.020000 0.020000 -1.410000 5.413592 0.966713 0.000000 32.310000 0.000000
2882.299468 -0.160000 -0.190000 -0.030000 0.010000 0.010000 -1.380000 5.413592 0.966713 0.000000 32.310000 0.000000
2882.335575 0.210000 0.190000 0.040000 -0.010000 0.000000 -1.410000 5.653191 1.009498 0.000000 33.740000 0.000000
2882.369858 0.160000 -0.070000 -0.010000 -0.010000 -0.000000 -1.400000 4.845593 0.865284 0.000000 28.920000 0.000000
2882.396383 -0.100000 0.090000 -0.000000 0.010000 0.030000 -1.410000 5.413592 0.966713 0.000000 32.310000 0.000000
2882.431498 0.170000 -0.310000 0.300000 -0.000000 0.020000 -1.410000 4.845593 0.865284 0.000000 28.920000 0.000000
2882.458886 0.390000 0.250000 -0.060000 0.000000 0.000000 -1.430000 5.413592 0.966713 0.000000 32.310000 0.000000
2882.494817 -0.310000 -0.100000 -0.230000 0.020000 0.010000 -1.410000 5.653191 1.009498 0.000000 33.740000 0.000000
2882.528868 0.060000 0.170000 0.100000 0.010000 -0.000000 -1.440000 5.653191 1.009498 0.000000 33.740000 0.000000
2882.561434 -0.170000 0.050000 0.180000 -0.000000 0.020000 -1.450000 5.653191 1.009498 0.000000 33.740000 0.000000
2882.590604 -0.010000 0.080000 0.140000 0.000000 0.000000 -1.430000 5.413592 0.966713 0.000000 32.310000 0.000000
2882.616918 -0.020000 0.120000 -0.340000 0.020000 0.020000 -1.420000 5.653191 1.009498 0.000000 33.740000 0.000000
2882.652153 -0.350000 -0.120000 0.280000 0.020000 0.010000 -1.420000 5.653191 1.009498 0.000000 33.740000 0.000000
2882.684320 0.490000 0.160000 -0.180000 -0.000000 0.010000 -1.420000 5.413592 0.966713 0.000000 32.310000 0.000000
2882.720206 -0.280000 -0.390000 0.100000 -0.020000 -0.010000 -1.450000 5.653191 1.009498 0.000000 33.740000 0.000000
2882.748299 0.060000 0.160000 -0.070000 0.010000 -0.020000 -1.430000 5.653191 1.009498 0.000000 33.740000 0.000000
2882.783972 -0.600000 -0.280000 -0.400000 0.010000 0.010000 -1.400000 4.845593 0.865284 0.000000 28.920000 0.000000
2882.814882 0.230000 0.320000 -0.050000 0.000000 0.020000 -1.410000 5.653191 1.009498 0.000000 33.740000 0.000000
2882.846550 -0.110000 -0.140000 0.070000 0.030000 -0.000000 -1.410000 5.653191 1.009498 0.000000 33.740000 0.000000
2882.879286 0.150000 -0.270000 -0.060000 0.000000 0.020000 -1.400000 5.413592 0.966713 0.000000 32.310000 0.000000
2882.917094 0.340000 0.080000 0.130000 0.020000 -0.010000 -1.420000 5.653191 1.009498 0.000000 33.740000 0.000000
2882.950992 -0.110000 -0.070000 -0.060000 0.010000 0.010000 -1.400000 5.653191 1.009498 0.000000 33.740000 0.000000
2882.979112 0.520000 0.180000 0.040000 0.020000 -0.010000 -1.420000 5.413592 0.966713 0.000000 32.310000 0.000000
2883.015049 -0.100000 0.240000 -0.130000 0.030000 -0.060000 -1.390000 5.653191 1.009498 0.000000 33.740000 0.000000
2883.047394 0.370000 -0.250000 -0.010000 -0.010000 -0.010000 -1.420000 5.653191 1.009498 0.000000 33.740000 0.000000
2883.078932 -0.160000 0.190000 0.300000 -0.020000 0.020000 -1.370000 4.845593 0.865284 0.000000 28.920000 0.000000
2883.115221 -0.150000 -0.110000 -0.420000 -0.000000 0.000000 -1.390000 5.653191 1.009498 0.000000 33.740000 0.000000
2883.149793 -0.030000 -0.100000 0.290000 -0.020000 -0.010000 -1.390000 5.653191 1.009498 0.000000 33.740000 0.000000
2883.185840 0.090000 0.270000 -0.090000 0.010000 -0.010000 -1.320000 5.413592 0.966713 0.000000 32.310000 0.000000
2883.223594 -0.460000 -0.040000 -0.230000 0.010000 0.000000 -1.300000 4.845593 0.865284 0.000000 28.920000 0.000000
2883.257632 0.360000 -0.250000 0.350000 0.010000 -0.010000 -1.330000 5.653191 1.009498 0.000000 33.740000 0.000000
2883.293562 -0.090000 0.030000 0.070000 -0.040000 -0.000000 -1.370000 5.413592 0.966713 0.000000 32.310000 0.000000
2883.328520 0.390000 0.120000 -0.140000 0.010000 -0.020000 -1.410000 4.639504 0.828483 0.000000 27.690000 0.000000
2883.365308 -0.540000 -0.140000 0.080000 0.010000 -0.000000 -1.350000 5.653191 1.009498 0.000000 33.740000 0.000000
2883.397986 0.210000 0.210000 0.360000 -0.020000 -0.000000 -1.400000 5.653191 1.009498 0.000000 33.740000 0.000000
2883.430489 -0.230000 0.050000 -0.180000 -0.010000 -0.020000 -1.390000 5.413592 0.966713 0.000000 32.310000 0.000000
2883.467499 -0.160000 0.090000 -0.020000 0.010000 -0.010000 -1.400000 5.653191 1.009498 0.000000 33.740000 0.000000
2883.501832 -0.010000 -0.230000 0.720000 0.000000 -0.010000 -1.440000 5.413592 0.966713 0.000000 32.310000 0.000000
2883.529085 -0.090000 0.250000 -0.310000 -0.010000 -0.020000 -1.430000 5.653191 1.009498 0.000000 33.740000 0.000000
2883.562645 -0.050000 -0.160000 -0.320000 -0.010000 -0.030000 -1.470000 5.653191 1.009498 0.000000 33.740000 0.000000
2883.590929 0.240000 0.200000 0.240000 0.000000 -0.030000 -1.460000 5.413592 0.966713 0.000000 32.310000 0.000000
2883.619527 0.240000 0.040000 0.040000 -0.000000 -0.020000 -1.490000 5.413592 0.966713 0.000000 32.310000 0.000000
2883.651744 -0.130000 0.230000 -0.340000 0.020000 -0.020000 -1.450000 6.460790 1.153713 0.000000 38.560000 0.000000
2883.680765 -0.260000 0.070000 -0.110000 0.010000 -0.010000 -1.440000 5.653191 1.009498 0.000000 33.740000 0.000000
2883.709040 0.180000 -0.020000 0.040000 -0.000000 0.010000 -1.440000 5.413592 0.966713 0.000000 32.310000 0.000000
2883.744271 0.020000 0.090000 0.130000 -0.010000 0.000000 -1.450000 5.653191 1.009498 0.000000 33.740000 0.000000
2883.779447 0.150000 -0.050000 -0.000000 -0.010000 -0.000000 -1.440000 5.413592 0.966713 0.000000 32.310000 0.000000
2883.815748 0.020000 0.030000 -0.260000 -0.000000 0.020000 -1.430000 5.653191 1.009498 0.000000 33.740000 0.000000
2883.852064 -0.290000 -0.160000 0.110000 0.010000 0.000000 -1.420000 5.653191 1.009498 0.000000 33.740000 0.000000
2883.881115 0.250000 0.340000 0.190000 0.010000 -0.010000 -1.430000 5.653191 1.009498 0.000000 33.740000 0.000000
2883.910245 0.020000 -0.290000 -0.260000 -0.000000 -0.020000 -1.480000 5.413592 0.966713 0.000000 32.310000 0.000000
2883.941627 -0.060000 -0.270000 -0.120000 -0.000000 0.000000 -1.400000 5.653191 1.009498 0.000000 33.740000 0.000000
2883.969131 0.300000 0.190000 -0.020000 0.010000 0.010000 -1.470000 5.653191 1.009498 0.000000 33.740000 0.000000
2884.003651 -0.420000 0.160000 0.280000 -0.010000 -0.000000 -1.460000 5.413592 0.966713 0.000000 32.310000 0.000000
2884.040294 -0.120000 0.020000 0.020000 -0.020000 -0.020000 -1.490000 5.653191 1.009498 0.000000 33.740000 0.000000
2884.067876 -0.360000 -0.350000 -0.090000 -0.010000 0.010000 -1.460000 5.653191 1.009498 0.000000 33.740000 0.000000
2884.104059 0.450000 0.210000 -0.080000 0.010000 0.010000 -1.470000 5.653191 1.009498 0.000000 33.740000 0.000000
2884.139948 -0.360000 -0.180000 0.030000 0.000000 -0.010000 -1.500000 5.653191 1.009498 0.000000 33.740000 0.000000
2884.176948 -0.140000 0.030000 -0.040000 -0.000000 -0.010000 -1.440000 5.653191 1.009498 0.000000 33.740000 0.000000
2884.211083 0.350000 0.070000 0.170000 0.010000 -0.010000 -1.510000 5.413592 0.966713 0.000000 32.310000 0.000000
2884.244116 0.040000 -0.210000 0.420000 -0.010000 -0.000000 -1.460000 6.460790 1.153713 0.000000 38.560000 0.000000
2884.279056 0.230000 0.050000 -0.030000 -0.000000 -0.020000 -1.530000 6.460790 1.153713 0.000000 38.560000 0.000000
2884.307513 -0.130000 -0.270000 -0.150000 -0.000000 0.020000 -1.500000 5.413592 0.966713 0.000000 32.310000 0.000000
2884.342003 0.190000 0.040000 0.230000 -0.000000 0.020000 -1.530000 5.653191 1.009498 0.000000 33.740000 0.000000
2884.369623 0.160000 0.010000 0.010000 -0.020000 -0.010000 -1.490000 5.653191 1.009498 0.000000 33.740000 0.000000
2884.403831 0.330000 0.290000 0.140000 -0.010000 -0.000000 -1.490000 5.653191 1.009498 0.000000 33.740000 0.000000
2884.435914 -0.120000 -0.100000 -0.140000 0.000000 0.010000 -1.490000 5.413592 0.966713 0.000000 32.310000 0.000000
2884.471927 -0.100000 -0.170000 -0.020000 -0.010000 0.020000 -1.510000 5.653191 1.009498 0.000000 33.740000 0.000000
2884.502081 -0.250000 -0.090000 -0.170000 -0.010000 0.010000 -1.510000 5.413592 0.966713 0.000000 32.310000 0.000000
2884.529295 -0.360000 -0.120000 -0.030000 -0.010000 -0.020000 -1.500000 5.653191 1.009498 0.000000 33.740000 0.000000
2884.567054 -0.300000 -0.060000 0.210000 -0.020000 -0.010000 -1.480000 5.653191 1.009498 0.000000 33.740000 0.000000
2884.599077 0.520000 -0.130000 -0.240000 -0.000000 0.010000 -1.540000 5.413592 0.966713 0.000000 32.310000 0.000000
2884.631464 -0.270000 0.340000 0.010000 -0.020000 0.000000 -1.540000 5.413592 0.966713 0.000000 32.310000 0.000000
2884.661010 -0.250000 -0.000000 -0.270000 0.010000 -0.010000 -1.500000 6.460790 1.153713 0.000000 38.560000 0.000000
2884.688608 -0.240000 0.190000 -0.130000 0.000000 0.010000 -1.510000 4.845593 0.865284 0.000000 28.920000 0.000000
2884.723495 0.220000 0.170000 0.170000 0.010000 -0.010000 -1.530000 5.413592 0.966713 0.000000 32.310000 0.000000
2884.757895 -0.060000 0.120000 0.100000 -0.010000 0.000000 -1.560000 5.653191 1.009498 0.000000 33.740000 0.000000
2884.793923 0.050000 -0.180000 -0.520000 0.010000 0.000000 -1.530000 5.413592 0.966713 0.000000 32.310000 0.000000
2884.828078 0.210000 0.330000 -0.110000 0.010000 0.000000 -1.500000 5.653191 1.009498 0.000000 33.740000 0.000000
2884.862675 0.390000 -0.120000 0.190000 0.010000 -0.010000 -1.550000 5.653191 1.009498 0.000000 33.740000 0.000000
2884.891559 -0.360000 0.060000 -0.100000 -0.020000 0.010000 -1.550000 5.413592 0.966713 0.000000 32.310000 0.000000
2884.921481 0.350000 -0.210000 -0.020000 0.010000 -0.000000 -1.550000 5.413592 0.966713 0.000000 32.310000 0.000000
2884.948266 -0.050000 -0.110000 -0.080000 0.010000 -0.000000 -1.550000 5.653191 1.009498 0.000000 33.740000 0.000000
2884.981269 0.270000 0.000000 0.410000 -0.020000 -0.010000 -1.600000 5.653191 1.009498 0.000000 33.740000 0.000000
2885.015203 -0.380000 0.180000 -0.210000 -0.010000 -0.020000 -1.580000 5.413592 0.966713 0.000000 32.310000 0.000000
2885.049967 -0.650000 -0.170000 -0.040000 -0.010000 0.000000 -1.550000 5.653191 1.009498 0.000000 33.740000 0.000000
2885.076557 0.310000 -0.010000 0.180000 0.010000 -0.010000 -1.530000 5.653191 1.009498 0.000000 33.740000 0.000000
2885.110442 0.050000 -0.270000 0.120000 0.010000 -0.020000 -1.560000 5.653191 1.009498 0.000000 33.740000 0.000000
2885.137164 -0.500000 0.190000 0.050000 -0.000000 0.000000 -1.560000 5.653191 1.009498 0.000000 33.740000 0.000000
2885.171244 0.080000 -0.060000 0.160000 0.020000 -0.020000 -1.560000 5.653191 1.009498 0.000000 33.740000 0.000000
2885.198519 0.240000 -0.150000 0.370000 0.000000 -0.000000 -1.550000 5.413592 0.966713 0.000000 32.310000 0.000000
2885.232143 0.100000 0.460000 -0.210000 0.010000 -0.010000 -1.530000 6.460790 1.153713 0.000000 38.560000 0.000000
2885.259783 0.050000 -0.090000 -0.340000 0.020000 -0.010000 -1.560000 5.653191 1.009498 0.000000 33.740000 0.000000
2885.293863 0.340000 -0.110000 -0.090000 -0.000000 0.020000 -1.570000 5.413592 0.966713 0.000000 32.310000 0.000000
2885.325739 0.450000 0.210000 -0.200000 0.010000 -0.010000 -1.550000 6.460790 1.153713 0.000000 38.560000 0.000000
2885.358563 0.190000 -0.340000 0.070000 0.000000 0.000000 -1.580000 5.653191 1.009498 0.000000 33.740000 0.000000
2885.393508 -0.070000 0.220000 0.160000 0.000000 0.010000 -1.580000 5.653191 1.009498 0.000000 33.740000 0.000000
2885.424568 -0.060000 -0.060000 0.220000 0.010000 0.010000 -1.570000 5.653191 1.009498 0.000000 33.740000 0.000000
2885.458451 0.200000 0.080000 -0.460000 -0.010000 -0.020000 -1.610000 5.653191 1.009498 0.000000 33.740000 0.000000
2885.492738 0.080000 -0.240000 0.220000 0.020000 -0.020000 -1.560000 5.413592 0.966713 0.000000 32.310000 0.000000
2885.520853 -0.090000 -0.050000 0.410000 -0.000000 0.010000 -1.590000 6.460790 1.153713 0.000000 38.560000 0.000000
2885.548253 -0.430000 0.200000 -0.280000 -0.010000 -0.010000 -1.590000 5.653191 1.009498 0.000000 33.740000 0.000000
2885.581859 -0.220000 0.140000 0.080000 0.010000 -0.010000 -1.580000 6.186005 1.104644 0.000000 36.920000 0.000000
2885.609484 0.250000 -0.000000 0.040000 0.020000 0.000000 -1.600000 5.653191 1.009498 0.000000 33.740000 0.000000
2885.643256 -0.480000 -0.210000 -0.060000 0.000000 0.010000 -1.540000 5.653191 1.009498 0.000000 33.740000 0.000000
2885.679074 0.080000 0.250000 -0.130000 0.010000 0.010000 -1.550000 6.460790 1.153713 0.000000 38.560000 0.000000
2885.706853 -0.060000 -0.420000 -0.060000 0.010000 -0.020000 -1.560000 6.186005 1.104644 0.000000 36.920000 0.000000
2885.737825 0.200000 0.020000 0.090000 -0.010000 0.010000 -1.590000 5.653191 1.009498 0.000000 33.740000 0.000000
2885.772456 -0.200000 0.080000 -0.330000 0.010000 -0.030000 -1.560000 6.186005 1.104644 0.000000 36.920000 0.000000
2885.800996 -0.430000 -0.040000 -0.020000 0.000000 -0.010000 -1.590000 5.653191 1.009498 0.000000 33.740000 0.000000
2885.829120 0.480000 0.100000 -0.020000 0.010000 -0.000000 -1.530000 6.460790 1.153713 0.000000 38.560000 0.000000
2885.862050 0.300000 -0.340000 0.040000 0.010000 0.010000 -1.580000 5.413592 0.966713 0.000000 32.310000 0.000000
2885.890177 -0.050000 -0.120000 0.420000 -0.020000 0.010000 -1.570000 5.413592 0.966713 0.000000 32.310000 0.000000
2885.916234 0.160000 0.080000 0.110000 0.000000 0.000000 -1.620000 6.460790 1.153713 0.000000 38.560000 0.000000
2885.951135 -0.500000 -0.340000 0.060000 -0.010000 -0.010000 -1.570000 5.653191 1.009498 0.000000 33.740000 0.000000
2885.978497 0.130000 0.100000 0.380000 -0.010000 0.020000 -1.590000 5.413592 0.966713 0.000000 32.310000 0.000000
2886.014263 0.070000 -0.010000 -0.180000 0.000000 0.000000 -1.570000 6.460790 1.153713 0.000000 38.560000 0.000000
2886.048877 -0.480000 0.280000 -0.120000 -0.020000 -0.020000 -1.560000 5.413592 0.966713 0.000000 32.310000 0.000000
2886.082669 -0.060000 0.190000 -0.100000 0.000000 -0.020000 -1.540000 5.653191 1.009498 0.000000 33.740000 0.000000
2886.110381 -0.240000 -0.190000 0.150000 0.010000 -0.000000 -1.530000 5.653191 1.009498 0.000000 33.740000 0.000000
2886.140091 -0.200000 -0.290000 0.350000 -0.010000 0.000000 -1.510000 5.413592 0.966713 0.000000 32.310000 0.000000
2886.175663 0.110000 0.250000 -0.070000 0.020000 -0.010000 -1.530000 5.413592 0.966713 0.000000 32.310000 0.000000
