1392.642939 -0.090000 -0.020000 -8.640000 0.000000 -0.000000 0.000000 0.000000 0.000000 0.000000 0.000000 0.000000
1392.682370 -0.020000 0.070000 -7.770000 0.000000 -0.000000 0.020000 0.000000 0.000000 0.000000 0.000000 0.000000
1392.711392 0.030000 -0.060000 -6.840000 0.000000 -0.000000 0.000000 0.000000 0.000000 0.000000 0.000000 0.000000
1392.740502 0.180000 0.280000 -5.800000 -0.000000 -0.000000 0.040000 0.807599 0.144214 0.000000 4.820000 0.000000
1392.767294 -0.150000 0.670000 -4.780000 -0.010000 -0.040000 0.080000 2.422796 0.144214 0.000000 9.640000 4.820000
1392.805163 0.210000 0.800000 -3.890000 -0.010000 0.020000 0.050000 4.641180 0.000000 0.000000 13.850000 13.850000
1392.837987 0.000000 0.130000 -3.200000 0.040000 0.030000 0.000000 6.460790 0.000000 0.000000 19.280000 19.280000
1392.873696 0.030000 0.320000 -2.300000 0.050000 0.040000 0.000000 11.306383 0.000000 0.000000 33.740000 33.740000
1392.909595 0.060000 -0.410000 -0.780000 0.090000 0.010000 -0.030000 11.306383 0.000000 0.000000 33.740000 33.740000
1392.945999 0.010000 0.440000 -0.620000 -0.010000 -0.040000 0.040000 14.692601 0.137931 0.000000 46.150000 41.540000
1392.980909 0.020000 -0.810000 2.230000 0.020000 -0.030000 0.000000 16.962925 -0.144214 0.000000 48.210000 53.030000
1393.008680 -0.320000 0.850000 -1.190000 -0.010000 -0.020000 -0.030000 17.013190 0.000000 0.000000 50.770000 50.770000
1393.046676 -0.050000 -0.890000 0.200000 -0.010000 0.070000 0.100000 19.385721 0.000000 0.000000 57.850000 57.850000
1393.083273 -0.640000 -0.470000 1.120000 -0.010000 -0.010000 -0.050000 21.808517 -0.144214 0.000000 62.670000 67.490000
1393.116188 1.610000 0.160000 -1.150000 -0.010000 0.070000 0.020000 22.426783 0.137931 0.000000 69.230000 64.620000
1393.148315 -0.490000 -0.530000 1.150000 -0.190000 0.080000 -0.020000 24.745697 -0.276161 0.000000 69.230000 78.460000
1393.187891 -0.080000 -1.090000 -0.470000 -0.100000 -0.050000 0.020000 24.231314 0.000000 0.000000 72.310000 72.310000
1393.223918 -0.300000 -0.050000 -0.800000 0.130000 -0.020000 0.000000 25.038912 -0.144214 0.000000 72.310000 77.130000
1393.257078 0.150000 0.810000 0.680000 -0.030000 -0.050000 0.020000 27.066287 0.138230 0.000000 83.080000 78.460000
1393.293349 -0.880000 -1.280000 -1.240000 -0.090000 0.050000 -0.060000 27.461709 -0.288428 0.000000 77.130000 86.770000
1393.326593 0.580000 -0.010000 0.280000 -0.100000 -0.030000 0.080000 27.651042 0.033810 0.000000 83.080000 81.950000
1393.360497 -1.010000 -0.160000 0.460000 0.020000 -0.060000 -0.050000 28.269307 -0.144214 0.000000 81.950000 86.770000
1393.396209 0.060000 -0.120000 2.190000 -0.300000 0.010000 0.050000 29.884505 0.432642 0.000000 96.410000 81.950000
1393.430891 -0.470000 0.280000 -0.860000 0.060000 -0.080000 -0.010000 29.884505 0.144214 0.000000 91.590000 86.770000
1393.464202 0.360000 0.280000 0.840000 0.210000 0.110000 0.050000 28.612788 -0.137931 0.000000 83.080000 87.690000
1393.501500 0.660000 0.250000 -0.640000 0.030000 -0.050000 -0.060000 28.269307 0.144214 0.000000 86.770000 81.950000
1393.530568 -0.300000 0.180000 -0.270000 0.040000 -0.030000 -0.070000 29.884505 0.144214 0.000000 91.590000 86.770000
1393.559590 0.710000 0.050000 3.780000 0.120000 -0.150000 0.020000 29.386877 0.276161 0.000000 92.310000 83.080000
1393.595653 0.200000 -0.170000 -1.250000 -0.010000 -0.040000 -0.080000 30.692104 0.288428 0.000000 96.410000 86.770000
1393.630907 -0.410000 -0.440000 0.670000 0.380000 -0.070000 0.010000 33.114900 0.432642 0.000000 106.050000 91.590000
1393.659406 0.200000 -1.140000 -0.900000 -0.140000 -0.020000 -0.010000 28.269307 0.432642 0.000000 91.590000 77.130000
1393.695255 0.060000 -0.100000 0.480000 -0.130000 -0.050000 -0.080000 29.076906 0.000000 0.000000 86.770000 86.770000
1393.730418 -0.260000 -0.240000 -1.390000 -0.030000 -0.080000 -0.030000 31.499702 0.144214 0.000000 96.410000 91.590000
1393.758999 0.060000 -0.120000 -1.750000 -0.230000 -0.050000 -0.040000 28.612788 0.137931 0.000000 87.690000 83.080000
1393.793724 -0.320000 0.220000 -0.040000 -0.020000 -0.090000 0.030000 29.076906 0.000000 0.000000 86.770000 86.770000
1393.827291 -0.090000 0.110000 0.720000 -0.330000 -0.010000 -0.010000 28.269307 0.432642 0.000000 91.590000 77.130000
1393.862758 -0.620000 1.740000 -1.190000 0.010000 -0.040000 0.030000 28.612788 -0.137931 0.000000 83.080000 87.690000
1393.891820 -0.130000 0.360000 -0.340000 0.250000 0.060000 0.050000 27.840375 0.000000 0.000000 83.080000 83.080000
1393.920953 0.740000 0.650000 -0.830000 0.100000 0.020000 -0.120000 29.076906 0.000000 0.000000 86.770000 86.770000
1393.949889 0.030000 -0.300000 -0.560000 -0.040000 0.100000 0.080000 30.692104 0.288428 0.000000 96.410000 86.770000
1393.981588 0.600000 -0.710000 0.800000 0.040000 0.020000 -0.070000 27.840375 0.000000 0.000000 83.080000 83.080000
1394.018082 -0.380000 0.270000 -1.130000 -0.020000 -0.100000 0.100000 29.076906 0.576856 0.000000 96.410000 77.130000
1394.053906 0.440000 -0.220000 -1.080000 0.200000 -0.020000 -0.050000 28.612788 -0.137931 0.000000 83.080000 87.690000
1394.086158 -0.620000 -0.530000 -0.280000 0.030000 0.010000 0.000000 27.461709 0.000000 0.000000 81.950000 81.950000
1394.124199 0.110000 -0.320000 -0.800000 -0.130000 0.050000 -0.010000 31.499702 0.144214 0.000000 96.410000 91.590000
1394.156159 -0.020000 0.170000 1.410000 0.040000 0.080000 -0.080000 31.705791 0.690253 0.000000 106.150000 83.080000
1394.192630 0.260000 -0.120000 -0.150000 -0.190000 0.040000 0.030000 27.838700 -0.276161 0.000000 78.460000 87.690000
1394.221758 -0.690000 0.090000 0.570000 0.030000 -0.030000 -0.010000 29.884505 0.721070 0.000000 101.230000 77.130000
1394.250828 -1.030000 0.750000 1.560000 -0.270000 -0.000000 -0.010000 31.499702 0.144214 0.000000 96.410000 91.590000
1394.279364 0.690000 0.600000 0.760000 -0.030000 -0.120000 0.020000 27.840375 0.000000 0.000000 83.080000 83.080000
1394.308208 -0.570000 0.110000 -0.050000 0.280000 0.040000 -0.080000 29.884505 -0.144214 0.000000 86.770000 91.590000
1394.343754 0.670000 0.650000 -0.150000 0.100000 -0.030000 -0.010000 30.692104 0.288428 0.000000 96.410000 86.770000
1394.378395 0.690000 -0.560000 -0.900000 -0.050000 0.030000 -0.130000 29.076906 0.288428 0.000000 91.590000 81.950000
1394.412415 -0.110000 -0.840000 0.270000 0.060000 0.010000 0.000000 29.884505 0.144214 0.000000 91.590000 86.770000
1394.440283 0.250000 0.760000 -1.860000 -0.010000 -0.020000 0.010000 28.269307 0.721070 0.000000 96.410000 72.310000
1394.474503 0.320000 -0.120000 -1.520000 0.270000 0.000000 -0.050000 28.612788 0.137931 0.000000 87.690000 83.080000
1394.507842 -0.480000 -1.230000 1.210000 0.050000 0.060000 0.080000 29.076906 0.000000 0.000000 86.770000 86.770000
1394.542855 0.200000 0.550000 -0.750000 -0.140000 0.040000 -0.130000 28.269307 -0.144214 0.000000 81.950000 86.770000
1394.569463 0.210000 0.020000 1.250000 -0.070000 0.060000 0.000000 27.838700 0.276161 0.000000 87.690000 78.460000
1394.604398 0.190000 -0.650000 -0.240000 -0.070000 0.090000 -0.040000 27.461709 -0.288428 0.000000 77.130000 86.770000
1394.636802 0.670000 -0.250000 0.240000 0.060000 0.040000 -0.030000 22.616116 -0.865284 0.000000 53.030000 81.950000
1394.672060 -0.400000 -1.500000 -0.360000 0.040000 -0.010000 -0.290000 20.999243 -1.154012 0.000000 43.380000 81.950000
1394.701162 -0.920000 -0.270000 0.950000 0.100000 -0.100000 -0.580000 17.013190 -1.104644 0.000000 32.310000 69.230000
1394.729369 0.540000 -0.390000 0.660000 0.060000 0.090000 -0.720000 15.346052 -1.298226 0.000000 24.100000 67.490000
1394.763041 0.030000 -0.700000 0.680000 -0.010000 0.010000 -1.070000 13.146099 -1.242874 0.000000 18.460000 60.000000
1394.791709 0.030000 0.290000 -0.430000 0.010000 -0.020000 -1.440000 8.885262 -1.586654 0.000000 0.000000 53.030000
1394.819888 0.120000 0.550000 0.290000 0.020000 0.020000 -1.480000 8.885262 -1.586654 0.000000 0.000000 53.030000
1394.848754 -0.210000 1.420000 0.070000 -0.040000 -0.030000 -1.410000 6.958418 -1.519035 0.000000 -4.620000 46.150000
1394.882870 -0.100000 0.490000 -0.200000 0.050000 -0.040000 -1.440000 6.186005 -1.656966 0.000000 -9.230000 46.150000
1394.911303 0.430000 0.870000 0.880000 0.010000 0.010000 -1.440000 5.653191 -1.586355 0.000000 -9.640000 43.380000
1394.940839 0.090000 0.780000 -0.310000 -0.030000 -0.010000 -1.430000 4.845593 -1.442141 0.000000 -9.640000 38.560000
1394.969508 -0.050000 0.290000 0.000000 0.000000 0.010000 -1.560000 3.865416 -1.519035 0.000000 -13.850000 36.920000
1395.002478 -0.720000 -0.200000 0.250000 -0.030000 -0.020000 -1.520000 4.037994 -1.586355 0.000000 -14.460000 38.560000
1395.038490 0.070000 0.500000 -0.540000 -0.020000 0.010000 -1.570000 3.867091 -1.795196 0.000000 -18.460000 41.540000
1395.071414 0.270000 0.140000 0.300000 0.010000 -0.020000 -1.610000 3.230395 -1.730569 0.000000 -19.280000 38.560000
1395.102583 0.010000 -0.070000 -0.200000 -0.010000 -0.010000 -1.750000 2.422796 -1.874783 0.000000 -24.100000 38.560000
1395.130960 -0.130000 0.220000 0.250000 0.000000 -0.010000 -1.650000 2.422796 -1.874783 0.000000 -24.100000 38.560000
1395.163757 0.670000 -0.230000 0.220000 -0.030000 -0.020000 -1.780000 3.865416 -1.519035 0.000000 -13.850000 36.920000
1395.197723 0.210000 0.060000 -0.250000 -0.010000 0.000000 -1.820000 1.615198 -2.018997 0.000000 -28.920000 38.560000
1395.232593 -0.140000 0.050000 0.240000 -0.020000 -0.010000 -1.930000 1.615198 -2.018997 0.000000 -28.920000 38.560000
1395.262565 -0.010000 -0.010000 -0.430000 -0.000000 -0.050000 -1.990000 2.320590 -2.071357 0.000000 -27.690000 41.540000
1395.290938 0.120000 0.230000 -0.180000 0.020000 0.000000 -2.100000 1.615198 -2.307425 0.000000 -33.740000 43.380000
1395.319732 -0.670000 1.180000 0.840000 0.030000 -0.050000 -2.010000 3.232071 -2.307724 0.000000 -28.920000 48.210000
1395.353281 -0.660000 -0.400000 0.150000 -0.030000 -0.070000 -1.770000 4.037994 -1.874783 0.000000 -19.280000 43.380000
1395.386538 0.960000 0.300000 -0.700000 0.010000 -0.030000 -1.730000 5.654867 -2.163510 0.000000 -19.280000 53.030000
1395.422767 -0.410000 0.370000 -0.440000 0.000000 0.010000 -1.560000 7.270064 -1.586654 0.000000 -4.820000 48.210000
1395.450793 -0.190000 0.080000 0.790000 -0.010000 -0.020000 -1.350000 7.732507 -1.380805 0.000000 0.000000 46.150000
1395.487327 0.350000 -0.090000 -0.590000 0.010000 -0.060000 -1.270000 10.500459 -1.298226 0.000000 9.640000 53.030000
1395.521870 -0.360000 0.100000 -0.200000 0.050000 -0.040000 -1.340000 12.115657 -1.298226 0.000000 14.460000 57.850000
1395.551968 -0.250000 -0.090000 -0.160000 0.020000 0.060000 -1.130000 13.146099 -0.966414 0.000000 23.080000 55.380000
1395.580669 0.560000 -0.570000 -0.320000 0.090000 -0.070000 -1.180000 16.240777 -0.966713 0.000000 32.310000 64.620000
1395.609673 0.300000 1.080000 0.890000 0.070000 -0.020000 -0.840000 16.153651 -0.577155 0.000000 38.560000 57.850000
1395.642484 0.940000 -0.360000 0.800000 -0.170000 0.020000 -0.600000 16.961249 -1.009798 0.000000 33.740000 67.490000
1395.673008 0.720000 -0.180000 -1.090000 0.050000 -0.020000 -0.540000 19.333780 -0.414391 0.000000 50.770000 64.620000
1395.702173 -1.450000 0.030000 1.960000 0.010000 -0.150000 -0.340000 26.654110 -1.009498 0.000000 62.670000 96.410000
1395.730707 1.240000 -0.570000 -0.340000 0.020000 0.080000 -0.340000 21.652694 -0.276161 0.000000 60.000000 69.230000
1395.764814 -0.770000 0.440000 -0.470000 -0.080000 -0.140000 -0.120000 22.616116 -0.288428 0.000000 62.670000 72.310000
1395.796731 0.430000 -0.910000 1.350000 0.080000 0.140000 -0.100000 23.423715 -0.144214 0.000000 67.490000 72.310000
1395.826634 -0.480000 -0.500000 0.470000 -0.100000 0.050000 -0.070000 27.066287 -0.138230 0.000000 78.460000 83.080000
1395.861935 0.460000 -0.530000 -2.070000 -0.080000 -0.040000 -0.120000 25.519785 -0.137931 0.000000 73.850000 78.460000
1395.889232 -0.480000 -0.340000 0.260000 -0.100000 0.090000 -0.000000 26.654110 -0.144214 0.000000 77.130000 81.950000
1395.921627 -0.730000 -0.610000 -0.820000 0.010000 -0.080000 -0.010000 27.461709 0.000000 0.000000 81.950000 81.950000
1395.952527 -1.270000 -0.190000 -1.310000 0.100000 0.000000 0.000000 27.840375 0.000000 0.000000 83.080000 83.080000
1395.982008 0.510000 -0.760000 -1.030000 0.030000 0.060000 0.020000 29.884505 0.144214 0.000000 91.590000 86.770000
1396.010279 0.220000 -0.320000 1.200000 0.020000 0.070000 0.040000 29.076906 0.000000 0.000000 86.770000 86.770000
1396.038906 -0.300000 -0.980000 1.160000 -0.080000 0.080000 -0.000000 27.461709 0.000000 0.000000 81.950000 81.950000
1396.072765 -0.350000 1.810000 -0.160000 -0.100000 -0.090000 -0.020000 29.884505 0.144214 0.000000 91.590000 86.770000
1396.110855 0.150000 -0.690000 0.110000 -0.170000 0.030000 -0.040000 29.076906 0.288428 0.000000 91.590000 81.950000
1396.139374 0.230000 0.410000 0.990000 -0.150000 -0.050000 0.020000 27.066287 0.414092 0.000000 87.690000 73.850000
1396.173221 0.010000 0.040000 -1.200000 0.010000 -0.040000 0.130000 26.654110 0.432642 0.000000 86.770000 72.310000
1396.203715 -0.310000 -0.480000 0.980000 -0.290000 -0.010000 0.040000 25.038912 0.721070 0.000000 86.770000 62.670000
1396.235851 1.920000 -0.210000 1.410000 -0.120000 -0.020000 0.130000 20.880281 0.138230 0.000000 64.620000 60.000000
1396.272624 -1.470000 -1.060000 -2.100000 0.090000 -0.090000 0.400000 22.237449 0.932903 0.000000 81.950000 50.770000
1396.301517 0.130000 -0.380000 -1.360000 -0.160000 -0.050000 0.640000 18.576447 1.009798 0.000000 72.310000 38.560000
1396.330520 -0.390000 -0.420000 3.280000 -0.050000 -0.050000 0.770000 15.346052 1.009798 0.000000 62.670000 28.920000
1396.364940 0.190000 0.600000 -3.270000 -0.030000 -0.010000 1.110000 11.599598 1.242575 0.000000 55.380000 13.850000
1396.397984 0.320000 0.740000 2.340000 0.030000 0.050000 1.220000 8.885262 1.298226 0.000000 48.210000 4.820000
1396.429986 0.370000 0.200000 0.370000 -0.040000 0.100000 1.260000 6.958418 2.071357 0.000000 55.380000 -13.850000
1396.465221 -0.530000 1.350000 -0.350000 -0.020000 -0.100000 1.290000 7.268389 1.297927 0.000000 43.380000 0.000000
1396.500229 -0.270000 0.460000 -1.740000 0.010000 0.010000 1.170000 8.077663 1.442440 0.000000 48.210000 0.000000
1396.528724 -0.590000 0.680000 0.230000 0.020000 0.070000 1.180000 7.734182 1.104644 0.000000 41.540000 4.620000
1396.564184 0.210000 0.500000 0.830000 -0.020000 -0.050000 1.140000 6.960094 1.242874 0.000000 41.540000 0.000000
1396.599764 -0.070000 -0.280000 -1.120000 -0.020000 0.020000 1.160000 7.268389 1.297927 0.000000 43.380000 0.000000
1396.631086 -0.320000 0.160000 0.080000 0.020000 0.020000 1.060000 6.460790 1.153713 0.000000 38.560000 0.000000
1396.659469 -0.250000 0.110000 0.080000 -0.020000 -0.030000 1.120000 6.960094 1.242874 0.000000 41.540000 0.000000
1396.695042 0.290000 0.220000 -0.880000 -0.000000 0.050000 1.150000 7.268389 1.297927 0.000000 43.380000 0.000000
1396.728018 0.650000 -0.500000 0.870000 0.010000 -0.010000 1.170000 5.653191 1.297927 0.000000 38.560000 -4.820000
1396.763653 0.390000 -0.030000 -0.160000 -0.010000 0.040000 1.390000 4.845593 1.442141 0.000000 38.560000 -9.640000
1396.796546 0.800000 0.150000 0.130000 0.010000 0.030000 1.470000 4.037994 1.586355 0.000000 38.560000 -14.460000
1396.831990 0.510000 0.010000 0.360000 -0.000000 -0.000000 1.550000 2.422796 1.874783 0.000000 38.560000 -24.100000
1396.868480 -0.090000 -0.230000 -0.360000 -0.020000 0.020000 1.590000 1.546501 1.657265 0.000000 32.310000 -23.080000
1396.902163 -0.500000 0.420000 0.340000 0.020000 0.010000 1.660000 3.230395 1.730569 0.000000 38.560000 -19.280000
1396.931084 0.460000 -0.090000 0.050000 -0.000000 0.020000 1.710000 0.807599 1.874783 0.000000 33.740000 -28.920000
1396.963465 -0.200000 0.150000 0.130000 0.000000 0.030000 1.700000 2.318914 1.795196 0.000000 36.920000 -23.080000
1397.002009 0.150000 0.050000 -0.180000 0.030000 0.000000 1.680000 1.615198 2.018997 0.000000 38.560000 -28.920000
1397.038180 -0.340000 -0.260000 -0.450000 -0.020000 0.040000 1.730000 1.615198 2.018997 0.000000 38.560000 -28.920000
1397.072925 -0.200000 0.900000 0.310000 0.030000 -0.010000 1.690000 3.230395 1.730569 0.000000 38.560000 -19.280000
1397.108593 -0.360000 0.780000 -0.480000 0.010000 0.050000 1.510000 5.413592 1.519035 0.000000 41.540000 -9.230000
1397.139636 0.200000 0.180000 0.480000 0.030000 0.010000 1.220000 7.268389 1.297927 0.000000 43.380000 0.000000
1397.173496 0.210000 0.380000 0.480000 0.010000 0.020000 1.110000 9.279008 1.104644 0.000000 46.150000 9.230000
1397.208497 -0.050000 -0.150000 -0.700000 0.020000 0.070000 1.030000 10.498784 0.721070 0.000000 43.380000 19.280000
1397.244722 0.130000 -0.360000 0.840000 0.000000 -0.010000 0.960000 12.115657 0.721370 0.000000 48.210000 24.100000
1397.276750 -1.500000 1.130000 -0.580000 -0.000000 -0.030000 0.950000 13.146099 0.690552 0.000000 50.770000 27.690000
1397.312949 0.600000 0.270000 -0.460000 -0.160000 0.080000 0.660000 12.373686 0.828483 0.000000 50.770000 23.080000
1397.340650 1.390000 -0.280000 0.310000 0.110000 0.040000 0.370000 16.961249 0.721370 0.000000 62.670000 38.560000
1397.370250 -0.540000 -0.190000 0.610000 -0.060000 -0.010000 0.390000 18.578122 0.432642 0.000000 62.670000 48.210000
1397.398877 -0.170000 -1.150000 -0.460000 0.010000 0.020000 0.230000 17.013190 1.104644 0.000000 69.230000 32.310000
1397.431782 0.070000 1.180000 0.620000 0.010000 -0.020000 0.110000 22.616116 0.288428 0.000000 72.310000 62.670000
1397.459847 0.170000 -1.520000 -0.120000 -0.020000 0.000000 0.070000 23.715255 -0.092153 0.000000 69.230000 72.310000
1397.494247 -0.300000 0.260000 0.140000 0.000000 0.030000 -0.020000 22.616116 0.000000 0.000000 67.490000 67.490000
1397.530752 -0.690000 -0.770000 -0.980000 0.040000 0.020000 0.050000 25.846511 0.000000 0.000000 77.130000 77.130000
1397.565203 -0.020000 0.230000 -0.110000 0.050000 0.080000 -0.030000 25.846511 0.000000 0.000000 77.130000 77.130000
1397.602368 -0.110000 -1.360000 0.650000 -0.260000 0.010000 0.020000 26.293874 0.276161 0.000000 83.080000 73.850000
1397.631013 0.500000 0.900000 -0.590000 0.010000 -0.100000 -0.030000 27.461709 0.000000 0.000000 81.950000 81.950000
1397.659749 -0.500000 -0.760000 -1.690000 0.280000 0.070000 0.000000 29.884505 0.144214 0.000000 91.590000 86.770000
1397.691292 2.180000 0.180000 0.580000 0.120000 0.060000 -0.050000 27.066287 0.138230 0.000000 83.080000 78.460000
1397.720971 -0.100000 -0.020000 -0.610000 -0.040000 0.040000 0.010000 29.076906 0.000000 0.000000 86.770000 86.770000
1397.749620 0.070000 -0.780000 -1.740000 0.090000 0.090000 0.100000 32.307301 0.288428 0.000000 101.230000 91.590000
1397.782971 0.830000 0.480000 0.470000 -0.060000 0.080000 -0.060000 28.269307 0.144214 0.000000 86.770000 81.950000
1397.813168 0.480000 -0.800000 -1.580000 0.250000 0.080000 -0.040000 28.423455 -0.171740 0.000000 81.950000 87.690000
1397.841537 -0.170000 0.230000 2.840000 0.120000 0.020000 0.030000 30.692104 0.288428 0.000000 96.410000 86.770000
1397.868482 -0.040000 1.100000 1.650000 -0.080000 0.060000 -0.030000 29.386877 -0.276161 0.000000 83.080000 92.310000
1397.900999 -1.210000 -1.320000 1.470000 -0.070000 0.090000 0.010000 27.461709 0.000000 0.000000 81.950000 81.950000
1397.928291 -1.140000 -0.720000 0.960000 0.020000 0.040000 0.000000 29.884505 0.144214 0.000000 91.590000 86.770000
1397.965062 0.530000 -0.550000 -0.870000 0.020000 0.040000 -0.080000 30.931702 -0.276161 0.000000 87.690000 96.920000
1397.999009 0.580000 0.750000 0.940000 -0.130000 -0.010000 -0.020000 27.840375 0.000000 0.000000 83.080000 83.080000
1398.035375 0.090000 -0.890000 0.980000 -0.120000 0.100000 0.000000 29.884505 0.432642 0.000000 96.410000 81.950000
1398.071845 0.590000 -0.320000 -3.970000 0.190000 -0.010000 0.000000 28.269307 -0.144214 0.000000 81.950000 86.770000
1398.099194 -0.290000 -0.570000 -0.900000 0.110000 0.150000 -0.090000 27.838700 0.276161 0.000000 87.690000 78.460000
1398.133741 -0.550000 0.210000 -0.010000 -0.060000 0.080000 0.080000 29.076906 0.000000 0.000000 86.770000 86.770000
1398.165876 0.280000 -0.240000 -1.070000 0.120000 0.120000 -0.120000 30.933378 0.552322 0.000000 101.540000 83.080000
1398.202172 0.680000 0.770000 0.940000 -0.060000 0.030000 0.020000 28.269307 0.721070 0.000000 96.410000 72.310000
1398.229073 1.440000 -0.210000 -2.510000 0.270000 0.000000 -0.060000 30.692104 0.288428 0.000000 96.410000 86.770000
1398.266513 -0.780000 0.110000 2.540000 0.120000 -0.010000 0.040000 31.499702 1.009498 0.000000 110.870000 77.130000
1398.300701 0.160000 0.880000 -0.090000 -0.140000 0.100000 0.030000 27.840375 0.000000 0.000000 83.080000 83.080000
1398.331786 0.240000 1.030000 0.350000 -0.030000 0.050000 -0.090000 31.499702 0.144214 0.000000 96.410000 91.590000
1398.360352 -0.870000 0.050000 0.560000 -0.080000 0.020000 0.020000 30.692104 0.288428 0.000000 96.410000 86.770000
1398.388548 1.330000 0.950000 0.450000 0.030000 -0.060000 -0.070000 28.612788 0.414391 0.000000 92.310000 78.460000
1398.424625 5.950000 1.110000 64.860000 -0.170000 -0.060000 0.010000 29.884505 0.144214 0.000000 91.590000 86.770000
1398.459515 -0.760000 -0.960000 -7.000000 -0.130000 0.070000 0.010000 29.076906 0.288428 0.000000 91.590000 81.950000
1398.496030 -1.510000 0.020000 -8.730000 0.260000 0.040000 -0.030000 28.269307 0.144214 0.000000 86.770000 81.950000
1398.530679 -0.950000 -0.610000 -6.540000 0.160000 0.120000 0.030000 31.499702 0.721070 0.000000 106.050000 81.950000
1398.559817 -0.740000 -0.010000 -6.900000 -0.050000 0.010000 -0.070000 29.076906 0.000000 0.000000 86.770000 86.770000
1398.593024 -0.940000 -1.160000 -9.160000 0.090000 0.060000 0.000000 27.840375 0.000000 0.000000 83.080000 83.080000
1398.630245 -0.410000 -0.570000 -6.080000 -0.070000 0.010000 0.040000 27.461709 0.000000 0.000000 81.950000 81.950000
1398.659265 -1.890000 -1.160000 -9.070000 0.150000 -0.020000 -0.030000 27.461709 0.000000 0.000000 81.950000 81.950000
1398.688202 -0.490000 -0.740000 -7.710000 0.120000 0.090000 -0.020000 24.745697 -0.276161 0.000000 69.230000 78.460000
1398.723544 -0.260000 0.730000 -4.800000 0.040000 -0.090000 -0.030000 23.200871 -0.276161 0.000000 64.620000 73.850000
1398.755385 0.420000 0.670000 -0.200000 0.100000 -0.030000 -0.030000 24.231314 -0.288428 0.000000 67.490000 77.130000
1398.791214 -0.250000 0.810000 1.620000 -0.070000 0.080000 -0.110000 23.423715 -0.144214 0.000000 67.490000 72.310000
1398.818841 -0.820000 -0.410000 1.050000 -0.170000 -0.040000 0.050000 21.654370 0.000000 0.000000 64.620000 64.620000
1398.854221 -0.880000 -0.690000 1.710000 -0.040000 -0.090000 0.010000 21.000919 -0.288428 0.000000 57.850000 67.490000
1398.889743 -0.020000 -1.220000 -0.500000 0.050000 -0.060000 -0.130000 18.559692 -0.276161 0.000000 50.770000 60.000000
1398.918422 0.360000 -0.720000 -1.680000 0.080000 0.100000 -0.010000 16.962925 -0.144214 0.000000 48.210000 53.030000
1398.953338 0.020000 -0.370000 1.280000 0.020000 0.020000 -0.100000 12.921580 -0.288428 0.000000 33.740000 43.380000
1398.990830 -0.110000 -0.450000 -0.660000 0.020000 -0.070000 -0.250000 7.097486 0.113696 0.000000 23.080000 19.280000
1399.018829 -0.020000 -0.140000 -0.140000 -0.000000 0.060000 -0.130000 3.093003 0.000000 0.000000 9.230000 9.230000
1399.052827 0.020000 0.270000 0.230000 0.000000 -0.010000 0.030000 2.422796 0.144214 0.000000 9.640000 4.820000
1399.080897 0.050000 1.290000 -0.260000 -0.000000 0.000000 0.030000 -0.807599 0.144214 0.000000 0.000000 -4.820000
1399.109070 0.100000 1.390000 0.030000 0.000000 0.010000 0.010000 0.000000 0.000000 0.000000 0.000000 0.000000
1399.143305 0.070000 1.250000 -0.180000 -0.010000 0.000000 0.000000 0.000000 0.000000 0.000000 0.000000 0.000000
1399.170704 -0.010000 0.800000 0.100000 -0.000000 0.000000 -0.010000 0.000000 0.000000 0.000000 0.000000 0.000000
1399.197495 -0.090000 0.710000 -0.000000 -0.000000 -0.000000 -0.000000 0.000000 0.000000 0.000000 0.000000 0.000000
1399.232179 0.000000 0.450000 -0.160000 -0.000000 -0.000000 0.000000 0.000000 0.000000 0.000000 0.000000 0.000000
1399.259087 -0.040000 0.280000 0.030000 0.000000 -0.000000 0.000000 0.000000 0.000000 0.000000 0.000000 0.000000
1399.294517 0.030000 0.130000 -0.060000 0.000000 0.000000 0.000000 0.000000 0.000000 0.000000 0.000000 0.000000
1399.327781 0.020000 -0.010000 -0.010000 -0.000000 0.000000 -0.000000 0.000000 0.000000 0.000000 0.000000 0.000000
1399.360866 -0.030000 -0.160000 0.000000 0.000000 -0.000000 0.000000 0.000000 0.000000 0.000000 0.000000 0.000000
1399.392220 -0.050000 -0.050000 -0.070000 0.000000 0.000000 0.000000 0.000000 0.000000 0.000000 0.000000 0.000000
1399.420426 0.020000 -0.060000 0.000000 -0.000000 -0.000000 -0.000000 0.000000 0.000000 0.000000 0.000000 0.000000
1399.448491 -0.040000 -0.070000 0.000000 -0.000000 0.000000 -0.000000 0.000000 0.000000 0.000000 0.000000 0.000000
1399.482204 -0.030000 -0.070000 -0.070000 -0.000000 0.000000 0.000000 0.000000 0.000000 0.000000 0.000000 0.000000
1399.510255 0.040000 -0.080000 0.060000 0.000000 -0.000000 -0.000000 0.000000 0.000000 0.000000 0.000000 0.000000
1399.537005 0.020000 -0.030000 -0.030000 0.000000 0.000000 -0.000000 0.000000 0.000000 0.000000 0.000000 0.000000
1399.573995 -0.050000 -0.040000 -0.050000 0.000000 0.000000 0.000000 0.000000 0.000000 0.000000 0.000000 0.000000
1399.607313 -0.030000 -0.090000 -0.050000 -0.000000 -0.000000 0.000000 0.000000 0.000000 0.000000 0.000000 0.000000
1399.642652 0.070000 -0.060000 0.100000 -0.000000 -0.000000 -0.000000 0.000000 0.000000 0.000000 0.000000 0.000000
1399.678807 -0.000000 -0.020000 0.010000 0.000000 0.000000 -0.000000 0.000000 0.000000 0.000000 0.000000 0.000000
1399.711198 -0.080000 0.030000 0.030000 0.000000 0.000000 0.000000 0.000000 0.000000 0.000000 0.000000 0.000000
1399.740916 -0.070000 -0.030000 -0.080000 -0.000000 0.000000 -0.000000 0.000000 0.000000 0.000000 0.000000 0.000000
1399.775875 -0.030000 -0.030000 -0.020000 -0.000000 -0.000000 -0.000000 0.000000 0.000000 0.000000 0.000000 0.000000
1399.811146 -0.080000 -0.030000 -0.010000 -0.000000 0.000000 0.000000 0.000000 0.000000 0.000000 0.000000 0.000000
1399.836956 -0.040000 -0.010000 0.020000 0.000000 0.000000 0.000000 0.000000 0.000000 0.000000 0.000000 0.000000
1399.871596 0.010000 -0.010000 0.020000 -0.000000 -0.000000 -0.000000 0.000000 0.000000 0.000000 0.000000 0.000000
1399.897575 0.030000 -0.020000 0.070000 0.000000 -0.000000 0.000000 0.000000 0.000000 0.000000 0.000000 0.000000
1399.931703 -0.050000 -0.070000 -0.000000 -0.000000 -0.000000 0.000000 0.000000 0.000000 0.000000 0.000000 0.000000
1399.958199 0.020000 -0.030000 0.060000 -0.000000 0.000000 -0.000000 0.000000 0.000000 0.000000 0.000000 0.000000
1399.992719 0.000000 -0.040000 -0.000000 0.000000 -0.000000 -0.000000 0.000000 0.000000 0.000000 0.000000 0.000000
1400.020825 0.030000 -0.010000 0.000000 -0.000000 0.000000 0.000000 0.000000 0.000000 0.000000 0.000000 0.000000
1400.048682 0.000000 -0.020000 0.060000 0.000000 -0.000000 0.000000 0.000000 0.000000 0.000000 0.000000 0.000000
1400.084288 -0.000000 -0.040000 0.010000 0.000000 -0.000000 -0.000000 0.000000 0.000000 0.000000 0.000000 0.000000
1400.118020 0.000000 -0.020000 -0.050000 -0.000000 0.000000 0.000000 0.000000 0.000000 0.000000 0.000000 0.000000
1400.148802 0.040000 0.020000 -0.060000 0.000000 0.000000 0.000000 0.000000 0.000000 0.000000 0.000000 0.000000
1400.186340 -0.010000 -0.010000 -0.020000 -0.000000 -0.000000 -0.000000 0.000000 0.000000 0.000000 0.000000 0.000000
1400.221198 -0.010000 -0.010000 -0.060000 0.000000 0.000000 -0.000000 0.000000 0.000000 0.000000 0.000000 0.000000
1400.248848 -0.020000 -0.000000 0.040000 0.000000 0.000000 0.000000 0.000000 0.000000 0.000000 0.000000 0.000000
1400.285694 -0.010000 -0.040000 -0.000000 -0.000000 0.000000 -0.000000 0.000000 0.000000 0.000000 0.000000 0.000000
1400.318644 -0.030000 -0.000000 0.030000 0.000000 0.000000 -0.000000 0.000000 0.000000 0.000000 0.000000 0.000000
1400.353191 -0.010000 -0.030000 -0.010000 0.000000 0.000000 0.000000 0.000000 0.000000 0.000000 0.000000 0.000000
1400.380207 -0.010000 -0.030000 -0.040000 -0.000000 -0.000000 0.000000 0.000000 0.000000 0.000000 0.000000 0.000000
1400.409070 -0.010000 -0.010000 0.000000 0.000000 -0.000000 0.000000 0.000000 0.000000 0.000000 0.000000 0.000000
1400.437219 0.000000 -0.020000 0.030000 -0.000000 -0.000000 -0.000000 0.000000 0.000000 0.000000 0.000000 0.000000
1400.468390 -0.000000 -0.000000 -0.020000 0.000000 0.000000 0.000000 0.000000 0.000000 0.000000 0.000000 0.000000
1400.500919 -0.030000 -0.030000 0.040000 -0.000000 -0.000000 -0.000000 0.000000 0.000000 0.000000 0.000000 0.000000
1400.528856 0.010000 -0.020000 0.000000 -0.000000 -0.000000 -0.000000 0.000000 0.000000 0.000000 0.000000 0.000000
1400.565356 0.010000 -0.030000 -0.010000 -0.000000 0.000000 0.000000 0.000000 0.000000 0.000000 0.000000 0.000000
1400.600508 -0.020000 0.020000 0.060000 -0.000000 0.000000 0.000000 0.000000 0.000000 0.000000 0.000000 0.000000
1400.627086 -0.070000 0.030000 0.030000 -0.000000 0.000000 -0.000000 0.000000 0.000000 0.000000 0.000000 0.000000
1400.665247 0.030000 -0.040000 0.010000 0.000000 -0.000000 -0.000000 0.000000 0.000000 0.000000 0.000000 0.000000
1400.697600 0.040000 0.020000 0.040000 0.000000 0.000000 0.000000 0.000000 0.000000 0.000000 0.000000 0.000000
1400.734188 0.010000 0.010000 -0.070000 -0.000000 -0.000000 -0.000000 0.000000 0.000000 0.000000 0.000000 0.000000
1400.767763 0.040000 0.020000 0.010000 -0.000000 -0.000000 -0.000000 0.000000 0.000000 0.000000 0.000000 0.000000
1400.803421 -0.020000 -0.020000 0.040000 -0.000000 0.000000 0.000000 0.000000 0.000000 0.000000 0.000000 0.000000
1400.831672 -0.020000 -0.020000 -0.020000 0.000000 0.000000 0.000000 0.000000 0.000000 0.000000 0.000000 0.000000
1400.858721 -0.010000 -0.030000 0.030000 -0.000000 -0.000000 -0.000000 0.000000 0.000000 0.000000 0.000000 0.000000
1400.892300 0.040000 -0.000000 0.000000 -0.000000 -0.000000 0.000000 0.000000 0.000000 0.000000 0.000000 0.000000
1400.918450 0.010000 -0.010000 0.000000 -0.000000 0.000000 0.000000 0.000000 0.000000 0.000000 0.000000 0.000000
1400.953037 -0.040000 -0.010000 -0.030000 -0.000000 -0.000000 -0.000000 0.000000 0.000000 0.000000 0.000000 0.000000
1400.981358 0.020000 0.010000 0.020000 -0.000000 -0.000000 -0.000000 0.000000 0.000000 0.000000 0.000000 0.000000
1401.009289 0.000000 0.020000 -0.060000 -0.000000 -0.000000 0.000000 0.000000 0.000000 0.000000 0.000000 0.000000
1401.041745 -0.030000 -0.020000 -0.050000 0.000000 0.000000 -0.000000 0.000000 0.000000 0.000000 0.000000 0.000000
1401.070436 0.020000 0.040000 0.000000 -0.000000 -0.000000 -0.000000 0.000000 0.000000 0.000000 0.000000 0.000000
1401.098458 0.030000 -0.030000 0.000000 0.000000 -0.000000 -0.000000 0.000000 0.000000 0.000000 0.000000 0.000000
1401.132944 0.050000 -0.030000 -0.020000 -0.000000 0.000000 -0.000000 0.000000 0.000000 0.000000 0.000000 0.000000
1401.161221 -0.030000 -0.070000 0.020000 0.000000 0.000000 -0.000000 0.000000 0.000000 0.000000 0.000000 0.000000
1401.189816 -0.030000 0.010000 0.000000 0.000000 -0.000000 -0.000000 0.000000 0.000000 0.000000 0.000000 0.000000
1401.216990 0.000000 0.000000 0.030000 0.000000 0.000000 0.000000 0.000000 0.000000 0.000000 0.000000 0.000000
1401.250905 0.020000 0.010000 0.030000 -0.000000 -0.000000 -0.000000 0.000000 0.000000 0.000000 0.000000 0.000000
1401.277769 0.010000 0.040000 -0.030000 0.000000 -0.000000 0.000000 0.000000 0.000000 0.000000 0.000000 0.000000
1401.311510 0.040000 -0.010000 0.100000 0.000000 -0.000000 0.000000 0.000000 0.000000 0.000000 0.000000 0.000000
1401.344004 -0.020000 -0.020000 0.000000 -0.000000 -0.000000 -0.000000 0.000000 0.000000 0.000000 0.000000 0.000000
1401.376902 -0.000000 -0.010000 -0.000000 0.000000 0.000000 -0.000000 0.000000 0.000000 0.000000 0.000000 0.000000
1401.408796 0.020000 0.060000 -0.010000 0.000000 0.000000 0.000000 0.000000 0.000000 0.000000 0.000000 0.000000
1401.445238 0.040000 0.040000 -0.060000 -0.000000 0.000000 0.000000 0.000000 0.000000 0.000000 0.000000 0.000000
1401.480594 -0.050000 -0.020000 -0.020000 0.000000 -0.000000 -0.000000 0.000000 0.000000 0.000000 0.000000 0.000000
1401.508408 -0.040000 -0.010000 0.000000 0.000000 -0.000000 0.000000 0.000000 0.000000 0.000000 0.000000 0.000000
1401.540718 -0.000000 -0.020000 -0.010000 0.000000 -0.000000 0.000000 0.000000 0.000000 0.000000 0.000000 0.000000
1401.576886 -0.010000 -0.030000 -0.010000 -0.000000 0.000000 -0.000000 0.000000 0.000000 0.000000 0.000000 0.000000
1401.613912 -0.030000 0.000000 0.020000 -0.000000 -0.000000 -0.000000 0.000000 0.000000 0.000000 0.000000 0.000000
1401.646060 -0.020000 -0.030000 -0.040000 -0.000000 -0.000000 0.000000 0.000000 0.000000 0.000000 0.000000 0.000000
1401.681738 0.020000 -0.010000 -0.030000 -0.000000 -0.000000 -0.000000 0.000000 0.000000 0.000000 0.000000 0.000000
1401.710201 -0.030000 -0.020000 0.070000 0.000000 0.000000 0.000000 0.000000 0.000000 0.000000 0.000000 0.000000
1401.736758 -0.030000 -0.020000 0.040000 0.000000 0.000000 0.000000 0.000000 0.000000 0.000000 0.000000 0.000000
1401.770095 0.050000 0.030000 -0.010000 0.000000 0.000000 0.000000 0.000000 0.000000 0.000000 0.000000 0.000000
1401.799064 0.020000 0.000000 0.010000 -0.000000 -0.000000 0.000000 0.000000 0.000000 0.000000 0.000000 0.000000
1401.829936 -0.020000 0.000000 0.060000 0.000000 0.000000 -0.000000 0.000000 0.000000 0.000000 0.000000 0.000000
1401.865054 -0.040000 -0.020000 -0.000000 0.000000 -0.000000 0.000000 0.000000 0.000000 0.000000 0.000000 0.000000
1401.897952 -0.010000 0.000000 -0.010000 -0.000000 -0.000000 -0.000000 0.000000 0.000000 0.000000 0.000000 0.000000
1401.933859 0.080000 0.040000 -0.070000 0.000000 0.000000 -0.000000 0.000000 0.000000 0.000000 0.000000 0.000000
1401.966884 -0.050000 0.020000 -0.050000 -0.000000 0.000000 0.000000 0.000000 0.000000 0.000000 0.000000 0.000000
1401.999546 0.030000 0.020000 -0.030000 0.000000 -0.000000 -0.000000 0.000000 0.000000 0.000000 0.000000 0.000000
1402.027295 0.010000 -0.040000 0.040000 0.000000 -0.000000 0.000000 0.000000 0.000000 0.000000 0.000000 0.000000
1402.059935 0.030000 0.090000 0.020000 0.000000 0.000000 0.000000 0.000000 0.000000 0.000000 0.000000 0.000000
1402.089732 -0.020000 -0.020000 0.030000 -0.000000 -0.000000 -0.000000 0.000000 0.000000 0.000000 0.000000 0.000000
1402.115998 0.020000 0.000000 0.060000 0.000000 -0.000000 -0.000000 0.000000 0.000000 0.000000 0.000000 0.000000
1402.153632 0.010000 -0.010000 0.020000 -0.000000 -0.000000 0.000000 0.000000 0.000000 0.000000 0.000000 0.000000
1402.185470 0.020000 0.020000 -0.030000 0.000000 0.000000 0.000000 0.000000 0.000000 0.000000 0.000000 0.000000
1402.222181 0.010000 -0.060000 0.020000 0.000000 -0.000000 -0.000000 0.000000 0.000000 0.000000 0.000000 0.000000
1402.249818 -0.010000 0.010000 -0.020000 -0.000000 -0.000000 -0.000000 0.000000 0.000000 0.000000 0.000000 0.000000
1402.287309 -0.050000 -0.020000 0.010000 -0.000000 0.000000 0.000000 0.000000 0.000000 0.000000 0.000000 0.000000
