1259.651261 0.030000 -0.000000 -8.730000 0.000000 0.000000 -0.000000 0.000000 0.000000 0.000000 0.000000 0.000000
1259.682817 0.010000 -0.010000 -7.750000 -0.000000 0.000000 -0.000000 0.000000 0.000000 0.000000 0.000000 0.000000
1259.711560 -0.070000 0.040000 -6.630000 0.000000 0.000000 -0.000000 0.000000 0.000000 0.000000 0.000000 0.000000
1259.738406 0.020000 -0.080000 -5.780000 0.000000 -0.000000 0.000000 1.546501 0.276161 0.000000 9.230000 0.000000
1259.775195 -0.020000 -0.010000 -4.900000 0.000000 -0.000000 0.000000 2.422796 0.144214 0.000000 9.640000 4.820000
1259.809686 -0.770000 1.260000 -4.900000 -0.100000 -0.070000 0.310000 7.268389 -0.144214 0.000000 19.280000 24.100000
1259.840478 -1.000000 1.810000 -0.680000 -0.100000 0.070000 0.140000 6.960094 -0.414092 0.000000 13.850000 27.690000
1259.871033 -0.000000 -0.830000 0.740000 -0.120000 0.010000 -0.030000 8.883586 -0.144214 0.000000 24.100000 28.920000
1259.901247 -0.330000 0.960000 -2.450000 0.040000 -0.040000 0.040000 13.729179 0.144214 0.000000 43.380000 38.560000
1259.928317 0.220000 -0.790000 0.740000 -0.030000 0.020000 0.010000 16.155326 0.000000 0.000000 48.210000 48.210000
1259.964723 0.600000 -0.070000 -1.420000 0.110000 0.020000 0.000000 16.239102 0.138230 0.000000 50.770000 46.150000
1259.997641 -0.140000 -0.430000 -1.100000 -0.020000 0.060000 0.020000 19.385721 0.000000 0.000000 57.850000 57.850000
1260.038452 0.270000 -1.260000 0.130000 -0.060000 -0.020000 -0.020000 18.558016 0.000000 0.000000 55.380000 55.380000
1260.075296 0.190000 0.620000 0.770000 -0.090000 -0.010000 -0.010000 20.193320 0.144214 0.000000 62.670000 57.850000
1260.109188 -0.010000 -0.290000 0.200000 -0.150000 -0.010000 0.010000 23.423715 -0.144214 0.000000 67.490000 72.310000
1260.145417 1.030000 -1.740000 -1.440000 0.160000 0.100000 -0.070000 20.880281 0.138230 0.000000 64.620000 60.000000
1260.179129 0.960000 0.780000 -1.000000 0.030000 0.010000 -0.010000 24.747373 0.000000 0.000000 73.850000 73.850000
1260.211519 0.030000 -0.790000 0.530000 0.120000 -0.010000 -0.060000 26.654110 -0.144214 0.000000 77.130000 81.950000
1260.237970 0.050000 0.290000 0.990000 0.110000 -0.060000 0.020000 24.231314 0.000000 0.000000 72.310000 72.310000
1260.275904 -0.350000 -0.630000 1.100000 -0.140000 -0.020000 -0.060000 24.747373 0.000000 0.000000 73.850000 73.850000
1260.314888 -0.600000 -1.140000 0.290000 -0.040000 -0.030000 0.010000 28.269307 -0.144214 0.000000 81.950000 86.770000
1260.346885 0.610000 0.410000 0.570000 -0.010000 -0.030000 -0.080000 27.066287 0.414092 0.000000 87.690000 73.850000
1260.383161 -0.380000 0.340000 0.700000 -0.060000 -0.130000 -0.010000 27.461709 0.000000 0.000000 81.950000 81.950000
1260.415003 -0.380000 0.460000 -0.670000 0.050000 -0.130000 0.010000 27.461709 0.288428 0.000000 86.770000 77.130000
1260.452297 -1.410000 -0.210000 -0.610000 0.120000 -0.060000 -0.010000 29.884505 0.144214 0.000000 91.590000 86.770000
1260.482728 0.080000 -0.790000 -0.460000 0.010000 -0.020000 0.020000 27.066287 -0.138230 0.000000 78.460000 83.080000
1260.512459 0.570000 0.390000 -0.370000 -0.160000 0.070000 -0.090000 30.692104 0.000000 0.000000 91.590000 91.590000
1260.542193 0.170000 0.560000 -0.070000 -0.010000 -0.050000 0.050000 30.692104 0.000000 0.000000 91.590000 91.590000
1260.569850 0.770000 -0.520000 -0.510000 -0.180000 0.080000 -0.020000 27.840375 0.000000 0.000000 83.080000 83.080000
1260.603226 -0.410000 1.010000 0.620000 -0.010000 -0.050000 0.010000 32.307301 0.576856 0.000000 106.050000 86.770000
1260.637706 -0.670000 -0.460000 1.700000 -0.320000 -0.030000 0.030000 28.269307 0.721070 0.000000 96.410000 72.310000
1260.672614 0.550000 1.010000 -0.730000 0.000000 -0.080000 -0.010000 30.692104 -0.288428 0.000000 86.770000 96.410000
1260.700195 0.280000 0.190000 -1.150000 0.220000 0.030000 0.060000 29.076906 0.000000 0.000000 86.770000 86.770000
1260.729706 0.600000 0.070000 0.590000 0.030000 -0.030000 -0.090000 30.692104 0.288428 0.000000 96.410000 86.770000
1260.764186 -0.120000 -0.180000 -2.070000 0.010000 0.070000 0.100000 28.612788 0.137931 0.000000 87.690000 83.080000
1260.801266 0.440000 -0.490000 0.840000 0.030000 0.020000 -0.010000 29.076906 0.288428 0.000000 91.590000 81.950000
1260.830327 -1.150000 -0.050000 -0.320000 0.080000 -0.040000 0.080000 29.884505 -0.144214 0.000000 86.770000 91.590000
1260.859355 -0.240000 0.090000 -1.080000 0.180000 -0.000000 -0.080000 30.159289 0.414092 0.000000 96.920000 83.080000
1260.896142 -0.160000 -1.500000 0.110000 -0.040000 0.050000 0.020000 28.612788 0.137931 0.000000 87.690000 83.080000
1260.929985 0.720000 0.420000 -0.640000 -0.130000 0.100000 -0.010000 28.269307 0.432642 0.000000 91.590000 77.130000
1260.961932 0.750000 0.240000 -0.630000 -0.020000 0.040000 -0.050000 29.884505 -0.144214 0.000000 86.770000 91.590000
1260.988449 0.340000 0.400000 -0.030000 -0.110000 0.160000 0.020000 26.293874 0.276161 0.000000 83.080000 73.850000
1261.027238 -0.860000 0.710000 2.350000 -0.020000 -0.090000 -0.020000 28.269307 0.432642 0.000000 91.590000 77.130000
1261.061840 0.050000 0.380000 1.270000 -0.230000 -0.070000 -0.110000 28.612788 0.137931 0.000000 87.690000 83.080000
1261.089984 0.630000 0.000000 0.660000 -0.150000 0.030000 0.070000 29.884505 0.432642 0.000000 96.410000 81.950000
1261.119943 -0.320000 -0.750000 -3.240000 0.270000 0.030000 -0.100000 29.076906 -0.288428 0.000000 81.950000 91.590000
1261.157491 0.600000 0.510000 -0.160000 0.190000 0.100000 -0.010000 27.838700 0.276161 0.000000 87.690000 78.460000
1261.191634 0.240000 0.000000 -0.540000 -0.040000 0.090000 -0.010000 28.612788 0.137931 0.000000 87.690000 83.080000
1261.220899 -0.640000 -0.350000 -0.830000 0.100000 0.080000 -0.060000 30.692104 0.000000 0.000000 91.590000 91.590000
1261.256556 0.320000 -0.250000 1.270000 -0.080000 -0.080000 0.050000 27.461709 0.288428 0.000000 86.770000 77.130000
1261.291734 1.050000 0.070000 -2.750000 0.270000 -0.030000 -0.090000 27.066287 0.138230 0.000000 83.080000 78.460000
1261.328904 -0.090000 0.670000 2.400000 0.120000 -0.050000 0.100000 29.076906 0.000000 0.000000 86.770000 86.770000
1261.363332 0.160000 -0.360000 0.030000 -0.190000 0.060000 0.010000 30.005142 0.165756 0.000000 92.310000 86.770000
1261.399375 -0.980000 0.440000 0.660000 -0.060000 0.080000 0.040000 28.269307 0.144214 0.000000 86.770000 81.950000
1261.429086 -0.810000 -0.580000 -0.620000 0.010000 0.040000 0.030000 28.269307 0.721070 0.000000 96.410000 72.310000
1261.463870 0.760000 -0.230000 -0.500000 0.070000 0.120000 -0.100000 28.269307 0.721070 0.000000 96.410000 72.310000
1261.499064 -0.060000 0.130000 2.000000 -0.060000 0.010000 0.060000 27.840375 0.000000 0.000000 83.080000 83.080000
1261.528875 -0.450000 -0.150000 1.370000 -0.070000 0.050000 -0.040000 28.269307 0.144214 0.000000 86.770000 81.950000
1261.560985 -0.050000 0.660000 -1.480000 0.160000 -0.040000 0.130000 27.461709 0.000000 0.000000 81.950000 81.950000
1261.590692 0.430000 -1.260000 -0.770000 0.160000 0.090000 -0.060000 27.840375 0.000000 0.000000 83.080000 83.080000
1261.619355 -0.880000 0.250000 0.840000 -0.110000 0.050000 0.020000 26.654110 0.432642 0.000000 86.770000 72.310000
1261.652964 -1.030000 0.550000 -0.530000 0.050000 0.000000 0.000000 24.231314 -0.865284 0.000000 57.850000 86.770000
1261.690307 -1.930000 -2.970000 1.850000 -0.140000 0.170000 -0.210000 21.000919 -0.865284 0.000000 48.210000 77.130000
1261.718921 1.260000 1.540000 -1.890000 -0.220000 0.160000 -0.500000 20.191644 -1.009798 0.000000 43.380000 77.130000
1261.754486 1.200000 -1.990000 1.160000 0.050000 0.020000 -0.800000 16.153651 -1.154012 0.000000 28.920000 67.490000
1261.790298 -0.780000 -0.600000 1.450000 -0.010000 -0.100000 -0.930000 12.372011 -1.104644 0.000000 18.460000 55.380000
1261.820462 -0.070000 0.080000 -0.040000 -0.040000 -0.010000 -1.190000 8.885262 -1.298226 0.000000 4.820000 48.210000
1261.848580 0.630000 1.100000 -0.250000 0.060000 -0.030000 -1.490000 8.077663 -1.442440 0.000000 0.000000 48.210000
1261.885516 0.490000 0.720000 -1.090000 0.020000 -0.020000 -1.320000 7.732507 -1.380805 0.000000 0.000000 46.150000
1261.917710 0.560000 0.950000 0.160000 -0.030000 -0.020000 -1.260000 7.732507 -1.380805 0.000000 0.000000 46.150000
1261.954025 0.320000 0.600000 0.120000 -0.020000 0.040000 -1.250000 8.077663 -1.442440 0.000000 0.000000 48.210000
1261.989740 -0.100000 0.180000 -0.570000 -0.030000 -0.010000 -1.240000 6.460790 -1.153713 0.000000 0.000000 38.560000
1262.018406 0.620000 0.550000 0.060000 0.000000 -0.030000 -1.410000 5.413592 -1.519035 0.000000 -9.230000 41.540000
1262.055413 -0.380000 0.230000 -0.120000 -0.030000 -0.020000 -1.510000 4.845593 -1.442141 0.000000 -9.640000 38.560000
1262.091522 -0.400000 0.130000 -0.160000 -0.010000 -0.030000 -1.600000 3.093003 -1.656966 0.000000 -18.460000 36.920000
1262.124552 -0.160000 0.430000 0.040000 0.010000 -0.010000 -1.620000 3.230395 -1.730569 0.000000 -19.280000 38.560000
1262.157999 -0.250000 -0.310000 -0.120000 -0.040000 -0.020000 -1.680000 3.230395 -1.730569 0.000000 -19.280000 38.560000
1262.195750 0.100000 0.560000 0.220000 -0.010000 -0.040000 -1.740000 2.593699 -1.844264 0.000000 -23.080000 38.560000
1262.229495 -0.140000 -0.350000 -0.330000 -0.010000 -0.010000 -1.730000 2.318914 -1.795196 0.000000 -23.080000 36.920000
1262.257640 -0.130000 0.610000 0.100000 0.010000 -0.000000 -1.770000 1.615198 -2.307425 0.000000 -33.740000 43.380000
1262.293544 -0.680000 -0.350000 0.100000 -0.020000 -0.030000 -1.790000 1.615198 -2.018997 0.000000 -28.920000 38.560000
1262.325517 0.110000 0.420000 0.130000 0.020000 -0.030000 -1.920000 1.546501 -2.485449 0.000000 -36.920000 46.150000
1262.366022 0.100000 0.670000 0.100000 -0.020000 -0.030000 -1.860000 2.422796 -1.874783 0.000000 -24.100000 38.560000
1262.403362 0.330000 0.650000 -0.400000 0.000000 -0.080000 -1.730000 4.847268 -2.019296 0.000000 -19.280000 48.210000
1262.438908 -0.110000 0.420000 0.040000 -0.000000 -0.010000 -1.590000 8.077663 -1.442440 0.000000 0.000000 48.210000
1262.475372 -0.110000 -0.020000 0.880000 0.010000 -0.010000 -1.510000 10.500459 -1.586654 0.000000 4.820000 57.850000
1262.508070 -0.340000 0.250000 -0.080000 -0.000000 -0.030000 -1.480000 12.923256 -1.442440 0.000000 14.460000 62.670000
1262.545941 0.290000 -0.160000 0.010000 -0.010000 -0.030000 -1.530000 13.920188 -1.104644 0.000000 23.080000 60.000000
1262.581210 -1.680000 0.650000 -0.890000 0.000000 0.020000 -0.850000 15.346052 -1.009798 0.000000 28.920000 62.670000
1262.610603 2.050000 0.080000 -0.640000 0.100000 0.120000 -0.700000 14.538453 -0.288727 0.000000 38.560000 48.210000
1262.639885 -0.200000 -1.720000 -1.240000 0.130000 -0.030000 -0.680000 17.787279 -0.690552 0.000000 41.540000 64.620000
1262.668222 -0.700000 0.260000 1.230000 -0.000000 0.010000 -0.450000 19.677261 -0.628917 0.000000 48.210000 69.230000
1262.702252 0.770000 -1.060000 0.380000 -0.100000 -0.010000 -0.310000 20.193320 -0.144214 0.000000 57.850000 62.670000
1262.733069 0.260000 0.190000 -1.580000 0.110000 0.110000 -0.200000 20.193320 -0.432642 0.000000 53.030000 67.490000
1262.764993 -1.690000 -0.910000 0.830000 -0.010000 -0.170000 -0.090000 22.426783 -0.137931 0.000000 64.620000 69.230000
1262.801186 -0.210000 -0.220000 1.420000 -0.050000 -0.050000 -0.090000 25.038912 0.432642 0.000000 81.950000 67.490000
1262.831158 -0.310000 -0.710000 2.510000 0.080000 0.130000 -0.010000 23.199196 0.000000 0.000000 69.230000 69.230000
1262.859097 -0.510000 -0.420000 -0.020000 -0.020000 -0.020000 -0.080000 25.038912 -0.144214 0.000000 72.310000 77.130000
1262.892018 1.550000 0.200000 -1.680000 -0.000000 0.150000 -0.000000 29.076906 0.288428 0.000000 91.590000 81.950000
1262.920971 0.680000 0.370000 0.580000 -0.040000 0.110000 -0.070000 25.519785 0.137931 0.000000 78.460000 73.850000
1262.958412 -0.410000 -0.550000 0.020000 -0.010000 -0.040000 0.030000 25.519785 -0.137931 0.000000 73.850000 78.460000
1262.991958 -1.400000 0.830000 0.440000 0.080000 -0.110000 0.010000 29.076906 0.288428 0.000000 91.590000 81.950000
1263.021965 -0.300000 -0.100000 -0.900000 0.090000 -0.060000 0.010000 26.654110 0.144214 0.000000 81.950000 77.130000
1263.048253 0.800000 0.000000 0.980000 0.100000 0.000000 0.020000 27.066287 0.138230 0.000000 83.080000 78.460000
1263.082337 -0.090000 -1.640000 -0.550000 -0.010000 0.030000 0.030000 29.884505 0.432642 0.000000 96.410000 81.950000
1263.110310 1.490000 1.290000 -1.090000 -0.170000 0.090000 -0.070000 29.076906 0.576856 0.000000 96.410000 77.130000
1263.148065 0.640000 0.200000 0.320000 -0.040000 0.030000 -0.020000 27.461709 0.000000 0.000000 81.950000 81.950000
1263.182580 0.520000 -0.060000 -0.380000 -0.120000 0.050000 -0.040000 31.499702 0.144214 0.000000 96.410000 91.590000
1263.211148 -0.200000 1.290000 0.950000 -0.040000 -0.100000 0.000000 30.692104 0.000000 0.000000 91.590000 91.590000
1263.241249 0.340000 -0.400000 0.120000 -0.200000 -0.090000 0.020000 27.840375 0.000000 0.000000 83.080000 83.080000
1263.275982 1.090000 0.570000 -0.010000 -0.090000 -0.030000 0.040000 28.269307 0.144214 0.000000 86.770000 81.950000
1263.309730 -0.550000 -1.110000 -2.760000 0.300000 0.020000 0.030000 26.654110 0.432642 0.000000 86.770000 72.310000
1263.344201 0.120000 -0.430000 -0.290000 0.160000 0.110000 0.130000 24.745697 0.828483 0.000000 87.690000 60.000000
1263.380245 1.940000 -0.650000 0.220000 -0.320000 -0.070000 0.310000 23.423715 0.721070 0.000000 81.950000 57.850000
1263.409607 -2.250000 -1.490000 1.260000 -0.060000 -0.060000 0.770000 19.384046 1.154012 0.000000 77.130000 38.560000
1263.447167 0.050000 -0.540000 1.140000 -0.010000 -0.010000 0.750000 17.768848 1.154012 0.000000 72.310000 33.740000
1263.482946 -0.530000 -0.560000 0.730000 0.010000 -0.010000 1.100000 11.599598 1.242575 0.000000 55.380000 13.850000
1263.510292 -0.360000 -0.330000 -0.640000 -0.020000 0.100000 1.410000 10.500459 1.298226 0.000000 53.030000 9.640000
1263.547134 -0.860000 1.120000 0.610000 -0.000000 0.020000 1.580000 9.279008 1.656966 0.000000 55.380000 0.000000
1263.579643 -0.320000 0.250000 0.290000 0.040000 0.060000 1.420000 8.885262 1.586654 0.000000 53.030000 0.000000
1263.616940 0.010000 0.510000 -0.340000 0.030000 0.070000 1.410000 8.077663 1.730868 0.000000 53.030000 -4.820000
1263.652291 0.010000 0.870000 -0.330000 -0.030000 -0.020000 1.470000 6.186005 1.656966 0.000000 46.150000 -9.230000
1263.682008 -0.260000 -0.310000 0.670000 -0.020000 0.020000 1.580000 4.639504 1.657265 0.000000 41.540000 -13.850000
1263.710707 -0.180000 0.820000 -1.070000 0.000000 0.050000 1.610000 6.462466 1.730868 0.000000 48.210000 -9.640000
1263.739145 0.770000 0.430000 -0.470000 0.020000 0.040000 1.670000 3.230395 1.730569 0.000000 38.560000 -19.280000
1263.776146 -0.310000 0.530000 -0.140000 -0.010000 0.040000 1.790000 3.093003 1.933426 0.000000 41.540000 -23.080000
1263.808492 0.530000 0.080000 -0.180000 0.010000 0.060000 1.650000 3.230395 2.018997 0.000000 43.380000 -24.100000
1263.843819 0.380000 0.330000 0.120000 0.000000 -0.010000 1.710000 2.922100 1.963944 0.000000 41.540000 -24.100000
1263.876077 0.660000 0.200000 -0.170000 0.000000 0.060000 1.760000 4.037994 1.586355 0.000000 38.560000 -14.460000
1263.908569 0.180000 -0.020000 0.370000 0.030000 0.010000 1.750000 2.422796 1.874783 0.000000 38.560000 -24.100000
1263.942628 -0.260000 0.370000 -0.260000 0.020000 -0.010000 1.740000 2.422796 2.163211 0.000000 43.380000 -28.920000
1263.971929 -0.070000 -0.100000 -0.720000 0.000000 0.070000 1.730000 1.546501 1.933127 0.000000 36.920000 -27.690000
1263.999120 -0.890000 0.770000 0.110000 0.010000 -0.020000 1.630000 4.037994 1.874783 0.000000 43.380000 -19.280000
1264.037032 -0.020000 -0.680000 -0.630000 0.010000 0.060000 1.600000 4.037994 1.586355 0.000000 38.560000 -14.460000
1264.068585 -0.630000 0.670000 0.170000 0.020000 0.050000 1.500000 6.960094 1.795196 0.000000 50.770000 -9.230000
1264.104049 -0.200000 0.490000 0.230000 -0.010000 -0.020000 1.330000 6.462466 1.730868 0.000000 48.210000 -9.640000
1264.137140 0.150000 -0.280000 -0.230000 -0.030000 0.020000 1.240000 10.500459 1.298226 0.000000 53.030000 9.640000
1264.172568 -0.160000 0.150000 -0.280000 0.030000 0.010000 1.070000 10.500459 1.298226 0.000000 53.030000 9.640000
1264.202557 0.210000 0.270000 0.110000 0.050000 0.020000 1.100000 13.524766 0.758171 0.000000 53.030000 27.690000
1264.229659 0.500000 -0.520000 -0.130000 0.030000 0.040000 0.950000 14.538453 0.865584 0.000000 57.850000 28.920000
1264.264386 0.010000 0.130000 -0.010000 0.020000 -0.000000 0.930000 16.239102 0.690552 0.000000 60.000000 36.920000
1264.300438 0.470000 1.060000 1.250000 0.030000 -0.030000 0.580000 14.538453 0.577155 0.000000 53.030000 33.740000
1264.329727 -0.520000 -0.260000 -0.160000 -0.030000 -0.000000 0.360000 18.576447 0.721370 0.000000 67.490000 43.380000
1264.365585 -0.820000 0.100000 -0.880000 -0.030000 0.010000 0.460000 20.106193 0.000000 0.000000 60.000000 60.000000
1264.401281 1.630000 -0.700000 -0.860000 -0.030000 0.150000 0.110000 20.880281 0.138230 0.000000 64.620000 60.000000
1264.430933 -0.570000 0.540000 0.150000 0.080000 -0.080000 0.250000 25.038912 0.432642 0.000000 81.950000 67.490000
1264.462051 -0.130000 -1.280000 1.270000 -0.070000 -0.030000 0.040000 22.616116 0.000000 0.000000 67.490000 67.490000
1264.490882 0.140000 0.820000 -0.190000 -0.080000 -0.080000 0.140000 23.973284 0.138230 0.000000 73.850000 69.230000
1264.520220 0.400000 -0.800000 0.760000 -0.030000 0.000000 -0.060000 23.423715 0.144214 0.000000 72.310000 67.490000
1264.548321 0.510000 0.330000 1.440000 -0.070000 0.040000 0.140000 26.293874 0.276161 0.000000 83.080000 73.850000
1264.585279 0.000000 -1.020000 0.530000 -0.110000 -0.060000 -0.080000 25.846511 0.000000 0.000000 77.130000 77.130000
1264.622311 0.870000 0.620000 -0.990000 -0.030000 -0.100000 0.090000 26.654110 0.144214 0.000000 81.950000 77.130000
1264.652513 0.600000 -0.950000 -1.090000 -0.090000 0.110000 -0.070000 27.461709 0.000000 0.000000 81.950000 81.950000
1264.681511 -0.020000 -0.660000 -0.420000 0.080000 0.160000 -0.000000 28.612788 0.414391 0.000000 92.310000 78.460000
1264.709930 -0.020000 0.020000 0.820000 -0.080000 0.030000 0.000000 28.269307 0.432642 0.000000 91.590000 77.130000
1264.745457 -0.590000 -0.300000 0.090000 -0.070000 0.080000 0.030000 29.076906 0.000000 0.000000 86.770000 86.770000
1264.779637 -0.230000 -0.030000 -1.380000 0.250000 0.020000 0.070000 27.840375 0.000000 0.000000 83.080000 83.080000
1264.814008 -1.100000 -0.940000 1.020000 0.110000 0.070000 -0.060000 29.884505 -0.144214 0.000000 86.770000 91.590000
1264.846101 -0.460000 1.170000 -0.320000 -0.190000 -0.010000 0.120000 32.307301 0.000000 0.000000 96.410000 96.410000
1264.882912 -0.450000 -0.190000 -1.400000 0.060000 0.040000 -0.060000 28.269307 -0.144214 0.000000 81.950000 86.770000
1264.912067 -0.570000 0.790000 1.770000 -0.050000 0.140000 -0.020000 29.884505 -0.144214 0.000000 86.770000 91.590000
1264.949355 0.390000 -1.000000 -2.450000 0.190000 0.100000 -0.010000 30.692104 0.000000 0.000000 91.590000 91.590000
1264.978671 0.030000 0.360000 1.720000 0.150000 0.030000 -0.090000 27.840375 0.000000 0.000000 83.080000 83.080000
1265.013681 -0.300000 -0.280000 0.040000 -0.170000 0.070000 0.060000 30.692104 0.288428 0.000000 96.410000 86.770000
1265.050549 -0.540000 -0.260000 1.760000 -0.160000 0.090000 -0.070000 27.461709 0.576856 0.000000 91.590000 72.310000
1265.079006 -0.120000 0.030000 0.900000 0.050000 -0.030000 0.070000 28.612788 0.137931 0.000000 87.690000 83.080000
1265.114967 0.870000 -1.590000 -2.390000 0.050000 0.100000 -0.030000 27.840375 0.000000 0.000000 83.080000 83.080000
1265.149378 -0.080000 0.980000 0.310000 -0.030000 -0.030000 -0.090000 30.692104 0.000000 0.000000 91.590000 91.590000
1265.186224 0.470000 -0.360000 2.030000 -0.060000 0.010000 0.090000 26.654110 0.144214 0.000000 81.950000 77.130000
1265.223915 0.070000 0.850000 0.270000 0.050000 -0.060000 -0.030000 27.840375 0.000000 0.000000 83.080000 83.080000
1265.261368 -1.420000 -0.350000 -0.810000 0.150000 0.040000 -0.010000 29.884505 0.432642 0.000000 96.410000 81.950000
1265.291291 0.020000 0.650000 -0.120000 -0.200000 -0.110000 -0.020000 30.159289 0.138230 0.000000 92.310000 87.690000
1265.318398 -0.870000 0.640000 -1.490000 0.030000 -0.060000 0.060000 28.269307 0.144214 0.000000 86.770000 81.950000
1265.353504 0.450000 -0.290000 0.490000 0.010000 0.090000 0.040000 29.076906 0.000000 0.000000 86.770000 86.770000
1265.387247 -0.250000 0.800000 -0.050000 0.050000 -0.060000 -0.120000 29.385201 0.000000 0.000000 87.690000 87.690000
1265.422391 0.660000 -0.620000 -0.480000 0.170000 -0.030000 0.080000 28.612788 0.137931 0.000000 87.690000 83.080000
1265.449948 0.060000 -0.710000 0.690000 -0.210000 -0.060000 -0.020000 29.884505 0.144214 0.000000 91.590000 86.770000
1265.487049 0.190000 1.070000 -1.420000 -0.100000 -0.080000 0.020000 29.884505 0.144214 0.000000 91.590000 86.770000
1265.522869 0.880000 -0.150000 0.090000 0.050000 -0.090000 0.040000 27.840375 0.000000 0.000000 83.080000 83.080000
1265.550694 -0.870000 -1.720000 -1.440000 0.030000 0.080000 0.000000 30.692104 0.000000 0.000000 91.590000 91.590000
1265.578314 0.700000 -0.620000 -0.700000 0.110000 0.010000 0.020000 31.499702 0.144214 0.000000 96.410000 91.590000
1265.616506 -0.290000 -0.540000 2.080000 -0.120000 -0.020000 -0.010000 27.461709 0.000000 0.000000 81.950000 81.950000
1265.652654 -0.130000 1.500000 -0.030000 0.080000 -0.010000 0.090000 29.884505 -0.144214 0.000000 86.770000 91.590000
1265.680295 -0.280000 -1.000000 -0.040000 0.110000 0.120000 -0.040000 29.884505 -0.144214 0.000000 86.770000 91.590000
1265.709459 -0.990000 2.320000 0.890000 -0.160000 -0.050000 0.010000 27.840375 0.552322 0.000000 92.310000 73.850000
1265.738654 -0.520000 -0.780000 -0.770000 0.040000 -0.010000 0.060000 29.076906 0.000000 0.000000 86.770000 86.770000
1265.773086 0.410000 0.710000 2.030000 0.000000 0.110000 -0.100000 29.076906 -0.288428 0.000000 81.950000 91.590000
1265.801997 -0.410000 -0.190000 -0.530000 0.100000 0.020000 -0.010000 27.066287 -0.138230 0.000000 78.460000 83.080000
1265.830898 0.680000 0.350000 -0.420000 0.140000 -0.040000 -0.080000 26.843443 -0.178024 0.000000 77.130000 83.080000
1265.860145 0.200000 -0.120000 1.010000 -0.110000 -0.050000 -0.010000 29.076906 -0.288428 0.000000 81.950000 91.590000
1265.889400 0.250000 0.000000 -0.760000 -0.070000 0.020000 -0.010000 25.846511 0.000000 0.000000 77.130000 77.130000
1265.922309 0.110000 -0.220000 0.380000 0.020000 -0.050000 -0.000000 25.519785 -0.137931 0.000000 73.850000 78.460000
1265.958253 -0.590000 -0.640000 -0.350000 0.060000 -0.050000 0.050000 25.846511 -0.288428 0.000000 72.310000 81.950000
1265.996190 -0.020000 -0.170000 -1.160000 0.090000 0.030000 -0.030000 25.519785 -0.137931 0.000000 73.850000 78.460000
1266.029466 0.860000 -0.790000 -0.230000 0.160000 -0.020000 -0.040000 22.616116 0.000000 0.000000 67.490000 67.490000
1266.062889 0.600000 -0.870000 -0.650000 0.110000 0.050000 -0.040000 21.808517 -0.144214 0.000000 62.670000 67.490000
1266.097672 -0.470000 -0.330000 -0.970000 0.190000 0.040000 0.130000 20.106193 0.000000 0.000000 60.000000 60.000000
1266.134032 0.510000 -0.650000 0.610000 -0.010000 0.070000 -0.000000 14.692601 -0.137931 0.000000 41.540000 46.150000
1266.166111 -0.330000 -1.290000 0.450000 0.050000 -0.010000 -0.110000 12.113981 0.144214 0.000000 38.560000 33.740000
1266.200643 0.170000 -0.250000 1.120000 -0.060000 0.020000 -0.030000 4.845593 0.288428 0.000000 19.280000 9.640000
1266.229406 0.420000 0.390000 -0.270000 0.020000 -0.020000 -0.010000 1.546501 0.276161 0.000000 9.230000 0.000000
1266.267404 -0.040000 1.010000 0.180000 0.010000 -0.020000 0.010000 0.000000 0.000000 0.000000 0.000000 0.000000
1266.302867 0.020000 1.290000 0.080000 0.000000 0.000000 0.000000 0.000000 0.000000 0.000000 0.000000 0.000000
1266.331602 0.180000 1.090000 0.320000 -0.000000 0.000000 -0.000000 0.000000 0.000000 0.000000 0.000000 0.000000
1266.359086 0.100000 0.930000 -0.080000 0.000000 -0.010000 0.000000 0.000000 0.000000 0.000000 0.000000 0.000000
1266.395447 0.040000 0.720000 0.070000 0.000000 0.000000 -0.000000 0.000000 0.000000 0.000000 0.000000 0.000000
1266.433043 0.080000 0.610000 -0.080000 -0.000000 0.000000 0.000000 0.000000 0.000000 0.000000 0.000000 0.000000
1266.468977 0.200000 0.420000 -0.170000 0.000000 0.000000 0.000000 0.000000 0.000000 0.000000 0.000000 0.000000
1266.505468 0.040000 0.180000 -0.020000 -0.000000 -0.000000 0.000000 0.000000 0.000000 0.000000 0.000000 0.000000
1266.543056 -0.090000 -0.030000 0.080000 0.000000 -0.000000 -0.000000 0.000000 0.000000 0.000000 0.000000 0.000000
1266.571359 0.050000 -0.060000 0.000000 -0.000000 -0.000000 -0.000000 0.000000 0.000000 0.000000 0.000000 0.000000
1266.599290 0.050000 -0.090000 -0.020000 0.000000 0.000000 0.000000 0.000000 0.000000 0.000000 0.000000 0.000000
1266.628331 -0.020000 -0.040000 -0.050000 -0.000000 -0.000000 -0.000000 0.000000 0.000000 0.000000 0.000000 0.000000
1266.664164 -0.000000 -0.100000 0.040000 0.000000 -0.000000 -0.000000 0.000000 0.000000 0.000000 0.000000 0.000000
1266.698136 0.010000 -0.070000 -0.010000 -0.000000 0.000000 0.000000 0.000000 0.000000 0.000000 0.000000 0.000000
1266.734930 -0.060000 -0.060000 -0.030000 -0.000000 -0.000000 0.000000 0.000000 0.000000 0.000000 0.000000 0.000000
1266.768506 -0.020000 -0.050000 0.040000 0.000000 0.000000 -0.000000 0.000000 0.000000 0.000000 0.000000 0.000000
1266.801445 0.010000 -0.040000 0.020000 0.000000 0.000000 0.000000 0.000000 0.000000 0.000000 0.000000 0.000000
1266.828095 -0.000000 -0.040000 0.030000 -0.000000 0.000000 0.000000 0.000000 0.000000 0.000000 0.000000 0.000000
1266.864677 -0.000000 -0.060000 -0.030000 -0.000000 -0.000000 -0.000000 0.000000 0.000000 0.000000 0.000000 0.000000
1266.901129 0.030000 -0.030000 -0.040000 -0.000000 -0.000000 -0.000000 0.000000 0.000000 0.000000 0.000000 0.000000
1266.929825 -0.030000 -0.040000 0.070000 0.000000 -0.000000 0.000000 0.000000 0.000000 0.000000 0.000000 0.000000
1266.958488 -0.040000 0.010000 -0.050000 -0.000000 -0.000000 0.000000 0.000000 0.000000 0.000000 0.000000 0.000000
1266.992677 -0.000000 -0.020000 0.070000 0.000000 -0.000000 -0.000000 0.000000 0.000000 0.000000 0.000000 0.000000
1267.022419 0.030000 -0.080000 -0.020000 -0.000000 0.000000 0.000000 0.000000 0.000000 0.000000 0.000000 0.000000
1267.051915 -0.010000 -0.010000 -0.040000 0.000000 -0.000000 -0.000000 0.000000 0.000000 0.000000 0.000000 0.000000
1267.080260 0.010000 -0.070000 -0.040000 -0.000000 0.000000 -0.000000 0.000000 0.000000 0.000000 0.000000 0.000000
1267.106276 0.010000 0.010000 0.010000 0.000000 -0.000000 0.000000 0.000000 0.000000 0.000000 0.000000 0.000000
1267.140458 -0.050000 -0.010000 0.040000 -0.000000 -0.000000 0.000000 0.000000 0.000000 0.000000 0.000000 0.000000
1267.168760 0.010000 -0.020000 -0.000000 0.000000 -0.000000 0.000000 0.000000 0.000000 0.000000 0.000000 0.000000
1267.204961 -0.000000 -0.040000 -0.030000 -0.000000 0.000000 -0.000000 0.000000 0.000000 0.000000 0.000000 0.000000
1267.239018 0.020000 -0.020000 0.020000 -0.000000 0.000000 0.000000 0.000000 0.000000 0.000000 0.000000 0.000000
1267.266096 0.010000 -0.000000 -0.040000 -0.000000 0.000000 -0.000000 0.000000 0.000000 0.000000 0.000000 0.000000
1267.303673 0.020000 -0.030000 -0.040000 -0.000000 -0.000000 -0.000000 0.000000 0.000000 0.000000 0.000000 0.000000
1267.337189 -0.010000 -0.060000 0.020000 -0.000000 0.000000 -0.000000 0.000000 0.000000 0.000000 0.000000 0.000000
1267.369180 -0.010000 -0.040000 0.030000 -0.000000 0.000000 -0.000000 0.000000 0.000000 0.000000 0.000000 0.000000
1267.400316 0.010000 -0.020000 -0.050000 0.000000 -0.000000 -0.000000 0.000000 0.000000 0.000000 0.000000 0.000000
1267.427224 0.010000 -0.030000 0.040000 -0.000000 0.000000 0.000000 0.000000 0.000000 0.000000 0.000000 0.000000
1267.458540 0.040000 -0.030000 -0.010000 0.000000 0.000000 0.000000 0.000000 0.000000 0.000000 0.000000 0.000000
1267.490712 0.030000 -0.020000 -0.020000 0.000000 -0.000000 -0.000000 0.000000 0.000000 0.000000 0.000000 0.000000
1267.526998 0.020000 -0.020000 -0.040000 0.000000 -0.000000 0.000000 0.000000 0.000000 0.000000 0.000000 0.000000
1267.563731 -0.020000 -0.020000 0.010000 0.000000 0.000000 -0.000000 0.000000 0.000000 0.000000 0.000000 0.000000
1267.597155 -0.040000 0.040000 -0.060000 -0.000000 -0.000000 0.000000 0.000000 0.000000 0.000000 0.000000 0.000000
1267.632345 -0.000000 0.010000 -0.020000 -0.000000 0.000000 -0.000000 0.000000 0.000000 0.000000 0.000000 0.000000
1267.660560 0.010000 0.000000 -0.040000 -0.000000 0.000000 -0.000000 0.000000 0.000000 0.000000 0.000000 0.000000
1267.688455 -0.020000 -0.000000 -0.040000 0.000000 0.000000 -0.000000 0.000000 0.000000 0.000000 0.000000 0.000000
1267.721203 -0.030000 -0.030000 0.040000 -0.000000 -0.000000 -0.000000 0.000000 0.000000 0.000000 0.000000 0.000000
1267.750365 0.030000 -0.010000 0.010000 -0.000000 -0.000000 -0.000000 0.000000 0.000000 0.000000 0.000000 0.000000
1267.786455 -0.010000 -0.020000 -0.040000 -0.000000 0.000000 -0.000000 0.000000 0.000000 0.000000 0.000000 0.000000
1267.822259 -0.030000 -0.010000 0.080000 0.000000 -0.000000 -0.000000 0.000000 0.000000 0.000000 0.000000 0.000000
1267.848390 -0.020000 0.040000 0.080000 0.000000 0.000000 -0.000000 0.000000 0.000000 0.000000 0.000000 0.000000
1267.883949 0.010000 -0.020000 0.010000 -0.000000 0.000000 0.000000 0.000000 0.000000 0.000000 0.000000 0.000000
1267.915692 -0.030000 -0.030000 0.050000 -0.000000 -0.000000 -0.000000 0.000000 0.000000 0.000000 0.000000 0.000000
1267.950743 -0.010000 -0.000000 0.040000 -0.000000 0.000000 -0.000000 0.000000 0.000000 0.000000 0.000000 0.000000
1267.985228 -0.030000 0.000000 0.010000 0.000000 0.000000 0.000000 0.000000 0.000000 0.000000 0.000000 0.000000
1268.017945 0.010000 0.000000 -0.010000 -0.000000 0.000000 -0.000000 0.000000 0.000000 0.000000 0.000000 0.000000
1268.050860 0.010000 -0.000000 -0.000000 -0.000000 0.000000 -0.000000 0.000000 0.000000 0.000000 0.000000 0.000000
1268.086159 -0.010000 -0.010000 -0.050000 0.000000 0.000000 -0.000000 0.000000 0.000000 0.000000 0.000000 0.000000
1268.120280 0.030000 -0.000000 0.000000 0.000000 0.000000 -0.000000 0.000000 0.000000 0.000000 0.000000 0.000000
1268.155713 0.030000 -0.020000 0.010000 0.000000 -0.000000 0.000000 0.000000 0.000000 0.000000 0.000000 0.000000
1268.189707 0.000000 -0.020000 -0.000000 0.000000 -0.000000 -0.000000 0.000000 0.000000 0.000000 0.000000 0.000000
1268.224271 0.010000 0.040000 -0.050000 0.000000 -0.000000 -0.000000 0.000000 0.000000 0.000000 0.000000 0.000000
1268.259381 -0.020000 -0.070000 -0.050000 0.000000 0.000000 0.000000 0.000000 0.000000 0.000000 0.000000 0.000000
1268.287184 -0.010000 0.010000 0.020000 -0.000000 0.000000 0.000000 0.000000 0.000000 0.000000 0.000000 0.000000
1268.318410 -0.030000 -0.010000 0.030000 -0.000000 0.000000 0.000000 0.000000 0.000000 0.000000 0.000000 0.000000
1268.355627 0.030000 -0.010000 -0.030000 -0.000000 0.000000 0.000000 0.000000 0.000000 0.000000 0.000000 0.000000
1268.389583 -0.010000 0.050000 0.030000 0.000000 -0.000000 0.000000 0.000000 0.000000 0.000000 0.000000 0.000000
1268.425645 0.010000 0.020000 0.010000 -0.000000 -0.000000 0.000000 0.000000 0.000000 0.000000 0.000000 0.000000
1268.456884 0.020000 -0.010000 0.020000 0.000000 0.000000 -0.000000 0.000000 0.000000 0.000000 0.000000 0.000000
1268.492972 0.010000 -0.050000 0.040000 0.000000 -0.000000 0.000000 0.000000 0.000000 0.000000 0.000000 0.000000
1268.521902 0.030000 -0.020000 -0.020000 0.000000 0.000000 -0.000000 0.000000 0.000000 0.000000 0.000000 0.000000
1268.548662 0.030000 0.000000 -0.010000 -0.000000 0.000000 0.000000 0.000000 0.000000 0.000000 0.000000 0.000000
1268.582850 0.000000 0.020000 0.050000 -0.000000 0.000000 0.000000 0.000000 0.000000 0.000000 0.000000 0.000000
1268.611698 -0.040000 0.010000 0.000000 0.000000 -0.000000 -0.000000 0.000000 0.000000 0.000000 0.000000 0.000000
1268.638831 -0.030000 0.000000 -0.010000 0.000000 0.000000 0.000000 0.000000 0.000000 0.000000 0.000000 0.000000
1268.675567 -0.000000 -0.000000 -0.030000 0.000000 0.000000 0.000000 0.000000 0.000000 0.000000 0.000000 0.000000
1268.708655 0.030000 0.020000 0.040000 -0.000000 0.000000 -0.000000 0.000000 0.000000 0.000000 0.000000 0.000000
1268.743376 -0.010000 0.010000 0.050000 -0.000000 -0.000000 -0.000000 0.000000 0.000000 0.000000 0.000000 0.000000
1268.771595 0.020000 -0.030000 -0.020000 -0.000000 0.000000 0.000000 0.000000 0.000000 0.000000 0.000000 0.000000
1268.800414 0.020000 -0.050000 0.030000 -0.000000 0.000000 -0.000000 0.000000 0.000000 0.000000 0.000000 0.000000
1268.829448 0.020000 0.010000 -0.010000 -0.000000 0.000000 -0.000000 0.000000 0.000000 0.000000 0.000000 0.000000
1268.861890 -0.010000 -0.040000 -0.040000 0.000000 -0.000000 0.000000 0.000000 0.000000 0.000000 0.000000 0.000000
1268.893984 -0.010000 -0.010000 -0.010000 -0.000000 -0.000000 -0.000000 0.000000 0.000000 0.000000 0.000000 0.000000
1268.925484 0.030000 -0.010000 -0.030000 -0.000000 0.000000 -0.000000 0.000000 0.000000 0.000000 0.000000 0.000000
1268.956595 -0.000000 0.010000 0.020000 0.000000 0.000000 -0.000000 0.000000 0.000000 0.000000 0.000000 0.000000
1268.985662 -0.040000 0.040000 -0.030000 -0.000000 0.000000 -0.000000 0.000000 0.000000 0.000000 0.000000 0.000000
1269.022995 0.020000 -0.040000 0.010000 -0.000000 -0.000000 -0.000000 0.000000 0.000000 0.000000 0.000000 0.000000
1269.051399 0.000000 0.010000 0.050000 -0.000000 -0.000000 0.000000 0.000000 0.000000 0.000000 0.000000 0.000000
1269.104156 0.030000 0.020000 -0.010000 -0.000000 0.000000 0.000000 0.000000 0.000000 0.000000 0.000000 0.000000
1269.168930 0.010000 0.000000 -0.020000 0.000000 0.000000 -0.000000 0.000000 0.000000 0.000000 0.000000 0.000000
1269.199683 0.060000 0.030000 0.050000 -0.000000 0.000000 0.000000 0.000000 0.000000 0.000000 0.000000 0.000000
1269.231641 -0.030000 -0.010000 -0.010000 -0.000000 0.000000 -0.000000 0.000000 0.000000 0.000000 0.000000 0.000000
1269.258899 -0.050000 -0.010000 0.060000 -0.000000 -0.000000 0.000000 0.000000 0.000000 0.000000 0.000000 0.000000
1269.290832 -0.020000 -0.020000 -0.020000 -0.000000 0.000000 -0.000000 0.000000 0.000000 0.000000 0.000000 0.000000
1269.316873 -0.040000 0.020000 0.010000 0.000000 0.000000 0.000000 0.000000 0.000000 0.000000 0.000000 0.000000
1269.349564 -0.000000 0.010000 -0.010000 0.000000 0.000000 -0.000000 0.000000 0.000000 0.000000 0.000000 0.000000
1269.389308 -0.010000 0.020000 0.000000 -0.000000 -0.000000 0.000000 0.000000 0.000000 0.000000 0.000000 0.000000
1269.418089 0.010000 -0.010000 -0.020000 -0.000000 -0.000000 -0.000000 0.000000 0.000000 0.000000 0.000000 0.000000
1269.453443 -0.030000 -0.010000 -0.030000 -0.000000 -0.000000 0.000000 0.000000 0.000000 0.000000 0.000000 0.000000
1269.483162 -0.030000 0.010000 -0.070000 -0.000000 -0.000000 -0.000000 0.000000 0.000000 0.000000 0.000000 0.000000
