503.940399 -0.050000 0.010000 -8.680000 0.000000 0.000000 0.000000 0.000000 0.000000 0.000000 0.000000 0.000000
503.972561 -0.070000 0.010000 -7.640000 -0.000000 -0.000000 0.010000 0.000000 0.000000 0.000000 0.000000 0.000000
504.001367 0.010000 0.110000 -6.740000 -0.000000 -0.000000 0.000000 1.546501 0.276161 0.000000 9.230000 0.000000
504.029862 -0.040000 0.070000 -5.800000 0.000000 -0.000000 0.000000 2.422796 0.144214 0.000000 9.640000 4.820000
504.062942 0.070000 0.070000 -4.930000 0.000000 0.000000 -0.000000 8.883586 0.144214 0.000000 28.920000 24.100000
504.093934 -0.670000 2.810000 -5.450000 0.030000 0.100000 0.040000 7.734182 0.000000 0.000000 23.080000 23.080000
504.126686 -0.070000 -1.280000 -2.350000 0.090000 0.020000 -0.040000 8.643987 -0.389857 0.000000 19.280000 32.310000
504.165655 0.380000 1.250000 -2.040000 -0.010000 -0.010000 -0.020000 12.113981 -0.144214 0.000000 33.740000 38.560000
504.199803 0.260000 -0.610000 -0.910000 0.020000 0.020000 0.040000 12.113981 0.144214 0.000000 38.560000 33.740000
504.228809 0.320000 0.380000 -0.100000 -0.070000 0.000000 0.030000 16.239102 0.138230 0.000000 50.770000 46.150000
504.264100 -0.300000 0.370000 0.040000 0.110000 0.040000 0.020000 17.770524 0.000000 0.000000 53.030000 53.030000
504.299443 -0.270000 -1.350000 1.030000 0.020000 -0.030000 0.050000 17.785603 -0.137931 0.000000 50.770000 55.380000
504.328467 0.280000 -0.250000 0.850000 0.110000 -0.030000 -0.010000 21.000919 0.000000 0.000000 62.670000 62.670000
504.362836 -0.250000 -1.000000 0.160000 0.070000 0.040000 0.000000 21.000919 0.000000 0.000000 62.670000 62.670000
504.401914 -0.250000 -0.340000 -0.100000 0.030000 -0.010000 -0.030000 24.231314 0.000000 0.000000 72.310000 72.310000
504.429528 0.280000 -1.170000 -1.270000 -0.040000 0.100000 -0.010000 22.426783 -0.137931 0.000000 64.620000 69.230000
504.463412 0.170000 -1.170000 -1.660000 0.090000 0.110000 0.010000 25.038912 0.144214 0.000000 77.130000 72.310000
504.498501 0.640000 0.700000 1.210000 0.080000 0.050000 -0.030000 25.846511 0.000000 0.000000 77.130000 77.130000
504.535178 -0.270000 -0.480000 1.440000 0.070000 0.090000 0.000000 25.519785 0.137931 0.000000 78.460000 73.850000
504.572114 -0.380000 -0.660000 -1.160000 -0.030000 -0.030000 0.020000 24.747373 0.000000 0.000000 73.850000 73.850000
504.599136 0.570000 0.550000 -1.570000 -0.080000 0.070000 0.010000 28.269307 0.144214 0.000000 86.770000 81.950000
504.633116 0.440000 -0.170000 0.180000 -0.080000 0.150000 -0.030000 25.846511 0.000000 0.000000 77.130000 77.130000
504.665627 -0.040000 0.970000 0.700000 0.070000 0.110000 0.010000 26.292198 0.000000 0.000000 78.460000 78.460000
504.697559 0.070000 -0.690000 0.110000 0.080000 0.070000 0.000000 29.076906 0.000000 0.000000 86.770000 86.770000
504.731310 -0.610000 0.850000 2.320000 -0.100000 0.010000 -0.070000 27.840375 0.000000 0.000000 83.080000 83.080000
504.763625 -0.100000 -0.770000 0.430000 -0.180000 0.090000 -0.010000 27.461709 0.000000 0.000000 81.950000 81.950000
504.797358 1.170000 0.440000 -2.740000 0.230000 -0.020000 0.050000 29.076906 0.000000 0.000000 86.770000 86.770000
504.832592 -0.000000 -0.580000 0.010000 0.200000 0.110000 -0.010000 29.076906 0.000000 0.000000 86.770000 86.770000
504.863285 -0.570000 -0.120000 -0.480000 -0.090000 0.090000 0.000000 27.840375 0.000000 0.000000 83.080000 83.080000
504.899508 0.580000 -0.420000 -0.850000 0.060000 0.090000 -0.020000 29.884505 -0.144214 0.000000 86.770000 91.590000
504.928791 -0.100000 -0.010000 0.420000 -0.030000 -0.040000 0.030000 29.884505 -0.144214 0.000000 86.770000 91.590000
504.966260 0.220000 -0.790000 -0.470000 0.190000 -0.050000 0.010000 28.612788 0.137931 0.000000 87.690000 83.080000
505.000971 -0.820000 -0.630000 1.260000 -0.030000 -0.040000 0.060000 29.385201 0.000000 0.000000 87.690000 87.690000
505.028929 -0.270000 0.120000 -1.110000 -0.160000 0.000000 -0.080000 29.884505 -0.144214 0.000000 86.770000 91.590000
505.063782 0.010000 0.400000 1.890000 -0.080000 0.050000 0.050000 27.461709 0.000000 0.000000 81.950000 81.950000
505.100340 -0.250000 -0.170000 1.130000 -0.140000 -0.050000 -0.040000 28.612788 -0.137931 0.000000 83.080000 87.690000
505.129364 -0.310000 0.090000 -0.710000 -0.010000 0.020000 0.010000 29.076906 0.000000 0.000000 86.770000 86.770000
505.166000 -0.260000 1.970000 1.460000 -0.180000 0.030000 -0.040000 29.266239 -0.254619 0.000000 83.080000 91.590000
505.198743 0.230000 -0.510000 -1.570000 0.060000 0.050000 0.020000 27.461709 0.000000 0.000000 81.950000 81.950000
505.236312 -0.440000 0.970000 1.670000 0.040000 -0.070000 0.040000 30.692104 0.000000 0.000000 91.590000 91.590000
505.272084 -0.580000 -0.430000 0.270000 -0.090000 -0.090000 -0.030000 29.884505 -0.144214 0.000000 86.770000 91.590000
505.301439 0.630000 0.830000 0.510000 0.010000 -0.080000 -0.010000 27.840375 0.000000 0.000000 83.080000 83.080000
505.329542 -0.810000 -0.840000 -0.610000 0.020000 0.000000 0.030000 29.076906 0.000000 0.000000 86.770000 86.770000
505.368255 -0.040000 -0.790000 -1.120000 0.030000 0.000000 0.080000 28.269307 0.144214 0.000000 86.770000 81.950000
505.402548 -0.980000 -0.100000 0.960000 -0.080000 -0.020000 0.030000 28.612788 0.137931 0.000000 87.690000 83.080000
505.439107 0.580000 0.390000 -1.430000 0.110000 -0.070000 0.020000 27.840375 0.000000 0.000000 83.080000 83.080000
505.468440 0.040000 -0.330000 -0.620000 0.120000 0.020000 -0.040000 29.884505 0.144214 0.000000 91.590000 86.770000
505.505461 -0.580000 0.800000 -0.170000 -0.020000 -0.020000 0.050000 27.461709 0.000000 0.000000 81.950000 81.950000
505.543350 0.110000 -0.210000 -2.470000 0.070000 0.040000 0.030000 27.840375 0.000000 0.000000 83.080000 83.080000
505.578124 0.660000 0.630000 0.730000 0.060000 0.030000 -0.020000 29.076906 0.000000 0.000000 86.770000 86.770000
505.615330 0.260000 -0.780000 -0.890000 0.050000 0.180000 -0.020000 29.076906 0.000000 0.000000 86.770000 86.770000
505.651341 0.590000 0.350000 2.050000 0.120000 -0.050000 -0.060000 28.269307 -0.144214 0.000000 81.950000 86.770000
505.684554 -0.860000 0.380000 0.190000 -0.140000 0.030000 0.050000 29.076906 0.000000 0.000000 86.770000 86.770000
505.721785 0.500000 -0.300000 0.210000 -0.050000 0.120000 -0.020000 29.884505 -0.144214 0.000000 86.770000 91.590000
505.750527 0.580000 0.430000 1.630000 0.010000 0.100000 -0.050000 27.840375 0.000000 0.000000 83.080000 83.080000
505.779609 0.440000 -0.120000 0.220000 0.040000 -0.000000 -0.000000 27.461709 0.000000 0.000000 81.950000 81.950000
505.816471 0.440000 0.620000 1.440000 -0.180000 -0.040000 0.020000 30.692104 0.000000 0.000000 91.590000 91.590000
505.852382 0.690000 -0.240000 0.420000 -0.090000 -0.050000 -0.000000 27.840375 0.000000 0.000000 83.080000 83.080000
505.879813 1.050000 -0.180000 -1.060000 0.230000 -0.010000 0.040000 28.612788 -0.137931 0.000000 83.080000 87.690000
505.916135 -0.380000 1.180000 0.470000 0.070000 -0.020000 -0.060000 29.076906 0.000000 0.000000 86.770000 86.770000
505.953681 -0.150000 -0.910000 -1.120000 -0.030000 0.000000 -0.010000 27.461709 0.000000 0.000000 81.950000 81.950000
505.985846 0.240000 0.380000 1.760000 0.060000 -0.120000 -0.000000 27.840375 0.000000 0.000000 83.080000 83.080000
506.018755 -0.460000 0.040000 -1.990000 0.060000 -0.040000 0.030000 29.076906 0.000000 0.000000 86.770000 86.770000
506.052831 -0.200000 -0.430000 -0.520000 0.130000 0.050000 0.010000 28.269307 -0.144214 0.000000 81.950000 86.770000
506.089352 -1.020000 -0.830000 2.210000 -0.080000 0.110000 0.030000 27.461709 0.000000 0.000000 81.950000 81.950000
506.120428 -0.060000 1.590000 -0.030000 -0.130000 0.010000 -0.100000 30.692104 0.000000 0.000000 91.590000 91.590000
506.149357 -0.240000 0.350000 0.700000 -0.080000 0.010000 -0.020000 29.076906 0.000000 0.000000 86.770000 86.770000
506.186179 -0.770000 -1.040000 0.220000 -0.190000 -0.060000 -0.010000 27.066287 -0.138230 0.000000 78.460000 83.080000
506.218428 0.010000 0.170000 -0.860000 -0.000000 -0.020000 -0.020000 29.076906 0.000000 0.000000 86.770000 86.770000
506.255150 -0.430000 0.240000 1.010000 -0.300000 0.020000 -0.010000 28.269307 0.144214 0.000000 86.770000 81.950000
506.287474 0.390000 -0.360000 -2.590000 0.040000 0.000000 0.030000 27.840375 0.000000 0.000000 83.080000 83.080000
506.323986 0.140000 1.190000 1.930000 0.160000 -0.070000 0.020000 29.385201 0.000000 0.000000 87.690000 87.690000
506.359876 -0.090000 -0.860000 -0.560000 -0.080000 -0.020000 -0.060000 28.269307 0.144214 0.000000 86.770000 81.950000
506.390198 0.670000 0.460000 -0.190000 -0.090000 -0.030000 -0.050000 29.076906 0.000000 0.000000 86.770000 86.770000
506.417534 0.100000 -0.140000 0.930000 0.080000 -0.090000 0.010000 27.840375 0.000000 0.000000 83.080000 83.080000
506.452929 0.260000 -0.010000 -1.400000 0.030000 -0.050000 0.100000 30.692104 0.000000 0.000000 91.590000 91.590000
506.482539 -0.640000 -0.050000 1.330000 0.090000 -0.150000 0.000000 29.076906 0.000000 0.000000 86.770000 86.770000
506.509899 0.160000 -0.170000 1.060000 -0.010000 0.000000 0.050000 27.461709 0.000000 0.000000 81.950000 81.950000
506.545563 0.440000 0.740000 -1.550000 0.100000 -0.110000 -0.070000 30.692104 0.000000 0.000000 91.590000 91.590000
506.581005 -1.040000 -0.040000 -0.470000 -0.000000 -0.200000 0.050000 29.076906 0.000000 0.000000 86.770000 86.770000
506.611201 -0.500000 -0.160000 -2.380000 0.020000 -0.100000 0.060000 27.840375 0.000000 0.000000 83.080000 83.080000
506.637829 0.110000 0.740000 0.190000 0.060000 0.030000 0.000000 28.269307 -0.144214 0.000000 81.950000 86.770000
506.674623 -0.480000 -1.060000 -0.740000 0.050000 0.030000 0.020000 29.884505 0.144214 0.000000 91.590000 86.770000
506.707150 -0.090000 0.300000 0.260000 0.210000 -0.020000 0.080000 27.840375 0.000000 0.000000 83.080000 83.080000
506.742834 -0.390000 -0.520000 0.060000 -0.150000 -0.030000 0.050000 28.612788 0.137931 0.000000 87.690000 83.080000
506.777475 0.500000 -0.310000 -2.120000 -0.080000 0.050000 -0.020000 29.076906 0.000000 0.000000 86.770000 86.770000
506.811339 0.560000 0.960000 0.560000 0.090000 0.020000 0.020000 29.076906 0.000000 0.000000 86.770000 86.770000
506.842754 0.040000 -0.770000 -0.170000 0.090000 0.030000 -0.010000 27.840375 0.000000 0.000000 83.080000 83.080000
506.870794 0.440000 1.200000 1.420000 -0.060000 0.030000 -0.030000 29.884505 -0.144214 0.000000 86.770000 91.590000
506.900650 0.340000 -1.050000 1.860000 -0.140000 0.130000 0.000000 29.076906 0.000000 0.000000 86.770000 86.770000
506.929515 0.780000 -0.850000 -1.640000 0.150000 0.130000 -0.020000 28.269307 0.144214 0.000000 86.770000 81.950000
506.965134 0.450000 -0.100000 -0.530000 0.180000 0.080000 -0.130000 26.876953 0.104421 0.000000 81.950000 78.460000
506.999132 -0.210000 -0.050000 0.010000 -0.040000 0.160000 0.060000 26.654110 0.144214 0.000000 81.950000 77.130000
507.029391 -0.060000 -0.360000 -1.550000 0.100000 0.130000 0.050000 23.973284 0.414092 0.000000 78.460000 64.620000
507.064223 0.830000 -0.890000 1.310000 -0.020000 0.110000 0.020000 20.193320 0.721070 0.000000 72.310000 48.210000
507.098694 0.240000 -0.110000 -1.130000 -0.130000 0.030000 0.500000 19.384046 1.154012 0.000000 77.130000 38.560000
507.132761 -0.150000 -0.770000 0.690000 0.080000 0.050000 0.640000 16.240777 0.966713 0.000000 64.620000 32.310000
507.161844 -0.450000 0.300000 0.400000 -0.030000 -0.000000 0.740000 11.599598 1.242575 0.000000 55.380000 13.850000
507.189207 -0.710000 -0.290000 0.320000 0.010000 -0.030000 0.900000 9.692861 1.442440 0.000000 53.030000 4.820000
507.223529 -0.040000 0.340000 -0.200000 0.060000 0.070000 1.070000 8.077663 1.442440 0.000000 48.210000 0.000000
507.255405 0.050000 0.950000 0.610000 0.020000 0.030000 1.270000 7.732507 1.380805 0.000000 46.150000 0.000000
507.294183 0.060000 0.410000 -0.000000 -0.000000 0.010000 1.210000 7.268389 1.297927 0.000000 43.380000 0.000000
507.329261 -0.500000 0.720000 0.220000 0.000000 0.010000 1.150000 8.077663 1.442440 0.000000 48.210000 0.000000
507.361694 -0.010000 0.460000 0.150000 0.010000 0.020000 1.140000 6.460790 1.153713 0.000000 38.560000 0.000000
507.391344 -0.230000 0.110000 0.100000 -0.010000 0.020000 1.160000 6.960094 1.242874 0.000000 41.540000 0.000000
507.418067 0.120000 0.420000 0.100000 -0.010000 -0.020000 1.140000 6.460790 1.153713 0.000000 38.560000 0.000000
507.450471 0.760000 -0.200000 -0.380000 -0.010000 0.020000 1.190000 6.960094 1.242874 0.000000 41.540000 0.000000
507.487524 -0.090000 0.440000 0.660000 -0.020000 0.000000 1.370000 4.845593 1.442141 0.000000 38.560000 -9.640000
507.522895 0.200000 -0.320000 -0.430000 0.020000 0.010000 1.510000 3.230395 1.730569 0.000000 38.560000 -19.280000
507.551344 0.170000 0.020000 0.490000 0.000000 0.000000 1.570000 2.148012 1.825714 0.000000 36.920000 -24.100000
507.581951 -0.000000 0.020000 -0.240000 -0.010000 -0.000000 1.680000 2.318914 1.795196 0.000000 36.920000 -23.080000
507.611834 -0.200000 0.240000 0.180000 0.030000 0.030000 1.860000 2.422796 1.874783 0.000000 38.560000 -24.100000
507.641302 -0.270000 -0.110000 0.020000 -0.010000 0.020000 1.970000 2.422796 2.163211 0.000000 43.380000 -28.920000
507.669704 -0.200000 0.150000 0.190000 0.020000 0.030000 2.020000 1.546501 2.209587 0.000000 41.540000 -32.310000
507.704471 0.010000 -0.020000 -0.030000 -0.010000 0.040000 2.070000 1.615198 2.307425 0.000000 43.380000 -33.740000
507.739906 -0.330000 0.070000 0.200000 -0.010000 0.020000 2.120000 1.615198 2.307425 0.000000 43.380000 -33.740000
507.768698 0.280000 -0.160000 0.270000 -0.030000 0.010000 2.070000 2.422796 2.163211 0.000000 43.380000 -28.920000
507.804434 -0.080000 0.410000 -0.460000 0.010000 0.030000 2.050000 1.546501 2.209587 0.000000 41.540000 -32.310000
507.840628 0.100000 0.190000 -0.190000 0.010000 0.020000 2.040000 2.422796 2.163211 0.000000 43.380000 -28.920000
507.870457 0.250000 -0.020000 -0.030000 0.010000 0.020000 2.010000 0.772413 2.071357 0.000000 36.920000 -32.310000
507.898607 0.060000 -0.060000 0.120000 0.010000 0.030000 1.990000 1.615198 2.307425 0.000000 43.380000 -33.740000
507.932303 0.410000 0.020000 -0.170000 0.020000 0.020000 2.010000 2.422796 2.163211 0.000000 43.380000 -28.920000
507.964797 0.090000 -0.080000 0.080000 0.030000 0.030000 1.990000 1.615198 2.018997 0.000000 38.560000 -28.920000
507.999905 0.090000 -0.080000 0.440000 0.010000 0.050000 1.960000 1.546501 2.209587 0.000000 41.540000 -32.310000
508.028305 0.170000 -0.280000 -0.350000 0.010000 0.050000 1.970000 1.615198 2.307425 0.000000 43.380000 -33.740000
508.060437 -0.600000 0.130000 0.100000 0.030000 0.040000 2.100000 1.615198 2.307425 0.000000 43.380000 -33.740000
508.088428 -0.090000 -0.410000 0.060000 0.020000 0.020000 2.020000 0.772413 2.071357 0.000000 36.920000 -32.310000
508.126438 -0.200000 -0.290000 -0.110000 0.020000 0.050000 1.980000 1.854796 2.264640 0.000000 43.380000 -32.310000
508.159579 -0.400000 0.130000 0.010000 0.030000 0.050000 2.000000 1.615198 2.307425 0.000000 43.380000 -33.740000
508.192647 -0.180000 -0.650000 0.050000 0.000000 0.020000 2.060000 1.615198 2.018997 0.000000 38.560000 -28.920000
508.219750 0.200000 0.030000 -0.240000 0.030000 0.040000 2.030000 2.320590 2.071357 0.000000 41.540000 -27.690000
508.258406 0.610000 0.150000 -0.340000 0.010000 0.050000 2.000000 1.615198 2.307425 0.000000 43.380000 -33.740000
508.294835 -0.010000 0.380000 0.280000 0.010000 0.050000 2.050000 1.546501 2.209587 0.000000 41.540000 -32.310000
508.328010 0.370000 -0.120000 0.090000 0.000000 0.050000 1.980000 1.615198 2.307425 0.000000 43.380000 -33.740000
508.361531 -0.140000 0.190000 0.170000 0.020000 0.050000 1.990000 1.615198 2.307425 0.000000 43.380000 -33.740000
508.390215 -0.040000 0.540000 0.270000 0.030000 0.040000 2.070000 1.615198 2.307425 0.000000 43.380000 -33.740000
508.420546 0.280000 -0.150000 -0.160000 0.010000 0.060000 2.000000 2.320590 2.071357 0.000000 41.540000 -27.690000
508.448086 0.060000 -0.090000 0.040000 0.010000 0.040000 1.920000 1.615198 2.307425 0.000000 43.380000 -33.740000
508.484581 0.070000 -0.220000 -0.300000 -0.010000 0.030000 1.920000 1.615198 2.307425 0.000000 43.380000 -33.740000
508.518482 0.060000 -0.240000 -0.150000 0.010000 0.060000 1.970000 1.546501 1.933127 0.000000 36.920000 -27.690000
508.552233 -0.230000 -0.020000 -0.080000 -0.000000 0.030000 1.890000 2.320590 2.071357 0.000000 41.540000 -27.690000
508.581310 -0.170000 0.080000 -0.320000 0.030000 0.040000 1.870000 2.422796 2.163211 0.000000 43.380000 -28.920000
508.608903 -0.260000 0.140000 -0.060000 -0.010000 0.020000 1.930000 1.615198 2.018997 0.000000 38.560000 -28.920000
508.646138 0.070000 -0.560000 0.110000 0.010000 0.050000 1.900000 2.320590 2.071357 0.000000 41.540000 -27.690000
508.678810 -0.310000 0.060000 -0.180000 0.000000 0.060000 1.910000 1.615198 2.307425 0.000000 43.380000 -33.740000
508.714166 -0.010000 0.010000 -0.250000 0.010000 0.040000 1.940000 1.306903 2.252372 0.000000 41.540000 -33.740000
508.749838 -0.360000 0.010000 0.510000 -0.030000 0.020000 2.000000 1.615198 2.018997 0.000000 38.560000 -28.920000
508.778272 0.440000 0.410000 0.210000 0.020000 0.030000 1.930000 1.615198 2.018997 0.000000 38.560000 -28.920000
508.814092 0.030000 -0.080000 -0.080000 -0.000000 0.020000 1.880000 1.615198 2.307425 0.000000 43.380000 -33.740000
508.846358 0.100000 0.790000 -0.330000 -0.010000 0.020000 1.960000 2.320590 2.071357 0.000000 41.540000 -27.690000
508.878913 0.060000 -0.260000 -0.110000 0.010000 0.050000 1.860000 1.615198 2.018997 0.000000 38.560000 -28.920000
508.917168 0.100000 0.220000 0.270000 0.010000 0.050000 1.870000 1.615198 2.307425 0.000000 43.380000 -33.740000
508.955324 0.400000 -0.010000 -0.130000 -0.000000 0.000000 1.820000 1.546501 1.933127 0.000000 36.920000 -27.690000
508.989825 -0.380000 -0.120000 0.290000 0.000000 0.040000 1.910000 2.320590 2.071357 0.000000 41.540000 -27.690000
509.026463 -0.420000 -0.150000 0.090000 0.020000 0.030000 1.870000 1.615198 2.018997 0.000000 38.560000 -28.920000
509.063272 0.080000 -0.270000 -0.100000 -0.000000 0.010000 1.870000 2.422796 2.163211 0.000000 43.380000 -28.920000
509.094843 -0.150000 -0.140000 -0.070000 -0.010000 0.030000 1.890000 1.546501 2.209587 0.000000 41.540000 -32.310000
509.131475 -0.340000 -0.320000 0.350000 -0.010000 0.030000 1.880000 1.615198 2.018997 0.000000 38.560000 -28.920000
509.159285 -0.080000 -0.140000 -0.080000 -0.010000 0.010000 1.920000 1.615198 2.018997 0.000000 38.560000 -28.920000
509.193431 0.420000 0.200000 0.040000 -0.010000 0.020000 1.890000 1.615198 2.018997 0.000000 38.560000 -28.920000
509.228091 -0.020000 0.170000 -0.000000 -0.020000 0.040000 1.970000 2.422796 2.163211 0.000000 43.380000 -28.920000
509.264615 0.510000 0.110000 -0.050000 0.000000 0.020000 1.900000 2.422796 2.163211 0.000000 43.380000 -28.920000
509.300727 0.100000 0.100000 0.100000 -0.000000 0.020000 1.890000 0.772413 2.071357 0.000000 36.920000 -32.310000
509.329241 0.380000 0.020000 0.080000 0.020000 0.040000 1.940000 1.615198 2.018997 0.000000 38.560000 -28.920000
509.359135 -0.460000 0.170000 -0.030000 -0.000000 0.020000 1.970000 2.422796 2.163211 0.000000 43.380000 -28.920000
509.388173 0.130000 0.100000 0.080000 0.000000 0.020000 1.940000 0.772413 2.071357 0.000000 36.920000 -32.310000
509.420417 0.070000 -0.260000 -0.200000 0.000000 0.030000 1.920000 1.546501 2.209587 0.000000 41.540000 -32.310000
509.456243 -0.310000 0.150000 -0.100000 -0.020000 -0.000000 1.980000 1.615198 2.307425 0.000000 43.380000 -33.740000
509.494969 -0.510000 -0.360000 -0.240000 0.010000 -0.000000 2.000000 0.807599 2.163211 0.000000 38.560000 -33.740000
509.530735 0.290000 -0.090000 -0.280000 0.020000 0.060000 1.950000 2.320590 2.071357 0.000000 41.540000 -27.690000
509.559811 0.110000 -0.080000 0.140000 -0.010000 0.050000 1.950000 1.615198 2.307425 0.000000 43.380000 -33.740000
509.596782 -0.120000 0.020000 -0.030000 -0.000000 -0.010000 2.000000 1.615198 2.018997 0.000000 38.560000 -28.920000
509.632005 0.540000 0.250000 0.100000 0.010000 0.020000 1.970000 0.807599 2.163211 0.000000 38.560000 -33.740000
509.660610 0.010000 0.010000 0.230000 0.020000 0.020000 1.920000 2.422796 2.163211 0.000000 43.380000 -28.920000
509.690616 -0.250000 0.440000 0.070000 0.010000 0.030000 2.010000 1.615198 2.307425 0.000000 43.380000 -33.740000
509.719415 0.340000 -0.320000 0.270000 0.030000 0.020000 1.910000 0.772413 2.071357 0.000000 36.920000 -32.310000
509.748410 -0.030000 0.110000 -0.090000 0.030000 0.020000 1.960000 0.807599 2.163211 0.000000 38.560000 -33.740000
509.783870 -0.020000 -0.400000 0.000000 0.010000 0.020000 1.940000 2.422796 2.163211 0.000000 43.380000 -28.920000
509.819782 -0.660000 -0.010000 -0.140000 0.020000 0.030000 2.030000 1.546501 2.209587 0.000000 41.540000 -32.310000
509.848596 -0.220000 -0.190000 0.150000 0.010000 0.030000 1.940000 0.772413 2.071357 0.000000 36.920000 -32.310000
509.882120 -0.260000 -0.060000 0.220000 0.000000 0.020000 1.970000 1.615198 2.307425 0.000000 43.380000 -33.740000
509.917192 -0.250000 0.270000 0.020000 0.030000 0.030000 2.010000 1.615198 2.307425 0.000000 43.380000 -33.740000
509.953313 0.120000 -0.110000 -0.280000 0.010000 0.010000 2.050000 0.772413 2.071357 0.000000 36.920000 -32.310000
509.983582 0.220000 0.540000 0.170000 0.030000 0.030000 1.980000 2.422796 2.163211 0.000000 43.380000 -28.920000
510.017730 0.510000 -0.010000 -0.000000 0.030000 0.020000 1.920000 1.615198 2.307425 0.000000 43.380000 -33.740000
510.050594 0.030000 0.300000 0.020000 -0.000000 0.020000 2.030000 1.615198 2.018997 0.000000 38.560000 -28.920000
510.080521 0.250000 -0.110000 -0.020000 0.020000 0.050000 1.960000 2.320590 2.071357 0.000000 41.540000 -27.690000
510.108455 0.230000 0.090000 0.180000 0.010000 0.030000 1.960000 1.615198 2.307425 0.000000 43.380000 -33.740000
510.142684 0.160000 0.120000 -0.140000 0.010000 0.030000 1.980000 0.772413 2.071357 0.000000 36.920000 -32.310000
510.172569 -0.230000 -0.480000 0.090000 0.030000 0.040000 2.020000 0.807599 2.163211 0.000000 38.560000 -33.740000
510.201437 -0.400000 0.020000 -0.170000 0.010000 0.030000 2.010000 1.615198 2.307425 0.000000 43.380000 -33.740000
510.230514 -0.040000 -0.380000 -0.250000 0.000000 0.020000 2.010000 1.546501 2.209587 0.000000 41.540000 -32.310000
510.257903 -0.160000 0.070000 0.070000 0.000000 0.060000 2.040000 1.546501 2.209587 0.000000 41.540000 -32.310000
510.295264 0.150000 -0.140000 0.340000 0.030000 0.070000 1.980000 0.807599 2.163211 0.000000 38.560000 -33.740000
510.331595 0.110000 0.020000 -0.200000 0.010000 0.000000 2.050000 1.615198 2.307425 0.000000 43.380000 -33.740000
510.358689 0.300000 0.220000 0.050000 -0.000000 0.040000 2.090000 1.546501 2.209587 0.000000 41.540000 -32.310000
510.395087 0.230000 -0.100000 -0.220000 0.010000 0.040000 2.070000 0.807599 2.163211 0.000000 38.560000 -33.740000
510.431397 -0.070000 0.280000 0.180000 0.010000 0.040000 2.020000 1.615198 2.307425 0.000000 43.380000 -33.740000
510.459716 0.680000 0.260000 0.220000 0.010000 0.060000 1.960000 1.615198 2.018997 0.000000 38.560000 -28.920000
510.492244 -0.310000 0.040000 -0.090000 0.030000 0.030000 2.040000 1.546501 2.209587 0.000000 41.540000 -32.310000
510.522265 -0.130000 -0.000000 0.140000 0.020000 0.040000 1.980000 1.615198 2.018997 0.000000 38.560000 -28.920000
510.558421 -0.040000 -0.300000 -0.050000 0.020000 0.030000 1.950000 1.546501 2.209587 0.000000 41.540000 -32.310000
510.593227 -0.260000 0.100000 -0.150000 0.020000 0.040000 2.000000 0.807599 2.163211 0.000000 38.560000 -33.740000
510.629252 -0.210000 -0.710000 -0.100000 -0.000000 0.040000 2.010000 1.615198 2.307425 0.000000 43.380000 -33.740000
510.657197 -0.200000 -0.080000 -0.170000 0.020000 0.040000 2.000000 0.807599 2.163211 0.000000 38.560000 -33.740000
510.691832 0.400000 -0.150000 -0.360000 0.010000 0.060000 1.960000 2.320590 2.071357 0.000000 41.540000 -27.690000
510.722161 -0.250000 -0.140000 0.340000 -0.020000 0.060000 2.010000 1.615198 2.307425 0.000000 43.380000 -33.740000
510.751212 0.150000 -0.150000 0.020000 -0.020000 0.040000 1.980000 1.615198 2.307425 0.000000 43.380000 -33.740000
510.780450 -0.120000 -0.030000 0.100000 -0.010000 0.040000 2.010000 1.546501 2.209587 0.000000 41.540000 -32.310000
510.809423 -0.040000 0.140000 0.210000 -0.010000 0.050000 2.060000 2.628885 2.126409 0.000000 43.380000 -27.690000
510.845952 0.170000 -0.010000 -0.390000 0.000000 0.030000 2.020000 1.615198 2.307425 0.000000 43.380000 -33.740000
510.881704 0.060000 0.440000 0.300000 0.010000 0.020000 1.990000 0.807599 2.163211 0.000000 38.560000 -33.740000
510.914439 0.470000 0.170000 -0.210000 0.000000 0.020000 1.990000 1.546501 2.209587 0.000000 41.540000 -32.310000
510.946771 0.020000 0.250000 0.020000 0.000000 0.030000 2.090000 1.615198 2.307425 0.000000 43.380000 -33.740000
510.984244 0.090000 -0.040000 0.080000 -0.000000 0.020000 2.020000 0.772413 2.071357 0.000000 36.920000 -32.310000
511.019094 0.010000 -0.010000 -0.190000 0.000000 0.010000 1.980000 1.615198 2.307425 0.000000 43.380000 -33.740000
511.048455 -0.210000 -0.160000 -0.110000 0.010000 0.010000 2.010000 1.615198 2.307425 0.000000 43.380000 -33.740000
511.083801 -0.320000 -0.230000 0.040000 -0.000000 0.040000 2.050000 1.615198 2.307425 0.000000 43.380000 -33.740000
511.117897 -0.260000 -0.120000 0.060000 0.010000 0.030000 2.070000 1.546501 2.209587 0.000000 41.540000 -32.310000
511.153974 0.170000 0.120000 -0.030000 -0.010000 0.010000 2.060000 1.615198 2.307425 0.000000 43.380000 -33.740000
511.190469 -0.280000 0.110000 -0.270000 -0.020000 0.010000 2.130000 0.807599 2.451639 0.000000 43.380000 -38.560000
511.217987 0.040000 -0.310000 0.240000 -0.010000 0.020000 2.080000 1.546501 2.209587 0.000000 41.540000 -32.310000
511.253285 -0.270000 -0.110000 -0.060000 0.010000 0.030000 2.100000 2.318914 2.347518 0.000000 46.150000 -32.310000
511.281668 0.160000 0.300000 0.160000 -0.000000 0.030000 2.090000 1.615198 2.307425 0.000000 43.380000 -33.740000
511.310464 0.080000 -0.400000 -0.050000 -0.010000 0.040000 2.040000 0.807599 2.163211 0.000000 38.560000 -33.740000
511.338286 -0.110000 -0.120000 0.170000 -0.020000 0.030000 2.070000 1.546501 2.209587 0.000000 41.540000 -32.310000
511.373679 0.330000 0.030000 -0.030000 0.020000 0.030000 2.080000 2.422796 2.163211 0.000000 43.380000 -28.920000
511.408264 0.280000 -0.090000 -0.190000 -0.020000 0.020000 2.060000 2.114501 2.108158 0.000000 41.540000 -28.920000
511.443981 -0.000000 0.130000 -0.080000 0.010000 0.040000 1.950000 0.807599 2.163211 0.000000 38.560000 -33.740000
511.479791 -0.050000 -0.060000 0.200000 0.010000 0.030000 1.990000 1.615198 2.307425 0.000000 43.380000 -33.740000
511.514303 0.380000 0.380000 0.130000 0.010000 0.010000 2.000000 1.615198 2.307425 0.000000 43.380000 -33.740000
511.550634 -0.520000 -0.110000 0.130000 0.030000 0.030000 1.980000 0.772413 2.071357 0.000000 36.920000 -32.310000
511.586987 -0.030000 0.390000 0.100000 0.020000 0.030000 1.970000 2.422796 2.163211 0.000000 43.380000 -28.920000
511.620489 0.290000 0.120000 0.020000 0.030000 0.040000 1.960000 1.615198 2.307425 0.000000 43.380000 -33.740000
511.650336 -0.270000 -0.230000 -0.010000 0.010000 0.020000 2.040000 1.546501 2.209587 0.000000 41.540000 -32.310000
511.679423 -0.040000 -0.140000 -0.290000 0.020000 0.030000 2.010000 2.318914 2.347518 0.000000 46.150000 -32.310000
511.716262 -0.150000 0.000000 -0.160000 0.020000 0.020000 2.000000 2.422796 2.163211 0.000000 43.380000 -28.920000
511.752442 -0.470000 -0.020000 -0.150000 0.000000 0.040000 2.040000 1.615198 2.018997 0.000000 38.560000 -28.920000
511.784333 -0.070000 -0.220000 0.160000 0.020000 0.010000 1.970000 1.546501 2.209587 0.000000 41.540000 -32.310000
511.816470 -0.060000 0.060000 -0.200000 0.020000 0.030000 1.970000 2.422796 2.163211 0.000000 43.380000 -28.920000
511.852876 0.020000 0.000000 0.050000 0.020000 0.040000 2.040000 1.615198 2.307425 0.000000 43.380000 -33.740000
511.882172 -0.280000 -0.250000 0.170000 0.020000 0.040000 2.050000 1.615198 2.018997 0.000000 38.560000 -28.920000
511.910870 0.040000 -0.080000 0.040000 0.010000 0.040000 1.990000 1.615198 2.307425 0.000000 43.380000 -33.740000
511.941118 0.250000 0.280000 0.080000 0.020000 0.010000 1.970000 2.422796 2.163211 0.000000 43.380000 -28.920000
511.970279 0.210000 -0.020000 0.140000 -0.000000 0.040000 2.000000 1.546501 2.209587 0.000000 41.540000 -32.310000
511.998148 0.190000 0.380000 0.160000 0.030000 0.040000 1.980000 1.615198 2.018997 0.000000 38.560000 -28.920000
512.032516 0.040000 -0.190000 0.210000 0.020000 0.030000 1.930000 2.422796 2.163211 0.000000 43.380000 -28.920000
512.062771 0.250000 0.750000 -0.340000 0.000000 0.010000 1.970000 1.546501 2.209587 0.000000 41.540000 -32.310000
512.099675 0.110000 -0.430000 0.040000 0.040000 0.020000 1.960000 1.546501 2.209587 0.000000 41.540000 -32.310000
512.135616 0.130000 0.210000 0.110000 0.010000 0.040000 1.960000 2.422796 2.163211 0.000000 43.380000 -28.920000
512.172581 0.140000 0.140000 -0.200000 0.040000 0.040000 1.920000 0.807599 2.163211 0.000000 38.560000 -33.740000
512.201653 -0.330000 -0.030000 0.080000 0.010000 0.030000 1.950000 2.320590 2.071357 0.000000 41.540000 -27.690000
512.229011 -0.200000 0.000000 0.050000 0.010000 0.010000 1.860000 0.807599 2.163211 0.000000 38.560000 -33.740000
512.265759 -0.190000 -0.200000 -0.350000 0.010000 0.030000 1.860000 2.422796 2.163211 0.000000 43.380000 -28.920000
512.297561 0.020000 0.120000 -0.050000 0.010000 0.050000 1.890000 1.615198 2.018997 0.000000 38.560000 -28.920000
512.333365 -0.120000 -0.390000 0.080000 0.010000 0.030000 1.910000 2.422796 2.163211 0.000000 43.380000 -28.920000
512.369227 -0.330000 -0.050000 -0.350000 0.010000 0.040000 1.870000 2.422796 2.163211 0.000000 43.380000 -28.920000
512.402198 -0.060000 0.230000 0.150000 0.010000 0.020000 1.890000 1.546501 2.209587 0.000000 41.540000 -32.310000
512.430381 -0.160000 0.140000 0.290000 0.010000 0.040000 1.940000 1.615198 2.018997 0.000000 38.560000 -28.920000
512.463954 0.030000 -0.020000 -0.180000 0.000000 0.020000 1.920000 2.422796 2.163211 0.000000 43.380000 -28.920000
512.501079 0.330000 0.100000 0.220000 0.010000 0.020000 1.880000 1.546501 1.933127 0.000000 36.920000 -27.690000
512.528145 0.280000 0.260000 0.300000 0.020000 0.030000 1.860000 1.546501 1.933127 0.000000 36.920000 -27.690000
512.561571 0.060000 -0.170000 -0.110000 -0.010000 0.020000 1.880000 2.422796 2.163211 0.000000 43.380000 -28.920000
512.590998 -0.310000 0.180000 0.020000 0.020000 0.010000 1.910000 0.807599 2.163211 0.000000 38.560000 -33.740000
512.621383 0.070000 -0.400000 -0.280000 0.010000 -0.000000 1.910000 2.320590 2.071357 0.000000 41.540000 -27.690000
512.649149 -0.150000 0.160000 -0.360000 -0.000000 0.030000 1.950000 1.615198 2.018997 0.000000 38.560000 -28.920000
512.684821 -0.100000 -0.560000 -0.000000 -0.000000 0.020000 1.900000 0.807599 2.163211 0.000000 38.560000 -33.740000
512.720786 0.060000 0.130000 0.040000 -0.000000 0.010000 1.850000 1.615198 2.018997 0.000000 38.560000 -28.920000
512.747654 0.050000 0.100000 0.070000 0.000000 0.030000 1.870000 2.628885 2.126409 0.000000 43.380000 -27.690000
512.789950 -0.510000 0.440000 0.080000 0.020000 0.040000 1.910000 1.615198 2.018997 0.000000 38.560000 -28.920000
512.861520 0.430000 0.280000 0.100000 0.020000 0.040000 1.880000 0.772413 2.071357 0.000000 36.920000 -32.310000
512.904294 0.270000 -0.210000 -0.200000 -0.000000 0.010000 1.840000 1.615198 2.018997 0.000000 38.560000 -28.920000
512.939136 -0.020000 0.240000 0.460000 -0.010000 -0.020000 1.890000 2.422796 2.163211 0.000000 43.380000 -28.920000
512.969932 -0.270000 -0.440000 0.390000 -0.030000 0.020000 1.920000 0.772413 2.071357 0.000000 36.920000 -32.310000
512.999159 0.320000 0.420000 -0.370000 -0.010000 0.010000 1.870000 2.320590 2.071357 0.000000 41.540000 -27.690000
513.033564 -0.420000 -0.230000 -0.050000 -0.010000 0.040000 1.860000 1.615198 2.018997 0.000000 38.560000 -28.920000
513.067780 -0.080000 0.180000 -0.150000 -0.000000 0.020000 1.930000 1.615198 2.307425 0.000000 43.380000 -33.740000
513.106112 0.500000 -0.270000 -0.150000 0.000000 0.030000 1.880000 1.546501 1.933127 0.000000 36.920000 -27.690000
513.138515 0.060000 0.060000 0.290000 -0.020000 0.030000 1.900000 2.422796 2.163211 0.000000 43.380000 -28.920000
513.172846 0.340000 0.390000 0.060000 -0.000000 0.030000 1.890000 2.422796 2.163211 0.000000 43.380000 -28.920000
513.203319 -0.130000 0.070000 0.150000 -0.000000 0.030000 1.920000 1.615198 2.018997 0.000000 38.560000 -28.920000
513.234867 0.080000 -0.040000 0.130000 0.000000 0.020000 1.860000 1.546501 1.933127 0.000000 36.920000 -27.690000
513.269556 0.060000 -0.140000 0.010000 0.010000 0.020000 1.890000 1.615198 2.307425 0.000000 43.380000 -33.740000
513.299107 -0.110000 -0.040000 -0.150000 0.010000 0.020000 1.950000 1.546501 1.933127 0.000000 36.920000 -27.690000
513.334174 -0.200000 -0.400000 -0.210000 0.010000 0.020000 1.960000 1.615198 2.018997 0.000000 38.560000 -28.920000
513.369118 -0.460000 0.250000 0.020000 0.010000 0.020000 1.940000 1.615198 2.018997 0.000000 38.560000 -28.920000
513.398211 0.020000 -0.170000 -0.190000 0.020000 0.030000 1.960000 1.615198 2.307425 0.000000 43.380000 -33.740000
513.431388 -0.030000 0.110000 -0.340000 0.020000 0.050000 2.020000 0.772413 2.071357 0.000000 36.920000 -32.310000
513.466297 0.080000 -0.120000 -0.020000 0.020000 0.030000 1.970000 2.422796 2.163211 0.000000 43.380000 -28.920000
513.499797 -0.010000 0.120000 0.230000 0.000000 0.040000 1.960000 2.422796 2.163211 0.000000 43.380000 -28.920000
513.531204 0.720000 0.350000 0.300000 -0.000000 0.040000 1.960000 0.772413 2.071357 0.000000 36.920000 -32.310000
513.560592 -0.050000 -0.270000 -0.140000 0.020000 0.030000 1.950000 1.854796 2.264640 0.000000 43.380000 -32.310000
513.588801 0.040000 -0.070000 0.350000 -0.020000 0.020000 1.940000 2.422796 2.163211 0.000000 43.380000 -28.920000
513.622095 0.180000 0.220000 -0.180000 0.020000 0.050000 1.920000 1.615198 2.018997 0.000000 38.560000 -28.920000
513.656780 -0.290000 -0.030000 0.190000 0.010000 0.030000 2.010000 1.546501 2.209587 0.000000 41.540000 -32.310000
513.694540 -0.080000 -0.150000 -0.490000 0.030000 0.030000 2.000000 1.615198 2.018997 0.000000 38.560000 -28.920000
513.727712 -0.330000 -0.340000 -0.160000 0.020000 0.010000 1.980000 1.546501 2.209587 0.000000 41.540000 -32.310000
513.760542 0.190000 0.320000 -0.040000 0.000000 0.010000 2.030000 1.615198 2.307425 0.000000 43.380000 -33.740000
513.790773 -0.160000 -0.310000 -0.420000 0.010000 0.040000 2.000000 1.615198 2.018997 0.000000 38.560000 -28.920000
513.826081 -0.410000 0.150000 0.170000 0.010000 0.050000 1.990000 1.615198 2.307425 0.000000 43.380000 -33.740000
513.859331 0.380000 0.080000 -0.080000 0.000000 0.040000 1.970000 1.546501 2.209587 0.000000 41.540000 -32.310000
513.896390 0.150000 0.030000 0.350000 -0.000000 0.050000 2.040000 1.615198 2.307425 0.000000 43.380000 -33.740000
513.931348 0.110000 0.080000 0.200000 0.000000 0.050000 2.000000 2.422796 2.163211 0.000000 43.380000 -28.920000
513.958515 0.320000 -0.050000 0.320000 0.010000 0.030000 1.990000 0.772413 2.071357 0.000000 36.920000 -32.310000
513.991845 0.130000 0.190000 0.190000 0.010000 0.020000 2.010000 1.546501 2.209587 0.000000 41.540000 -32.310000
514.020846 0.130000 -0.200000 0.080000 0.010000 0.030000 2.010000 1.615198 2.307425 0.000000 43.380000 -33.740000
514.049542 -0.050000 0.080000 0.030000 0.020000 0.020000 2.020000 0.807599 2.163211 0.000000 38.560000 -33.740000
514.085199 0.160000 0.010000 -0.220000 0.020000 0.030000 1.970000 1.546501 2.209587 0.000000 41.540000 -32.310000
514.123358 -0.340000 -0.150000 -0.220000 0.020000 0.040000 2.040000 0.807599 2.163211 0.000000 38.560000 -33.740000
514.159237 -0.200000 -0.030000 0.210000 0.020000 0.000000 2.000000 1.306903 2.252372 0.000000 41.540000 -33.740000
514.188558 -0.290000 -0.260000 -0.290000 0.000000 0.030000 2.030000 0.807599 2.163211 0.000000 38.560000 -33.740000
514.224526 -0.170000 0.100000 -0.280000 0.020000 0.030000 2.050000 1.615198 2.307425 0.000000 43.380000 -33.740000
514.261750 -0.430000 -0.370000 0.050000 -0.010000 0.020000 2.050000 0.807599 2.163211 0.000000 38.560000 -33.740000
514.290656 -0.050000 0.080000 0.300000 -0.010000 0.030000 2.040000 1.546501 2.209587 0.000000 41.540000 -32.310000
514.319659 0.440000 0.050000 -0.100000 0.020000 0.020000 2.050000 1.615198 2.307425 0.000000 43.380000 -33.740000
514.356224 -0.080000 0.070000 0.410000 -0.000000 0.020000 2.130000 0.807599 2.163211 0.000000 38.560000 -33.740000
514.387784 0.300000 0.090000 0.110000 0.000000 0.030000 2.020000 1.546501 2.209587 0.000000 41.540000 -32.310000
514.420451 0.070000 0.090000 0.170000 0.010000 0.020000 2.040000 1.546501 2.209587 0.000000 41.540000 -32.310000
514.450348 0.250000 0.400000 -0.080000 0.010000 0.020000 2.080000 1.615198 2.307425 0.000000 43.380000 -33.740000
514.486660 0.050000 -0.380000 -0.040000 0.010000 0.020000 2.110000 0.807599 2.163211 0.000000 38.560000 -33.740000
514.521881 0.320000 0.330000 0.180000 -0.010000 0.010000 2.070000 1.546501 2.209587 0.000000 41.540000 -32.310000
514.552811 0.490000 -0.090000 -0.130000 0.020000 0.010000 1.990000 1.615198 2.307425 0.000000 43.380000 -33.740000
514.583546 -0.560000 -0.260000 -0.110000 -0.010000 0.030000 2.070000 0.807599 2.163211 0.000000 38.560000 -33.740000
514.615457 0.070000 -0.380000 -0.160000 0.030000 0.050000 2.040000 1.615198 2.018997 0.000000 38.560000 -28.920000
514.652264 0.190000 -0.110000 -0.290000 -0.000000 -0.000000 2.040000 2.424472 2.451938 0.000000 48.210000 -33.740000
514.688727 -0.410000 0.310000 -0.410000 0.020000 0.020000 2.100000 1.615198 2.307425 0.000000 43.380000 -33.740000
514.724760 -0.100000 -0.490000 0.050000 0.000000 0.020000 2.100000 1.546501 2.209587 0.000000 41.540000 -32.310000
514.758789 0.020000 0.220000 0.110000 0.010000 0.020000 2.090000 1.615198 2.307425 0.000000 43.380000 -33.740000
514.792668 -0.060000 -0.020000 0.150000 0.020000 0.030000 2.150000 1.615198 2.307425 0.000000 43.380000 -33.740000
514.822014 -0.290000 -0.080000 -0.020000 -0.000000 0.020000 2.180000 2.318914 2.347518 0.000000 46.150000 -32.310000
514.850291 0.170000 -0.030000 -0.240000 0.030000 0.050000 2.090000 1.546501 2.209587 0.000000 41.540000 -32.310000
514.890246 0.150000 -0.050000 -0.180000 0.010000 -0.000000 2.110000 1.615198 2.307425 0.000000 43.380000 -33.740000
514.917163 -0.590000 0.130000 0.150000 0.020000 0.030000 2.180000 2.422796 2.163211 0.000000 43.380000 -28.920000
514.953304 0.360000 -0.330000 0.090000 0.010000 0.040000 2.070000 1.546501 2.209587 0.000000 41.540000 -32.310000
514.986366 0.200000 -0.190000 -0.060000 -0.000000 0.020000 2.040000 1.615198 2.307425 0.000000 43.380000 -33.740000
515.021004 0.130000 0.230000 0.010000 0.020000 0.050000 2.070000 1.615198 2.307425 0.000000 43.380000 -33.740000
515.051375 0.210000 -0.150000 0.040000 0.010000 0.030000 2.050000 0.807599 2.163211 0.000000 38.560000 -33.740000
515.089018 -0.030000 0.480000 0.200000 0.010000 0.030000 2.020000 2.422796 2.163211 0.000000 43.380000 -28.920000
515.122481 0.270000 -0.030000 -0.000000 0.020000 0.040000 1.980000 0.807599 2.163211 0.000000 38.560000 -33.740000
515.151383 -0.380000 0.310000 0.240000 0.000000 0.040000 2.030000 1.546501 2.209587 0.000000 41.540000 -32.310000
515.180437 0.250000 -0.020000 0.260000 0.010000 0.060000 1.970000 0.807599 2.163211 0.000000 38.560000 -33.740000
515.213284 0.220000 0.180000 0.070000 0.030000 0.030000 2.000000 2.422796 2.163211 0.000000 43.380000 -28.920000
515.245363 0.150000 0.220000 -0.220000 0.020000 0.040000 2.020000 1.546501 2.209587 0.000000 41.540000 -32.310000
515.277440 0.060000 -0.450000 0.100000 0.010000 0.040000 1.940000 1.546501 2.209587 0.000000 41.540000 -32.310000
515.311615 -0.360000 -0.060000 -0.170000 -0.000000 0.030000 1.970000 2.422796 2.163211 0.000000 43.380000 -28.920000
515.340631 -0.150000 -0.200000 0.090000 0.030000 0.040000 1.910000 2.422796 2.163211 0.000000 43.380000 -28.920000
515.370691 -0.430000 -0.160000 -0.250000 0.020000 0.050000 2.020000 2.320590 2.071357 0.000000 41.540000 -27.690000
515.397602 0.080000 0.480000 0.130000 0.020000 0.040000 1.960000 1.615198 2.307425 0.000000 43.380000 -33.740000
515.435266 -0.110000 -0.520000 -0.090000 0.000000 0.020000 1.940000 1.615198 2.307425 0.000000 43.380000 -33.740000
515.467487 0.160000 0.170000 -0.220000 -0.000000 0.020000 1.950000 2.422796 2.163211 0.000000 43.380000 -28.920000
515.505195 -0.300000 -0.430000 -0.270000 0.010000 0.040000 1.960000 1.821286 1.982195 0.000000 38.560000 -27.690000
515.538154 -0.150000 0.100000 0.140000 -0.010000 0.030000 1.970000 1.615198 2.307425 0.000000 43.380000 -33.740000
515.574895 -0.140000 0.260000 0.200000 0.010000 0.060000 1.970000 2.320590 2.071357 0.000000 41.540000 -27.690000
515.610819 0.110000 -0.000000 0.060000 0.010000 0.020000 2.010000 1.615198 2.018997 0.000000 38.560000 -28.920000
515.640556 0.260000 0.060000 -0.170000 0.000000 0.030000 1.960000 2.424472 2.451938 0.000000 48.210000 -33.740000
515.669576 -0.100000 -0.070000 0.080000 0.020000 0.050000 1.990000 2.320590 2.071357 0.000000 41.540000 -27.690000
515.704300 0.480000 0.370000 -0.030000 0.010000 0.040000 2.030000 1.546501 1.933127 0.000000 36.920000 -27.690000
515.736480 0.170000 0.110000 0.120000 -0.000000 0.030000 1.930000 1.615198 2.307425 0.000000 43.380000 -33.740000
515.768145 -0.020000 0.010000 0.220000 0.000000 0.040000 1.920000 1.615198 2.307425 0.000000 43.380000 -33.740000
515.797221 0.320000 0.280000 0.270000 0.010000 0.050000 1.940000 1.546501 2.209587 0.000000 41.540000 -32.310000
515.826891 -0.420000 0.030000 0.170000 0.010000 0.040000 1.970000 1.615198 2.018997 0.000000 38.560000 -28.920000
515.856527 -0.030000 -0.000000 -0.080000 0.010000 0.030000 1.920000 2.422796 2.163211 0.000000 43.380000 -28.920000
515.885910 0.260000 -0.190000 -0.520000 0.010000 0.010000 1.900000 0.807599 2.163211 0.000000 38.560000 -33.740000
515.915372 -0.290000 0.110000 -0.230000 -0.000000 0.030000 1.950000 1.546501 2.209587 0.000000 41.540000 -32.310000
515.945506 -0.110000 -0.610000 0.030000 -0.010000 0.020000 1.900000 2.422796 2.163211 0.000000 43.380000 -28.920000
515.985987 -0.660000 0.070000 0.310000 -0.020000 0.010000 1.920000 2.320590 2.071357 0.000000 41.540000 -27.690000
516.022690 -0.030000 -0.050000 -0.760000 0.000000 0.040000 1.900000 1.615198 2.018997 0.000000 38.560000 -28.920000
516.050344 -0.320000 -0.350000 0.130000 0.000000 0.020000 1.940000 2.422796 2.163211 0.000000 43.380000 -28.920000
516.078687 -0.070000 0.360000 0.160000 -0.010000 0.040000 1.980000 1.615198 2.307425 0.000000 43.380000 -33.740000
516.112555 0.530000 0.150000 0.030000 -0.000000 0.040000 1.890000 2.320590 2.071357 0.000000 41.540000 -27.690000
516.143450 -0.270000 0.150000 0.050000 -0.010000 0.000000 2.040000 0.807599 2.163211 0.000000 38.560000 -33.740000
516.176169 0.080000 0.160000 -0.050000 0.020000 0.030000 1.910000 1.615198 2.307425 0.000000 43.380000 -33.740000
516.214837 -0.010000 0.030000 0.250000 0.010000 0.010000 1.900000 2.320590 2.071357 0.000000 41.540000 -27.690000
516.252340 0.140000 0.380000 0.200000 0.030000 -0.000000 1.920000 0.807599 2.163211 0.000000 38.560000 -33.740000
516.281714 -0.060000 -0.200000 -0.230000 0.020000 0.010000 1.950000 1.615198 2.018997 0.000000 38.560000 -28.920000
516.311841 0.360000 -0.080000 -0.200000 0.020000 0.040000 1.890000 1.615198 2.018997 0.000000 38.560000 -28.920000
516.341364 -0.370000 -0.210000 0.000000 0.010000 0.020000 1.880000 1.546501 2.209587 0.000000 41.540000 -32.310000
516.368882 -0.090000 0.150000 0.190000 -0.010000 -0.010000 1.960000 1.615198 2.018997 0.000000 38.560000 -28.920000
516.404963 -0.140000 -0.360000 0.070000 0.010000 0.030000 1.940000 0.772413 2.071357 0.000000 36.920000 -32.310000
516.439151 -0.230000 0.170000 -0.280000 0.030000 0.060000 1.960000 1.615198 2.018997 0.000000 38.560000 -28.920000
516.468659 0.410000 0.260000 -0.120000 0.010000 0.020000 1.980000 1.615198 2.307425 0.000000 43.380000 -33.740000
516.503712 0.100000 0.060000 0.010000 0.010000 0.030000 2.010000 1.615198 2.307425 0.000000 43.380000 -33.740000
516.535365 0.230000 0.110000 0.120000 0.010000 0.020000 1.940000 0.772413 2.071357 0.000000 36.920000 -32.310000
516.571226 0.480000 -0.010000 0.170000 0.010000 0.010000 1.950000 2.422796 2.163211 0.000000 43.380000 -28.920000
516.600351 -0.050000 0.360000 0.210000 0.010000 0.020000 1.970000 1.615198 2.307425 0.000000 43.380000 -33.740000
516.629506 0.300000 -0.320000 0.130000 0.020000 0.040000 1.890000 1.546501 1.933127 0.000000 36.920000 -27.690000
516.663540 -0.520000 0.100000 0.060000 0.030000 0.030000 1.910000 1.546501 1.933127 0.000000 36.920000 -27.690000
516.699949 -0.220000 -0.160000 -0.050000 0.020000 0.020000 1.900000 1.615198 2.307425 0.000000 43.380000 -33.740000
516.727998 -0.230000 -0.440000 -0.260000 0.010000 0.030000 2.000000 1.615198 2.018997 0.000000 38.560000 -28.920000
516.764472 -0.040000 -0.270000 -0.020000 0.030000 0.060000 1.910000 2.320590 2.071357 0.000000 41.540000 -27.690000
516.799658 -0.200000 0.190000 0.040000 -0.000000 0.030000 1.890000 0.807599 2.163211 0.000000 38.560000 -33.740000
516.834268 0.270000 0.040000 0.030000 0.000000 0.040000 1.700000 1.546501 1.933127 0.000000 36.920000 -27.690000
516.867546 -0.110000 -0.100000 -0.090000 0.010000 0.030000 1.480000 0.807599 1.586355 0.000000 28.920000 -24.100000
516.900853 -0.480000 0.060000 -0.380000 0.020000 0.020000 1.140000 0.807599 1.586355 0.000000 28.920000 -24.100000
516.931014 0.120000 -0.050000 0.230000 0.010000 0.020000 0.540000 0.807599 0.432642 0.000000 9.640000 -4.820000
516.963226 0.350000 -0.190000 -0.050000 -0.010000 -0.000000 -0.060000 0.000000 0.000000 0.000000 0.000000 0.000000
516.998892 -0.180000 0.240000 0.250000 0.000000 -0.010000 0.010000 0.000000 0.000000 0.000000 0.000000 0.000000
517.034176 -0.160000 0.110000 -0.020000 0.000000 0.010000 0.020000 0.000000 0.288428 0.000000 4.820000 -4.820000
517.067902 0.320000 0.020000 0.020000 -0.000000 0.000000 0.010000 0.774088 -0.138230 0.000000 0.000000 4.620000
517.101460 0.320000 0.070000 0.010000 -0.000000 -0.010000 0.000000 0.000000 0.000000 0.000000 0.000000 0.000000
517.129580 -0.020000 0.020000 0.100000 0.000000 0.000000 -0.010000 0.000000 0.000000 0.000000 0.000000 0.000000
517.164477 -0.040000 0.080000 0.010000 0.000000 0.000000 0.000000 -0.807599 -0.144214 0.000000 -4.820000 0.000000
517.198965 0.170000 0.070000 0.040000 -0.000000 -0.000000 0.000000 0.000000 0.000000 0.000000 0.000000 0.000000
517.235483 0.160000 -0.040000 -0.010000 0.000000 0.000000 -0.000000 0.000000 0.000000 0.000000 0.000000 0.000000
517.269624 0.000000 -0.020000 0.000000 0.000000 0.000000 -0.000000 0.000000 0.000000 0.000000 0.000000 0.000000
517.298297 -0.110000 -0.010000 -0.060000 0.000000 -0.000000 0.000000 0.000000 0.000000 0.000000 0.000000 0.000000
517.329851 0.020000 0.010000 -0.020000 -0.000000 -0.000000 0.000000 0.000000 0.000000 0.000000 0.000000 0.000000
517.365311 -0.050000 0.020000 -0.040000 0.000000 0.000000 -0.000000 0.000000 0.000000 0.000000 0.000000 0.000000
517.397361 -0.030000 0.000000 0.020000 0.000000 -0.000000 0.000000 0.000000 0.000000 0.000000 0.000000 0.000000
517.433281 -0.080000 -0.010000 0.010000 -0.000000 -0.000000 -0.000000 0.000000 0.000000 0.000000 0.000000 0.000000
517.462488 -0.020000 -0.070000 -0.010000 -0.000000 0.000000 0.000000 0.000000 0.000000 0.000000 0.000000 0.000000
517.489270 -0.000000 0.030000 0.090000 0.000000 -0.000000 0.000000 0.000000 0.000000 0.000000 0.000000 0.000000
517.523297 -0.030000 0.030000 -0.090000 0.000000 -0.000000 -0.000000 0.000000 0.000000 0.000000 0.000000 0.000000
517.553615 -0.050000 -0.030000 0.000000 0.000000 -0.000000 0.000000 0.000000 0.000000 0.000000 0.000000 0.000000
517.587357 -0.040000 0.010000 0.030000 0.000000 -0.000000 -0.000000 0.000000 0.000000 0.000000 0.000000 0.000000
517.623700 0.050000 0.040000 -0.080000 -0.000000 -0.000000 0.000000 0.000000 0.000000 0.000000 0.000000 0.000000
517.658922 -0.010000 -0.010000 0.030000 0.000000 0.000000 -0.000000 0.000000 0.000000 0.000000 0.000000 0.000000
517.694875 -0.110000 -0.020000 0.030000 -0.000000 0.000000 0.000000 0.000000 0.000000 0.000000 0.000000 0.000000
517.730687 -0.010000 0.040000 -0.010000 -0.000000 -0.000000 -0.000000 0.000000 0.000000 0.000000 0.000000 0.000000
517.760475 0.010000 -0.000000 -0.040000 0.000000 -0.000000 0.000000 0.000000 0.000000 0.000000 0.000000 0.000000
517.789768 -0.020000 -0.030000 0.050000 -0.000000 0.000000 0.000000 0.000000 0.000000 0.000000 0.000000 0.000000
517.825971 -0.020000 -0.020000 0.020000 -0.000000 -0.000000 -0.000000 0.000000 0.000000 0.000000 0.000000 0.000000
517.861362 -0.040000 -0.010000 -0.050000 0.000000 0.000000 0.000000 0.000000 0.000000 0.000000 0.000000 0.000000
517.890521 0.010000 -0.010000 -0.040000 -0.000000 -0.000000 0.000000 0.000000 0.000000 0.000000 0.000000 0.000000
517.919199 -0.030000 -0.010000 -0.000000 0.000000 -0.000000 -0.000000 0.000000 0.000000 0.000000 0.000000 0.000000
517.953679 -0.010000 0.040000 0.030000 -0.000000 0.000000 0.000000 0.000000 0.000000 0.000000 0.000000 0.000000
517.987170 0.030000 -0.050000 -0.040000 -0.000000 0.000000 0.000000 0.000000 0.000000 0.000000 0.000000 0.000000
518.024425 -0.030000 0.010000 -0.030000 -0.000000 0.000000 -0.000000 0.000000 0.000000 0.000000 0.000000 0.000000
518.057630 -0.030000 -0.010000 0.020000 -0.000000 -0.000000 -0.000000 0.000000 0.000000 0.000000 0.000000 0.000000
518.092016 -0.060000 -0.000000 0.020000 0.000000 0.000000 -0.000000 0.000000 0.000000 0.000000 0.000000 0.000000
518.126525 0.020000 0.010000 -0.060000 0.000000 0.000000 0.000000 0.000000 0.000000 0.000000 0.000000 0.000000
518.159373 0.030000 0.010000 -0.020000 0.000000 -0.000000 -0.000000 0.000000 0.000000 0.000000 0.000000 0.000000
518.196959 -0.000000 0.010000 0.060000 0.000000 0.000000 -0.000000 0.000000 0.000000 0.000000 0.000000 0.000000
518.233294 -0.040000 -0.010000 0.060000 0.000000 -0.000000 -0.000000 0.000000 0.000000 0.000000 0.000000 0.000000
518.272227 -0.010000 0.020000 0.020000 0.000000 -0.000000 -0.000000 0.000000 0.000000 0.000000 0.000000 0.000000
518.300994 0.060000 -0.040000 -0.020000 0.000000 -0.000000 0.000000 0.000000 0.000000 0.000000 0.000000 0.000000
518.330345 -0.010000 0.040000 0.020000 -0.000000 0.000000 -0.000000 0.000000 0.000000 0.000000 0.000000 0.000000
518.358863 -0.070000 -0.060000 -0.000000 0.000000 0.000000 -0.000000 0.000000 0.000000 0.000000 0.000000 0.000000
518.395248 0.010000 -0.020000 0.030000 -0.000000 0.000000 0.000000 0.000000 0.000000 0.000000 0.000000 0.000000
518.431288 0.020000 -0.010000 0.060000 0.000000 0.000000 0.000000 0.000000 0.000000 0.000000 0.000000 0.000000
518.460329 -0.060000 0.010000 0.040000 0.000000 0.000000 -0.000000 0.000000 0.000000 0.000000 0.000000 0.000000
518.489137 -0.030000 0.000000 0.020000 -0.000000 -0.000000 -0.000000 0.000000 0.000000 0.000000 0.000000 0.000000
518.522464 0.060000 -0.010000 -0.050000 -0.000000 0.000000 -0.000000 0.000000 0.000000 0.000000 0.000000 0.000000
518.560774 -0.000000 0.020000 -0.030000 -0.000000 -0.000000 -0.000000 0.000000 0.000000 0.000000 0.000000 0.000000
518.588659 0.040000 0.000000 0.030000 0.000000 -0.000000 0.000000 0.000000 0.000000 0.000000 0.000000 0.000000
518.625376 0.030000 -0.070000 0.010000 0.000000 -0.000000 -0.000000 0.000000 0.000000 0.000000 0.000000 0.000000
518.660677 -0.020000 -0.010000 -0.040000 0.000000 0.000000 -0.000000 0.000000 0.000000 0.000000 0.000000 0.000000
518.687417 -0.010000 0.000000 -0.060000 -0.000000 -0.000000 0.000000 0.000000 0.000000 0.000000 0.000000 0.000000
518.724143 -0.020000 -0.000000 -0.010000 -0.000000 0.000000 0.000000 0.000000 0.000000 0.000000 0.000000 0.000000
518.756346 -0.020000 0.030000 -0.040000 0.000000 0.000000 -0.000000 0.000000 0.000000 0.000000 0.000000 0.000000
518.788938 -0.030000 0.030000 0.010000 -0.000000 -0.000000 0.000000 0.000000 0.000000 0.000000 0.000000 0.000000
518.821712 0.030000 0.020000 0.030000 -0.000000 -0.000000 0.000000 0.000000 0.000000 0.000000 0.000000 0.000000
518.852387 0.000000 0.040000 -0.010000 0.000000 -0.000000 -0.000000 0.000000 0.000000 0.000000 0.000000 0.000000
518.881307 -0.030000 0.010000 0.030000 -0.000000 0.000000 -0.000000 0.000000 0.000000 0.000000 0.000000 0.000000
518.909287 0.020000 0.040000 0.130000 -0.000000 0.000000 0.000000 0.000000 0.000000 0.000000 0.000000 0.000000
518.943264 0.020000 0.000000 -0.010000 0.000000 0.000000 0.000000 0.000000 0.000000 0.000000 0.000000 0.000000
518.972935 0.050000 -0.020000 0.000000 -0.000000 -0.000000 -0.000000 0.000000 0.000000 0.000000 0.000000 0.000000
519.001366 0.000000 -0.010000 -0.020000 0.000000 0.000000 -0.000000 0.000000 0.000000 0.000000 0.000000 0.000000
519.029303 0.010000 -0.030000 0.040000 0.000000 0.000000 -0.000000 0.000000 0.000000 0.000000 0.000000 0.000000
519.062347 0.010000 -0.030000 0.020000 -0.000000 0.000000 0.000000 0.000000 0.000000 0.000000 0.000000 0.000000
519.090984 -0.030000 0.050000 -0.040000 -0.000000 0.000000 0.000000 0.000000 0.000000 0.000000 0.000000 0.000000
519.126909 -0.010000 0.000000 -0.030000 -0.000000 0.000000 0.000000 0.000000 0.000000 0.000000 0.000000 0.000000
519.161622 0.030000 -0.010000 -0.090000 0.000000 -0.000000 0.000000 0.000000 0.000000 0.000000 0.000000 0.000000
519.190798 -0.010000 -0.020000 -0.040000 -0.000000 -0.000000 -0.000000 0.000000 0.000000 0.000000 0.000000 0.000000
519.219620 0.010000 0.000000 0.010000 -0.000000 -0.000000 0.000000 0.000000 0.000000 0.000000 0.000000 0.000000
519.251320 -0.020000 -0.020000 0.010000 0.000000 0.000000 -0.000000 0.000000 0.000000 0.000000 0.000000 0.000000
519.277925 -0.020000 0.010000 0.030000 -0.000000 0.000000 -0.000000 0.000000 0.000000 0.000000 0.000000 0.000000
519.313212 -0.020000 0.020000 -0.010000 -0.000000 -0.000000 -0.000000 0.000000 0.000000 0.000000 0.000000 0.000000
519.343740 0.010000 0.020000 0.040000 -0.000000 -0.000000 -0.000000 0.000000 0.000000 0.000000 0.000000 0.000000
519.377351 -0.030000 -0.010000 0.000000 -0.000000 0.000000 0.000000 0.000000 0.000000 0.000000 0.000000 0.000000
519.411098 -0.010000 0.000000 -0.070000 -0.000000 -0.000000 -0.000000 0.000000 0.000000 0.000000 0.000000 0.000000
519.440519 -0.010000 0.020000 -0.000000 -0.000000 0.000000 0.000000 0.000000 0.000000 0.000000 0.000000 0.000000
519.469453 -0.030000 0.000000 -0.040000 -0.000000 -0.000000 -0.000000 0.000000 0.000000 0.000000 0.000000 0.000000
519.504537 -0.000000 0.030000 0.040000 -0.000000 -0.000000 -0.000000 0.000000 0.000000 0.000000 0.000000 0.000000
519.537562 -0.020000 0.020000 0.000000 -0.000000 0.000000 -0.000000 0.000000 0.000000 0.000000 0.000000 0.000000
519.574495 0.020000 -0.000000 0.060000 -0.000000 0.000000 0.000000 0.000000 0.000000 0.000000 0.000000 0.000000
519.606489 -0.010000 -0.010000 -0.040000 0.000000 -0.000000 -0.000000 0.000000 0.000000 0.000000 0.000000 0.000000
519.641194 0.020000 -0.020000 -0.050000 -0.000000 0.000000 0.000000 0.000000 0.000000 0.000000 0.000000 0.000000
519.668163 0.020000 -0.000000 0.030000 -0.000000 0.000000 -0.000000 0.000000 0.000000 0.000000 0.000000 0.000000
519.705267 -0.020000 -0.000000 0.010000 -0.000000 -0.000000 -0.000000 0.000000 0.000000 0.000000 0.000000 0.000000
519.738361 0.020000 -0.010000 -0.030000 0.000000 0.000000 0.000000 0.000000 0.000000 0.000000 0.000000 0.000000
519.773993 0.020000 0.000000 0.000000 -0.000000 -0.000000 0.000000 0.000000 0.000000 0.000000 0.000000 0.000000
519.809338 -0.040000 0.020000 0.050000 0.000000 0.000000 -0.000000 0.000000 0.000000 0.000000 0.000000 0.000000
519.837597 0.030000 -0.020000 -0.020000 0.000000 0.000000 -0.000000 0.000000 0.000000 0.000000 0.000000 0.000000
519.873488 -0.010000 0.000000 -0.040000 0.000000 0.000000 -0.000000 0.000000 0.000000 0.000000 0.000000 0.000000
519.906975 0.050000 -0.030000 0.040000 -0.000000 0.000000 0.000000 0.000000 0.000000 0.000000 0.000000 0.000000
519.942177 0.010000 -0.010000 -0.020000 -0.000000 -0.000000 -0.000000 0.000000 0.000000 0.000000 0.000000 0.000000
519.970503 -0.020000 -0.000000 0.040000 -0.000000 0.000000 0.000000 0.000000 0.000000 0.000000 0.000000 0.000000
519.999304 0.020000 -0.050000 -0.050000 -0.000000 -0.000000 -0.000000 0.000000 0.000000 0.000000 0.000000 0.000000
520.030663 -0.020000 0.020000 0.040000 -0.000000 0.000000 0.000000 0.000000 0.000000 0.000000 0.000000 0.000000
520.065901 -0.050000 -0.040000 0.010000 0.000000 -0.000000 0.000000 0.000000 0.000000 0.000000 0.000000 0.000000
520.103463 -0.010000 0.030000 -0.030000 -0.000000 0.000000 0.000000 0.000000 0.000000 0.000000 0.000000 0.000000
520.132300 -0.030000 -0.020000 0.050000 -0.000000 0.000000 -0.000000 0.000000 0.000000 0.000000 0.000000 0.000000
520.163562 0.010000 0.000000 0.040000 0.000000 -0.000000 -0.000000 0.000000 0.000000 0.000000 0.000000 0.000000
520.201829 -0.030000 0.010000 -0.030000 -0.000000 -0.000000 -0.000000 0.000000 0.000000 0.000000 0.000000 0.000000
520.230526 -0.030000 -0.020000 -0.010000 0.000000 -0.000000 0.000000 0.000000 0.000000 0.000000 0.000000 0.000000
520.257643 0.010000 -0.030000 -0.070000 0.000000 -0.000000 -0.000000 0.000000 0.000000 0.000000 0.000000 0.000000
520.292915 0.020000 0.040000 -0.000000 -0.000000 -0.000000 -0.000000 0.000000 0.000000 0.000000 0.000000 0.000000
520.319756 0.000000 -0.020000 -0.040000 0.000000 0.000000 0.000000 0.000000 0.000000 0.000000 0.000000 0.000000
520.354921 0.060000 0.010000 0.020000 -0.000000 -0.000000 -0.000000 0.000000 0.000000 0.000000 0.000000 0.000000
520.389277 0.040000 0.020000 0.020000 -0.000000 0.000000 -0.000000 0.000000 0.000000 0.000000 0.000000 0.000000
520.417246 0.010000 -0.000000 0.010000 0.000000 -0.000000 -0.000000 0.000000 0.000000 0.000000 0.000000 0.000000
520.449786 -0.030000 0.050000 -0.060000 -0.000000 0.000000 -0.000000 0.000000 0.000000 0.000000 0.000000 0.000000
520.478884 0.000000 0.000000 0.070000 0.000000 0.000000 -0.000000 0.000000 0.000000 0.000000 0.000000 0.000000
520.512445 0.010000 -0.010000 -0.030000 -0.000000 -0.000000 -0.000000 0.000000 0.000000 0.000000 0.000000 0.000000
520.541295 -0.030000 -0.020000 -0.000000 -0.000000 0.000000 -0.000000 0.000000 0.000000 0.000000 0.000000 0.000000
520.569725 0.040000 0.020000 0.020000 0.000000 0.000000 0.000000 0.000000 0.000000 0.000000 0.000000 0.000000
520.605706 -0.010000 -0.040000 0.020000 -0.000000 0.000000 -0.000000 0.000000 0.000000 0.000000 0.000000 0.000000
520.637260 0.030000 -0.040000 0.120000 -0.000000 0.000000 -0.000000 0.000000 0.000000 0.000000 0.000000 0.000000
520.672104 0.010000 -0.020000 -0.040000 -0.000000 0.000000 0.000000 0.000000 0.000000 0.000000 0.000000 0.000000
520.701217 0.010000 0.030000 -0.030000 0.000000 0.000000 -0.000000 0.000000 0.000000 0.000000 0.000000 0.000000
520.729572 -0.010000 0.020000 0.010000 -0.000000 -0.000000 0.000000 0.000000 0.000000 0.000000 0.000000 0.000000
520.763436 0.040000 0.020000 -0.030000 0.000000 -0.000000 0.000000 0.000000 0.000000 0.000000 0.000000 0.000000
520.793947 -0.020000 0.030000 -0.100000 -0.000000 -0.000000 -0.000000 0.000000 0.000000 0.000000 0.000000 0.000000
520.827938 -0.010000 -0.040000 0.130000 -0.000000 0.000000 0.000000 0.000000 0.000000 0.000000 0.000000 0.000000
520.863771 -0.010000 0.000000 -0.030000 -0.000000 0.000000 -0.000000 0.000000 0.000000 0.000000 0.000000 0.000000
520.899290 -0.010000 0.020000 -0.010000 -0.000000 -0.000000 0.000000 0.000000 0.000000 0.000000 0.000000 0.000000
520.934853 -0.030000 0.020000 0.100000 0.000000 0.000000 -0.000000 0.000000 0.000000 0.000000 0.000000 0.000000
520.967693 -0.020000 0.030000 -0.030000 -0.000000 0.000000 0.000000 0.000000 0.000000 0.000000 0.000000 0.000000
521.002209 0.030000 0.010000 -0.020000 -0.000000 0.000000 0.000000 0.000000 0.000000 0.000000 0.000000 0.000000
521.029742 0.010000 0.020000 -0.040000 0.000000 -0.000000 -0.000000 0.000000 0.000000 0.000000 0.000000 0.000000
521.065181 0.010000 -0.020000 -0.030000 0.000000 0.000000 0.000000 0.000000 0.000000 0.000000 0.000000 0.000000
521.098879 0.000000 -0.030000 0.000000 -0.000000 0.000000 0.000000 0.000000 0.000000 0.000000 0.000000 0.000000
521.136636 0.020000 -0.030000 0.020000 -0.000000 -0.000000 -0.000000 0.000000 0.000000 0.000000 0.000000 0.000000
521.171341 0.000000 0.020000 -0.070000 0.000000 0.000000 0.000000 0.000000 0.000000 0.000000 0.000000 0.000000
521.199806 0.060000 -0.030000 -0.020000 0.000000 0.000000 -0.000000 0.000000 0.000000 0.000000 0.000000 0.000000
521.233640 0.020000 -0.000000 0.050000 0.000000 0.000000 -0.000000 0.000000 0.000000 0.000000 0.000000 0.000000
521.268288 -0.040000 0.010000 0.050000 0.000000 -0.000000 0.000000 0.000000 0.000000 0.000000 0.000000 0.000000
521.301013 0.000000 -0.030000 0.000000 -0.000000 0.000000 -0.000000 0.000000 0.000000 0.000000 0.000000 0.000000
521.338876 -0.030000 0.020000 -0.030000 0.000000 0.000000 -0.000000 0.000000 0.000000 0.000000 0.000000 0.000000
521.374315 0.010000 0.020000 -0.070000 0.000000 -0.000000 -0.000000 0.000000 0.000000 0.000000 0.000000 0.000000
521.407203 0.040000 0.010000 0.020000 0.000000 -0.000000 0.000000 0.000000 0.000000 0.000000 0.000000 0.000000
521.441258 -0.040000 0.050000 0.000000 0.000000 0.000000 -0.000000 0.000000 0.000000 0.000000 0.000000 0.000000
521.468705 -0.030000 -0.040000 0.030000 0.000000 -0.000000 0.000000 0.000000 0.000000 0.000000 0.000000 0.000000
521.504768 -0.010000 -0.020000 0.030000 -0.000000 0.000000 -0.000000 0.000000 0.000000 0.000000 0.000000 0.000000
521.536888 0.000000 -0.030000 0.030000 -0.000000 -0.000000 -0.000000 0.000000 0.000000 0.000000 0.000000 0.000000
521.573902 0.000000 0.020000 -0.010000 -0.000000 -0.000000 -0.000000 0.000000 0.000000 0.000000 0.000000 0.000000
521.609495 0.040000 -0.020000 0.080000 -0.000000 -0.000000 -0.000000 0.000000 0.000000 0.000000 0.000000 0.000000
521.641022 0.010000 0.020000 -0.050000 -0.000000 -0.000000 0.000000 0.000000 0.000000 0.000000 0.000000 0.000000
521.669521 0.010000 0.010000 -0.070000 -0.000000 -0.000000 0.000000 0.000000 0.000000 0.000000 0.000000 0.000000
521.705249 0.030000 0.000000 -0.030000 0.000000 -0.000000 0.000000 0.000000 0.000000 0.000000 0.000000 0.000000
521.740641 -0.040000 -0.050000 0.030000 -0.000000 0.000000 0.000000 0.000000 0.000000 0.000000 0.000000 0.000000
521.767751 -0.010000 0.070000 -0.000000 -0.000000 -0.000000 -0.000000 0.000000 0.000000 0.000000 0.000000 0.000000
521.804424 0.020000 0.010000 -0.030000 -0.000000 -0.000000 -0.000000 0.000000 0.000000 0.000000 0.000000 0.000000
521.839692 -0.050000 0.010000 0.020000 0.000000 -0.000000 0.000000 0.000000 0.000000 0.000000 0.000000 0.000000
521.867750 -0.030000 -0.030000 0.000000 -0.000000 0.000000 -0.000000 0.000000 0.000000 0.000000 0.000000 0.000000
521.902342 0.000000 0.000000 -0.040000 -0.000000 -0.000000 -0.000000 0.000000 0.000000 0.000000 0.000000 0.000000
521.929959 0.040000 -0.020000 0.050000 0.000000 -0.000000 0.000000 0.000000 0.000000 0.000000 0.000000 0.000000
521.965148 -0.010000 -0.010000 0.020000 0.000000 0.000000 -0.000000 0.000000 0.000000 0.000000 0.000000 0.000000
521.995933 -0.000000 0.010000 0.040000 0.000000 0.000000 0.000000 0.000000 0.000000 0.000000 0.000000 0.000000
522.030672 -0.000000 -0.010000 0.030000 0.000000 -0.000000 0.000000 0.000000 0.000000 0.000000 0.000000 0.000000
522.058186 -0.020000 0.040000 0.080000 -0.000000 -0.000000 0.000000 0.000000 0.000000 0.000000 0.000000 0.000000
522.092882 -0.000000 0.030000 -0.070000 0.000000 -0.000000 -0.000000 0.000000 0.000000 0.000000 0.000000 0.000000
522.119811 0.050000 0.010000 -0.010000 -0.000000 -0.000000 -0.000000 0.000000 0.000000 0.000000 0.000000 0.000000
522.152630 0.000000 0.010000 0.050000 0.000000 0.000000 0.000000 0.000000 0.000000 0.000000 0.000000 0.000000
522.185835 0.020000 -0.030000 0.020000 0.000000 -0.000000 0.000000 0.000000 0.000000 0.000000 0.000000 0.000000
522.218220 0.070000 0.010000 0.020000 -0.000000 -0.000000 -0.000000 0.000000 0.000000 0.000000 0.000000 0.000000
522.253504 0.000000 -0.060000 0.010000 0.000000 0.000000 -0.000000 0.000000 0.000000 0.000000 0.000000 0.000000
522.289728 -0.020000 -0.030000 0.000000 -0.000000 0.000000 -0.000000 0.000000 0.000000 0.000000 0.000000 0.000000
522.322488 -0.020000 -0.020000 -0.070000 -0.000000 -0.000000 0.000000 0.000000 0.000000 0.000000 0.000000 0.000000
522.359503 -0.030000 -0.030000 -0.000000 0.000000 -0.000000 -0.000000 0.000000 0.000000 0.000000 0.000000 0.000000
522.395142 -0.020000 -0.050000 -0.020000 -0.000000 -0.000000 0.000000 0.000000 0.000000 0.000000 0.000000 0.000000
522.430690 0.040000 0.030000 0.030000 0.000000 -0.000000 -0.000000 0.000000 0.000000 0.000000 0.000000 0.000000
522.459459 -0.020000 0.010000 -0.030000 0.000000 0.000000 0.000000 0.000000 0.000000 0.000000 0.000000 0.000000
522.492402 -0.010000 0.050000 -0.080000 0.000000 -0.000000 -0.000000 0.000000 0.000000 0.000000 0.000000 0.000000
522.527792 0.020000 0.020000 0.010000 0.000000 0.000000 0.000000 0.000000 0.000000 0.000000 0.000000 0.000000
522.561612 -0.010000 0.010000 -0.080000 0.000000 -0.000000 0.000000 0.000000 0.000000 0.000000 0.000000 0.000000
522.589328 -0.040000 -0.020000 0.060000 -0.000000 0.000000 -0.000000 0.000000 0.000000 0.000000 0.000000 0.000000
522.623807 -0.000000 0.050000 0.070000 0.000000 0.000000 -0.000000 0.000000 0.000000 0.000000 0.000000 0.000000
522.659197 0.000000 -0.010000 -0.020000 0.000000 -0.000000 0.000000 0.000000 0.000000 0.000000 0.000000 0.000000
522.693834 -0.010000 -0.030000 -0.000000 0.000000 -0.000000 0.000000 0.000000 0.000000 0.000000 0.000000 0.000000
522.725382 0.010000 -0.030000 0.050000 -0.000000 0.000000 0.000000 0.000000 0.000000 0.000000 0.000000 0.000000
522.761326 0.030000 -0.010000 0.030000 -0.000000 0.000000 0.000000 0.000000 0.000000 0.000000 0.000000 0.000000
522.788141 0.010000 -0.010000 -0.060000 -0.000000 0.000000 0.000000 0.000000 0.000000 0.000000 0.000000 0.000000
522.824338 -0.020000 -0.000000 -0.030000 -0.000000 -0.000000 -0.000000 0.000000 0.000000 0.000000 0.000000 0.000000
522.858398 -0.060000 0.020000 0.050000 -0.000000 -0.000000 -0.000000 0.000000 0.000000 0.000000 0.000000 0.000000
522.893311 0.000000 0.020000 0.010000 -0.000000 -0.000000 0.000000 0.000000 0.000000 0.000000 0.000000 0.000000
522.920982 0.040000 0.050000 -0.030000 0.000000 0.000000 -0.000000 0.000000 0.000000 0.000000 0.000000 0.000000
522.956898 -0.050000 0.040000 0.090000 0.000000 0.000000 0.000000 0.000000 0.000000 0.000000 0.000000 0.000000
522.992624 -0.010000 -0.020000 0.000000 0.000000 -0.000000 0.000000 0.000000 0.000000 0.000000 0.000000 0.000000
523.019679 0.030000 -0.000000 -0.010000 0.000000 0.000000 -0.000000 0.000000 0.000000 0.000000 0.000000 0.000000
523.052692 0.010000 -0.000000 -0.030000 0.000000 0.000000 -0.000000 0.000000 0.000000 0.000000 0.000000 0.000000
523.079976 -0.010000 -0.020000 -0.000000 0.000000 -0.000000 -0.000000 0.000000 0.000000 0.000000 0.000000 0.000000
523.116658 -0.010000 0.060000 0.030000 -0.000000 -0.000000 -0.000000 0.000000 0.000000 0.000000 0.000000 0.000000
523.152433 -0.010000 0.000000 -0.010000 -0.000000 -0.000000 -0.000000 0.000000 0.000000 0.000000 0.000000 0.000000
523.186319 -0.040000 0.000000 -0.070000 0.000000 0.000000 0.000000 0.000000 0.000000 0.000000 0.000000 0.000000
523.223194 0.020000 0.010000 -0.010000 -0.000000 -0.000000 0.000000 0.000000 0.000000 0.000000 0.000000 0.000000
523.251940 -0.020000 0.020000 -0.000000 0.000000 0.000000 -0.000000 0.000000 0.000000 0.000000 0.000000 0.000000
523.280649 0.010000 -0.010000 -0.000000 -0.000000 0.000000 -0.000000 0.000000 0.000000 0.000000 0.000000 0.000000
523.308170 -0.000000 -0.010000 0.050000 -0.000000 0.000000 0.000000 0.000000 0.000000 0.000000 0.000000 0.000000
523.342858 -0.020000 -0.030000 -0.020000 0.000000 -0.000000 -0.000000 0.000000 0.000000 0.000000 0.000000 0.000000
523.375932 -0.000000 -0.000000 0.010000 0.000000 0.000000 0.000000 0.000000 0.000000 0.000000 0.000000 0.000000
523.409395 0.020000 -0.030000 -0.030000 -0.000000 0.000000 -0.000000 0.000000 0.000000 0.000000 0.000000 0.000000
523.445936 -0.000000 -0.010000 -0.040000 0.000000 -0.000000 0.000000 0.000000 0.000000 0.000000 0.000000 0.000000
523.483437 -0.020000 -0.000000 0.070000 0.000000 -0.000000 -0.000000 0.000000 0.000000 0.000000 0.000000 0.000000
523.519208 -0.010000 0.010000 0.000000 -0.000000 0.000000 -0.000000 0.000000 0.000000 0.000000 0.000000 0.000000
523.548447 0.010000 0.010000 0.040000 -0.000000 -0.000000 -0.000000 0.000000 0.000000 0.000000 0.000000 0.000000
523.579411 0.010000 0.040000 -0.040000 0.000000 0.000000 0.000000 0.000000 0.000000 0.000000 0.000000 0.000000
523.610446 0.020000 -0.010000 -0.030000 -0.000000 -0.000000 -0.000000 0.000000 0.000000 0.000000 0.000000 0.000000
523.639374 -0.050000 -0.010000 -0.010000 -0.000000 0.000000 -0.000000 0.000000 0.000000 0.000000 0.000000 0.000000
