3539.001885 -0.050000 -0.030000 -8.650000 0.000000 0.000000 -0.000000 0.000000 0.000000 0.000000 0.000000 0.000000
3539.034198 -0.020000 -0.020000 -7.660000 0.000000 0.000000 -0.000000 0.000000 0.000000 0.000000 0.000000 0.000000
3539.068574 -0.030000 -0.030000 -6.770000 -0.000000 0.000000 0.000000 0.807599 0.144214 0.000000 4.820000 0.000000
3539.105053 -0.050000 0.010000 -5.770000 -0.000000 0.000000 -0.000000 0.000000 0.000000 0.000000 0.000000 0.000000
3539.144023 0.140000 -0.100000 -4.890000 -0.010000 -0.000000 0.000000 5.413592 0.137931 0.000000 18.460000 13.850000
3539.177842 -1.740000 2.240000 -4.130000 0.090000 0.010000 -0.130000 8.075988 0.000000 0.000000 24.100000 24.100000
3539.215419 -0.880000 1.520000 0.000000 -0.200000 0.120000 0.010000 8.075988 0.288428 0.000000 28.920000 19.280000
3539.252616 0.350000 -0.560000 -4.750000 -0.040000 -0.060000 -0.090000 8.883586 -0.144214 0.000000 24.100000 28.920000
3539.281699 -0.260000 1.360000 -0.720000 -0.040000 0.000000 -0.050000 14.536778 0.000000 0.000000 43.380000 43.380000
3539.312922 0.200000 -0.550000 0.620000 -0.010000 -0.040000 -0.010000 15.346052 -0.144513 0.000000 43.380000 48.210000
3539.342563 0.210000 0.490000 0.590000 -0.130000 -0.000000 -0.030000 17.013190 0.000000 0.000000 50.770000 50.770000
3539.370149 0.840000 -0.800000 -3.280000 0.180000 0.050000 0.030000 18.578122 0.144214 0.000000 57.850000 53.030000
3539.397215 0.650000 0.060000 2.330000 -0.040000 0.030000 0.070000 21.808517 -0.144214 0.000000 62.670000 67.490000
3539.433246 0.760000 0.050000 -1.180000 -0.000000 -0.030000 -0.040000 20.106193 -0.276460 0.000000 55.380000 64.620000
3539.469214 0.400000 -0.900000 0.370000 0.100000 -0.030000 0.010000 23.199196 0.000000 0.000000 69.230000 69.230000
3539.506288 0.180000 -0.490000 -3.230000 0.210000 0.040000 0.000000 24.231314 0.000000 0.000000 72.310000 72.310000
3539.539127 -0.390000 -0.880000 2.560000 0.150000 0.030000 0.050000 24.231314 0.000000 0.000000 72.310000 72.310000
3539.575497 0.870000 -0.110000 -0.340000 -0.080000 -0.030000 -0.150000 26.292198 0.000000 0.000000 78.460000 78.460000
3539.613614 -0.240000 -1.080000 1.280000 -0.110000 -0.060000 0.010000 25.846511 0.000000 0.000000 77.130000 77.130000
3539.648593 -0.220000 0.080000 0.880000 0.030000 -0.050000 -0.140000 28.269307 -0.144214 0.000000 81.950000 86.770000
3539.685394 -0.530000 -0.210000 1.160000 -0.130000 0.000000 0.020000 26.654110 0.144214 0.000000 81.950000 77.130000
3539.721603 0.470000 -0.860000 -1.040000 -0.140000 0.050000 0.020000 27.461709 0.000000 0.000000 81.950000 81.950000
3539.750744 -0.140000 -0.420000 -2.000000 0.240000 0.040000 0.010000 29.076906 0.000000 0.000000 86.770000 86.770000
3539.780989 0.490000 -0.690000 -0.650000 0.090000 0.080000 -0.000000 27.840375 0.000000 0.000000 83.080000 83.080000
3539.810303 -0.140000 0.360000 -1.000000 -0.020000 0.100000 -0.010000 28.269307 0.144214 0.000000 86.770000 81.950000
3539.837862 0.210000 -0.960000 -1.760000 0.110000 0.100000 -0.010000 28.269307 -0.432642 0.000000 77.130000 91.590000
3539.872667 0.450000 0.720000 1.200000 -0.060000 -0.040000 -0.000000 27.066287 -0.138230 0.000000 78.460000 83.080000
3539.903050 0.460000 -0.030000 -1.320000 0.210000 -0.050000 -0.070000 29.385201 0.000000 0.000000 87.690000 87.690000
3539.932905 0.010000 -0.890000 1.400000 -0.010000 0.010000 0.040000 29.076906 0.000000 0.000000 86.770000 86.770000
3539.962459 -0.050000 0.740000 -0.910000 -0.160000 0.050000 -0.150000 29.076906 0.000000 0.000000 86.770000 86.770000
3539.989404 0.130000 0.490000 1.830000 0.040000 -0.010000 0.040000 27.066287 0.138230 0.000000 83.080000 78.460000
3540.022475 0.600000 0.400000 1.820000 -0.160000 0.020000 -0.040000 30.692104 0.000000 0.000000 91.590000 91.590000
3540.060130 -0.940000 -0.100000 1.140000 0.010000 -0.050000 -0.020000 28.269307 -0.144214 0.000000 81.950000 86.770000
3540.091464 -1.250000 -0.370000 1.370000 -0.320000 -0.030000 0.050000 27.461709 0.000000 0.000000 81.950000 81.950000
3540.119344 -1.220000 0.640000 -1.730000 0.130000 -0.120000 0.030000 29.266239 0.254619 0.000000 91.590000 83.080000
3540.155044 -0.180000 -0.200000 2.900000 0.150000 -0.110000 0.020000 29.884505 -0.144214 0.000000 86.770000 91.590000
3540.191397 0.420000 -0.000000 -0.380000 -0.110000 -0.110000 -0.020000 27.840375 0.000000 0.000000 83.080000 83.080000
3540.222923 -0.190000 0.160000 -0.170000 0.090000 -0.080000 -0.030000 27.461709 0.000000 0.000000 81.950000 81.950000
3540.251078 -0.760000 -0.480000 -1.600000 0.070000 -0.030000 0.130000 29.076906 0.000000 0.000000 86.770000 86.770000
3540.281959 -0.410000 -0.080000 -2.240000 0.140000 -0.050000 -0.000000 29.385201 0.000000 0.000000 87.690000 87.690000
3540.309422 -0.480000 -0.570000 1.830000 -0.020000 0.010000 0.040000 27.066287 0.138230 0.000000 83.080000 78.460000
3540.344260 0.920000 1.500000 -1.600000 0.110000 -0.030000 0.010000 29.884505 -0.144214 0.000000 86.770000 91.590000
3540.381081 -0.260000 -0.880000 -1.470000 0.170000 0.060000 -0.080000 29.076906 0.000000 0.000000 86.770000 86.770000
3540.410945 -0.640000 0.210000 0.470000 -0.040000 0.010000 0.040000 28.612788 -0.137931 0.000000 83.080000 87.690000
3540.441335 -0.700000 -0.020000 -1.680000 0.130000 0.070000 -0.050000 29.076906 0.000000 0.000000 86.770000 86.770000
3540.470998 0.990000 -0.250000 1.770000 0.010000 0.150000 0.060000 29.076906 0.000000 0.000000 86.770000 86.770000
3540.506512 0.620000 -0.280000 -1.480000 0.110000 0.120000 -0.050000 28.269307 -0.144214 0.000000 81.950000 86.770000
3540.541682 -0.160000 -0.250000 1.700000 0.180000 0.060000 0.010000 30.159289 0.138230 0.000000 92.310000 87.690000
3540.571741 0.190000 -0.040000 1.660000 -0.190000 0.090000 0.010000 29.076906 0.000000 0.000000 86.770000 86.770000
3540.601704 -0.510000 0.250000 0.400000 -0.090000 0.040000 -0.100000 27.840375 0.000000 0.000000 83.080000 83.080000
3540.631434 -0.470000 -0.710000 -0.020000 -0.020000 0.040000 0.040000 26.654110 -0.144214 0.000000 77.130000 81.950000
3540.659148 0.670000 1.020000 1.620000 0.030000 -0.070000 -0.060000 29.884505 0.432642 0.000000 96.410000 81.950000
3540.693753 0.650000 0.460000 0.940000 -0.170000 -0.090000 0.010000 28.458641 -0.110405 0.000000 83.080000 86.770000
3540.728284 1.220000 0.700000 -0.380000 -0.160000 -0.030000 0.020000 27.840375 0.000000 0.000000 83.080000 83.080000
3540.764325 0.330000 -0.300000 -2.640000 0.230000 0.010000 -0.050000 29.076906 -0.288428 0.000000 81.950000 91.590000
3540.797671 0.180000 -0.230000 0.490000 0.060000 -0.020000 -0.010000 29.076906 0.000000 0.000000 86.770000 86.770000
3540.834615 0.540000 0.150000 -1.210000 -0.060000 0.030000 -0.070000 26.293874 -0.276161 0.000000 73.850000 83.080000
3540.871588 0.120000 -0.420000 1.390000 -0.010000 0.020000 0.040000 27.461709 -0.288428 0.000000 77.130000 86.770000
3540.899072 0.100000 0.060000 0.410000 -0.080000 -0.050000 0.010000 22.616116 -1.153713 0.000000 48.210000 86.770000
3540.937190 -0.450000 -2.770000 -0.720000 0.100000 0.030000 -0.420000 19.384046 -0.865584 0.000000 43.380000 72.310000
3540.971161 0.120000 -0.600000 -1.370000 0.070000 0.110000 -0.560000 15.466689 -1.104943 0.000000 27.690000 64.620000
3541.008254 -0.480000 -0.110000 0.560000 -0.070000 -0.100000 -0.780000 14.538453 -1.442440 0.000000 19.280000 67.490000
3541.043266 0.210000 -0.190000 1.610000 0.070000 -0.020000 -1.040000 12.373686 -1.380805 0.000000 13.850000 60.000000
3541.073740 -0.150000 0.470000 0.190000 -0.010000 -0.030000 -1.300000 8.077663 -1.442440 0.000000 0.000000 48.210000
3541.107925 0.200000 0.410000 0.850000 -0.010000 -0.050000 -1.530000 8.885262 -1.586654 0.000000 0.000000 53.030000
3541.144405 -0.070000 1.480000 -0.920000 -0.040000 0.010000 -1.340000 8.077663 -1.442440 0.000000 0.000000 48.210000
3541.177956 -0.430000 0.200000 0.280000 -0.010000 -0.020000 -1.310000 6.186005 -1.656966 0.000000 -9.230000 46.150000
3541.211595 -0.500000 0.670000 0.360000 -0.030000 -0.050000 -1.450000 7.270064 -1.586654 0.000000 -4.820000 48.210000
3541.245072 0.430000 0.740000 -1.550000 -0.000000 -0.030000 -1.510000 4.845593 -1.730569 0.000000 -14.460000 43.380000
3541.278844 0.520000 0.190000 0.030000 -0.000000 -0.010000 -1.540000 4.639504 -1.657265 0.000000 -13.850000 41.540000
3541.314447 -0.280000 0.440000 0.260000 0.040000 -0.070000 -1.570000 3.093003 -1.656966 0.000000 -18.460000 36.920000
3541.348302 0.010000 0.270000 -0.420000 -0.020000 -0.010000 -1.690000 4.037994 -1.874783 0.000000 -19.280000 43.380000
3541.382910 0.080000 0.090000 -0.170000 -0.010000 0.010000 -1.700000 1.615198 -1.730569 0.000000 -24.100000 33.740000
3541.411033 -0.160000 0.060000 0.590000 0.000000 -0.040000 -1.710000 2.318914 -1.795196 0.000000 -23.080000 36.920000
3541.443046 -0.140000 0.340000 0.000000 -0.030000 -0.030000 -1.710000 3.232071 -2.307724 0.000000 -28.920000 48.210000
3541.477389 0.400000 0.310000 -0.280000 0.010000 0.000000 -1.830000 2.320590 -2.071357 0.000000 -27.690000 41.540000
3541.515058 -0.980000 -0.450000 0.360000 -0.040000 -0.020000 -1.730000 1.615198 -1.730569 0.000000 -24.100000 33.740000
3541.551656 0.210000 0.560000 -0.040000 -0.010000 -0.040000 -1.760000 3.230395 -2.018997 0.000000 -24.100000 43.380000
3541.583587 -0.230000 -0.100000 -0.290000 -0.000000 -0.020000 -1.750000 1.615198 -1.730569 0.000000 -24.100000 33.740000
3541.618541 0.170000 0.000000 -0.110000 -0.030000 -0.010000 -1.830000 1.546501 -1.933127 0.000000 -27.690000 36.920000
3541.657427 0.010000 -0.170000 0.080000 -0.000000 -0.010000 -1.780000 2.422796 -1.874783 0.000000 -24.100000 38.560000
3541.690375 0.210000 0.050000 -0.230000 -0.020000 -0.000000 -1.820000 1.615198 -2.018997 0.000000 -28.920000 38.560000
3541.720123 0.590000 0.160000 -0.070000 -0.000000 -0.010000 -1.820000 1.546501 -1.933127 0.000000 -27.690000 36.920000
3541.748898 -0.420000 -0.500000 -0.260000 -0.020000 -0.020000 -1.850000 0.000000 -2.209288 0.000000 -36.920000 36.920000
3541.785102 -0.150000 0.170000 0.090000 -0.010000 -0.020000 -1.770000 0.807599 -1.586355 0.000000 -24.100000 28.920000
3541.819928 0.180000 0.160000 -0.200000 0.000000 -0.020000 -1.800000 2.422796 -1.874783 0.000000 -24.100000 38.560000
3541.857761 -0.000000 0.090000 -0.180000 -0.010000 -0.020000 -1.840000 0.772413 -2.071357 0.000000 -32.310000 36.920000
3541.896113 0.250000 0.370000 0.700000 0.010000 -0.010000 -1.900000 2.422796 -1.874783 0.000000 -24.100000 38.560000
3541.928679 -0.400000 -0.240000 0.260000 0.000000 0.010000 -1.810000 2.422796 -2.163211 0.000000 -28.920000 43.380000
3541.964392 -0.600000 -0.500000 -0.020000 -0.040000 -0.030000 -1.870000 1.615198 -2.018997 0.000000 -28.920000 38.560000
3542.004270 0.450000 0.010000 0.050000 0.010000 -0.010000 -1.800000 0.000000 -2.018997 0.000000 -33.740000 33.740000
3542.038501 0.390000 -0.290000 0.100000 -0.000000 -0.030000 -1.860000 1.615198 -2.307425 0.000000 -33.740000 43.380000
3542.072189 -0.660000 0.030000 0.140000 0.010000 -0.000000 -1.830000 1.546501 -1.933127 0.000000 -27.690000 36.920000
3542.107711 -0.310000 -0.050000 0.030000 -0.020000 -0.010000 -1.820000 1.615198 -2.018997 0.000000 -28.920000 38.560000
3542.143916 0.160000 -0.010000 -0.310000 0.000000 -0.040000 -1.850000 4.037994 -1.874783 0.000000 -19.280000 43.380000
3542.176729 0.290000 0.250000 -0.040000 -0.010000 0.010000 -1.750000 2.318914 -1.795196 0.000000 -23.080000 36.920000
3542.215009 0.140000 -0.100000 -0.150000 -0.010000 -0.020000 -1.820000 2.320590 -2.071357 0.000000 -27.690000 41.540000
3542.251078 -0.220000 -0.190000 -0.310000 0.010000 -0.020000 -1.830000 2.422796 -1.874783 0.000000 -24.100000 38.560000
3542.282872 -0.260000 -0.030000 0.260000 -0.010000 -0.020000 -1.770000 1.615198 -2.018997 0.000000 -28.920000 38.560000
3542.313165 -0.190000 0.280000 0.150000 0.010000 -0.050000 -1.710000 2.320590 -1.519035 0.000000 -18.460000 32.310000
3542.342173 -0.330000 -0.250000 -0.200000 -0.010000 -0.010000 -1.720000 1.615198 -2.018997 0.000000 -28.920000 38.560000
3542.371870 0.290000 0.220000 -0.280000 0.030000 -0.010000 -1.770000 1.615198 -2.018997 0.000000 -28.920000 38.560000
3542.400222 -0.090000 -0.550000 -0.020000 0.010000 -0.040000 -1.800000 1.615198 -1.730569 0.000000 -24.100000 33.740000
3542.437734 -0.600000 0.130000 0.140000 -0.000000 -0.020000 -1.740000 1.615198 -2.018997 0.000000 -28.920000 38.560000
3542.475159 0.160000 -0.100000 -0.020000 0.010000 -0.020000 -1.740000 1.615198 -2.018997 0.000000 -28.920000 38.560000
3542.509096 0.300000 0.320000 0.250000 0.000000 -0.040000 -1.830000 2.318914 -1.795196 0.000000 -23.080000 36.920000
3542.537537 0.060000 0.070000 -0.430000 0.010000 -0.040000 -1.770000 0.807599 -1.874783 0.000000 -28.920000 33.740000
3542.575673 0.320000 0.050000 -0.560000 -0.030000 -0.000000 -1.800000 2.422796 -2.163211 0.000000 -28.920000 43.380000
3542.612145 0.500000 0.430000 -0.800000 0.000000 0.000000 -1.780000 2.318914 -1.795196 0.000000 -23.080000 36.920000
3542.643226 0.440000 0.080000 0.250000 -0.010000 -0.010000 -1.780000 0.772413 -1.519035 0.000000 -23.080000 27.690000
3542.673853 0.320000 -0.190000 -0.480000 0.030000 -0.020000 -1.810000 1.615198 -2.018997 0.000000 -28.920000 38.560000
3542.706842 -0.290000 -0.290000 0.900000 -0.010000 -0.040000 -1.790000 3.230395 -1.442141 0.000000 -14.460000 33.740000
3542.742905 -0.010000 0.200000 -0.050000 0.010000 -0.040000 -1.770000 0.772413 -2.071357 0.000000 -32.310000 36.920000
3542.772941 -0.140000 -0.260000 0.480000 -0.050000 -0.060000 -1.800000 2.422796 -2.163211 0.000000 -28.920000 43.380000
3542.810262 -0.640000 -0.100000 -0.020000 0.000000 -0.030000 -1.680000 0.000000 -2.307425 0.000000 -38.560000 38.560000
3542.839049 0.050000 -0.330000 -0.480000 0.010000 -0.010000 -1.760000 3.230395 -2.018997 0.000000 -24.100000 43.380000
3542.869175 -0.450000 -0.280000 0.620000 0.020000 -0.030000 -1.760000 1.340413 -1.969928 0.000000 -28.920000 36.920000
3542.907543 0.360000 -0.290000 -0.200000 -0.000000 -0.040000 -1.800000 2.422796 -1.874783 0.000000 -24.100000 38.560000
3542.941760 -0.100000 0.080000 0.420000 0.020000 -0.060000 -1.820000 1.546501 -1.933127 0.000000 -27.690000 36.920000
3542.973164 -0.560000 0.290000 0.020000 -0.010000 -0.030000 -1.760000 2.422796 -1.874783 0.000000 -24.100000 38.560000
3543.001226 0.220000 0.440000 0.390000 -0.040000 -0.020000 -1.850000 1.615198 -2.018997 0.000000 -28.920000 38.560000
3543.032292 -0.230000 -0.210000 -0.950000 -0.040000 -0.030000 -1.790000 1.546501 -1.933127 0.000000 -27.690000 36.920000
3543.060986 0.740000 0.240000 0.360000 -0.010000 -0.030000 -1.860000 1.546501 -1.933127 0.000000 -27.690000 36.920000
3543.090635 0.110000 -0.050000 0.020000 0.020000 -0.030000 -1.870000 3.230395 -2.018997 0.000000 -24.100000 43.380000
3543.121513 -0.570000 -0.060000 -0.060000 0.000000 -0.080000 -1.790000 1.615198 -2.018997 0.000000 -28.920000 38.560000
3543.151238 0.250000 -0.210000 0.510000 -0.030000 -0.030000 -1.820000 1.546501 -1.933127 0.000000 -27.690000 36.920000
3543.181145 -0.670000 -0.200000 0.320000 -0.020000 -0.010000 -1.790000 3.230395 -2.018997 0.000000 -24.100000 43.380000
3543.210372 -0.210000 0.230000 -0.420000 -0.030000 -0.010000 -1.780000 1.615198 -2.018997 0.000000 -28.920000 38.560000
3543.239224 0.230000 -0.330000 0.280000 -0.020000 -0.070000 -1.790000 0.807599 -1.874783 0.000000 -28.920000 33.740000
3543.275438 -0.160000 0.220000 -0.020000 -0.010000 -0.010000 -1.700000 2.318914 -1.795196 0.000000 -23.080000 36.920000
3543.311895 -0.200000 -0.170000 0.050000 -0.010000 -0.030000 -1.670000 1.615198 -2.018997 0.000000 -28.920000 38.560000
3543.351120 -0.060000 0.260000 0.190000 -0.030000 -0.020000 -1.710000 1.546501 -1.657265 0.000000 -23.080000 32.310000
3543.379479 -0.050000 0.140000 -0.310000 -0.010000 -0.030000 -1.660000 2.422796 -1.874783 0.000000 -24.100000 38.560000
3543.418088 0.350000 0.350000 0.380000 -0.020000 -0.070000 -1.760000 1.615198 -1.730569 0.000000 -24.100000 33.740000
3543.456170 -0.210000 0.030000 -0.620000 -0.010000 -0.030000 -1.730000 2.422796 -1.874783 0.000000 -24.100000 38.560000
3543.493432 0.000000 0.250000 0.110000 -0.030000 -0.030000 -1.740000 1.546501 -1.933127 0.000000 -27.690000 36.920000
3543.529058 0.020000 -0.200000 0.060000 -0.030000 -0.000000 -1.690000 2.422796 -1.586355 0.000000 -19.280000 33.740000
3543.565896 0.190000 0.450000 -0.180000 0.010000 -0.010000 -1.740000 2.422796 -1.874783 0.000000 -24.100000 38.560000
3543.600245 -0.440000 -0.280000 0.010000 -0.060000 -0.040000 -1.670000 1.546501 -1.657265 0.000000 -23.080000 32.310000
3543.635835 0.760000 0.370000 -0.280000 -0.020000 -0.020000 -1.760000 0.532814 -2.114142 0.000000 -33.740000 36.920000
3543.670113 0.440000 -0.470000 0.510000 -0.020000 -0.030000 -1.830000 1.615198 -2.018997 0.000000 -28.920000 38.560000
3543.698999 0.160000 0.290000 -0.660000 -0.050000 -0.040000 -1.900000 2.422796 -1.586355 0.000000 -19.280000 33.740000
3543.732685 -0.190000 -0.490000 0.230000 -0.000000 0.010000 -1.930000 2.320590 -2.071357 0.000000 -27.690000 41.540000
3543.770650 0.010000 0.090000 -0.060000 -0.040000 -0.040000 -1.990000 2.422796 -1.874783 0.000000 -24.100000 38.560000
3543.799064 -0.040000 0.240000 -0.120000 -0.000000 -0.030000 -1.890000 2.320590 -2.071357 0.000000 -27.690000 41.540000
3543.834051 0.460000 -0.030000 0.250000 -0.000000 -0.030000 -2.000000 3.230395 -2.018997 0.000000 -24.100000 43.380000
3543.867644 -0.970000 -0.340000 0.150000 -0.020000 -0.010000 -2.010000 0.807599 -2.163211 0.000000 -33.740000 38.560000
3543.905660 -0.080000 -0.100000 0.020000 -0.030000 -0.010000 -1.940000 2.422796 -2.163211 0.000000 -28.920000 43.380000
3543.942855 0.300000 0.070000 0.170000 -0.020000 -0.040000 0.010000 2.320590 -2.623679 0.000000 -36.920000 50.770000
3543.971981 0.050000 0.050000 -0.350000 -0.000000 -0.010000 -2.000000 2.422796 -2.163211 0.000000 -28.920000 43.380000
3544.006616 0.620000 0.040000 0.370000 0.000000 -0.020000 -2.050000 2.422796 -2.163211 0.000000 -28.920000 43.380000
3544.043524 -0.220000 0.150000 -0.110000 0.010000 -0.040000 -2.000000 1.546501 -2.209587 0.000000 -32.310000 41.540000
3544.077873 -0.350000 -0.050000 -0.560000 -0.000000 -0.030000 -2.020000 1.546501 -2.209587 0.000000 -32.310000 41.540000
3544.117047 -0.230000 -0.130000 0.370000 -0.010000 -0.030000 -1.990000 2.422796 -2.163211 0.000000 -28.920000 43.380000
3544.154443 0.720000 0.150000 -0.150000 -0.000000 -0.010000 -1.940000 1.615198 -2.018997 0.000000 -28.920000 38.560000
3544.190175 0.500000 0.350000 -0.370000 -0.010000 0.000000 -1.990000 2.318914 -1.795196 0.000000 -23.080000 36.920000
3544.218638 -0.510000 -0.140000 0.250000 -0.010000 -0.040000 -1.900000 1.615198 -2.307425 0.000000 -33.740000 43.380000
3544.256879 0.520000 -0.060000 -0.020000 0.010000 -0.050000 -1.950000 2.628885 -2.126409 0.000000 -27.690000 43.380000
3544.295182 -0.350000 0.200000 0.180000 -0.010000 -0.050000 -1.950000 1.615198 -1.730569 0.000000 -24.100000 33.740000
3544.332704 -0.650000 -0.170000 -0.220000 -0.000000 -0.030000 -1.880000 1.615198 -2.307425 0.000000 -33.740000 43.380000
3544.363619 0.400000 0.060000 0.310000 -0.010000 -0.030000 -1.880000 0.000000 -2.018997 0.000000 -33.740000 33.740000
3544.397979 0.080000 -0.490000 0.120000 -0.010000 -0.050000 -1.820000 2.320590 -2.071357 0.000000 -27.690000 41.540000
3544.436480 0.150000 0.410000 -0.230000 0.030000 -0.060000 -1.820000 1.615198 -2.018997 0.000000 -28.920000 38.560000
3544.472182 -0.560000 -0.290000 0.170000 0.010000 -0.010000 -1.830000 2.422796 -2.163211 0.000000 -28.920000 43.380000
3544.501140 -0.790000 -0.460000 0.370000 -0.020000 0.010000 -1.810000 1.546501 -1.933127 0.000000 -27.690000 36.920000
3544.531691 0.880000 0.250000 -0.430000 -0.000000 0.010000 -1.750000 1.546501 -2.209587 0.000000 -32.310000 41.540000
3544.562326 0.140000 -0.330000 -0.110000 0.020000 -0.040000 -1.810000 1.615198 -1.442141 0.000000 -19.280000 28.920000
3544.592623 0.010000 0.390000 -0.050000 -0.020000 -0.020000 -1.830000 2.422796 -1.874783 0.000000 -24.100000 38.560000
3544.622864 0.040000 -0.330000 0.180000 0.030000 -0.030000 -1.790000 -0.774088 -1.795196 0.000000 -32.310000 27.690000
3544.653762 -0.190000 0.240000 -0.290000 -0.020000 -0.010000 -1.860000 1.615198 -1.730569 0.000000 -24.100000 33.740000
3544.687955 -0.420000 0.160000 0.260000 0.020000 -0.040000 -1.840000 4.039669 -2.163510 0.000000 -24.100000 48.210000
3544.723996 0.260000 -0.240000 0.190000 -0.020000 -0.050000 -1.890000 1.615198 -2.018997 0.000000 -28.920000 38.560000
3544.760969 -0.450000 -0.310000 0.190000 -0.010000 -0.030000 -1.780000 1.615198 -2.018997 0.000000 -28.920000 38.560000
3544.789977 0.510000 0.400000 -0.390000 -0.020000 -0.020000 -1.860000 1.615198 -1.730569 0.000000 -24.100000 33.740000
3544.826628 0.080000 0.340000 -0.100000 0.010000 -0.060000 -1.950000 0.772413 -2.071357 0.000000 -32.310000 36.920000
3544.862603 -0.060000 -0.290000 0.030000 -0.030000 -0.040000 -1.990000 1.615198 -2.018997 0.000000 -28.920000 38.560000
3544.892660 -0.070000 0.390000 -0.300000 0.010000 -0.020000 -1.930000 1.615198 -2.307425 0.000000 -33.740000 43.380000
3544.921523 -0.100000 -0.060000 -0.000000 -0.010000 -0.050000 -1.920000 2.320590 -2.071357 0.000000 -27.690000 41.540000
3544.953213 -0.140000 -0.010000 -0.770000 -0.080000 0.010000 -1.890000 3.093003 -2.209288 0.000000 -27.690000 46.150000
3544.981279 0.570000 0.110000 0.040000 -0.000000 0.020000 -1.840000 1.615198 -2.018997 0.000000 -28.920000 38.560000
3545.011468 0.420000 0.580000 -0.600000 0.000000 -0.080000 -1.880000 3.232071 -2.307724 0.000000 -28.920000 48.210000
3545.041995 -0.650000 -0.570000 0.710000 -0.010000 -0.050000 -1.840000 0.772413 -2.071357 0.000000 -32.310000 36.920000
3545.071870 0.520000 0.400000 -0.020000 0.020000 -0.020000 -1.840000 1.615198 -2.018997 0.000000 -28.920000 38.560000
3545.100401 -0.250000 -0.350000 0.330000 -0.010000 -0.040000 -1.810000 1.615198 -2.018997 0.000000 -28.920000 38.560000
3545.140915 -0.320000 -0.210000 0.060000 -0.050000 -0.040000 -1.800000 2.422796 -1.874783 0.000000 -24.100000 38.560000
3545.168777 0.560000 0.790000 0.040000 0.010000 -0.020000 -1.790000 1.615198 -2.018997 0.000000 -28.920000 38.560000
3545.205115 0.070000 -0.580000 -0.040000 -0.010000 -0.020000 -1.810000 -0.807599 -2.451639 0.000000 -43.380000 38.560000
3545.240652 -0.570000 0.030000 0.210000 -0.000000 -0.010000 -1.770000 1.546501 -1.933127 0.000000 -27.690000 36.920000
3545.271868 -0.570000 -0.390000 0.190000 -0.010000 -0.010000 -1.730000 1.615198 -2.018997 0.000000 -28.920000 38.560000
3545.302606 -0.120000 0.350000 0.250000 -0.010000 -0.050000 -1.770000 1.615198 -2.018997 0.000000 -28.920000 38.560000
3545.332043 -0.060000 -0.060000 -8.650000 0.060000 0.010000 0.010000 1.546501 -2.209587 0.000000 -32.310000 41.540000
3545.361857 -0.260000 0.060000 1.380000 -0.020000 0.000000 -1.700000 1.546501 -1.933127 0.000000 -27.690000 36.920000
3545.393341 -0.010000 -0.230000 1.460000 -0.030000 -0.040000 -1.730000 1.615198 -2.018997 0.000000 -28.920000 38.560000
3545.423365 0.030000 0.270000 0.600000 -0.010000 -0.030000 -1.710000 0.807599 -2.163211 0.000000 -33.740000 38.560000
3545.460256 0.200000 -0.290000 1.210000 -0.040000 -0.030000 -1.760000 1.546501 -1.933127 0.000000 -27.690000 36.920000
3545.496845 -0.060000 0.380000 0.980000 -0.020000 -0.020000 -1.750000 2.422796 -1.874783 0.000000 -24.100000 38.560000
3545.531938 0.030000 -0.090000 0.720000 -0.040000 -0.020000 -1.750000 0.000000 -2.307425 0.000000 -38.560000 38.560000
3545.568919 -0.120000 -0.200000 0.610000 -0.050000 0.030000 -1.800000 0.807599 -1.586355 0.000000 -24.100000 28.920000
3545.605242 -0.040000 -0.110000 0.620000 -0.010000 -0.030000 -1.710000 0.772413 -2.071357 0.000000 -32.310000 36.920000
3545.639961 0.360000 0.040000 1.040000 -0.030000 -0.020000 -1.770000 1.615198 -2.018997 0.000000 -28.920000 38.560000
3545.678943 -0.370000 -0.080000 0.010000 -0.030000 -0.050000 -1.800000 2.318914 -1.795196 0.000000 -23.080000 36.920000
3545.716235 0.060000 -0.010000 -0.250000 -0.010000 -0.030000 -1.740000 0.807599 -2.163211 0.000000 -33.740000 38.560000
3545.752875 -0.380000 -0.340000 0.370000 -0.010000 -0.010000 -1.750000 1.615198 -2.018997 0.000000 -28.920000 38.560000
3545.781414 -0.600000 -0.150000 0.290000 -0.030000 -0.010000 -1.750000 1.821286 -1.982195 0.000000 -27.690000 38.560000
3545.817774 -0.310000 -0.040000 -0.320000 -0.020000 -0.010000 -1.800000 0.772413 -2.071357 0.000000 -32.310000 36.920000
3545.853201 -0.770000 -0.280000 -0.230000 -0.020000 -0.020000 -1.830000 2.422796 -1.297927 0.000000 -14.460000 28.920000
3545.881336 -0.480000 0.200000 0.450000 -0.000000 -0.040000 -1.730000 1.615198 -2.018997 0.000000 -28.920000 38.560000
3545.911076 0.000000 0.170000 -0.230000 -0.020000 -0.050000 -1.780000 1.546501 -1.933127 0.000000 -27.690000 36.920000
3545.940409 -0.460000 -0.100000 -0.220000 -0.010000 -0.040000 -1.790000 2.422796 -1.874783 0.000000 -24.100000 38.560000
3545.970723 0.260000 -0.090000 -0.370000 -0.000000 -0.000000 -1.760000 1.615198 -2.018997 0.000000 -28.920000 38.560000
3545.998234 0.040000 0.110000 0.140000 0.010000 0.000000 -1.750000 1.615198 -1.730569 0.000000 -24.100000 33.740000
3546.034103 0.230000 0.040000 -0.100000 -0.010000 -0.010000 -1.700000 2.318914 -1.795196 0.000000 -23.080000 36.920000
3546.067927 0.870000 0.300000 0.210000 -0.010000 -0.030000 -1.760000 1.615198 -2.018997 0.000000 -28.920000 38.560000
3546.107204 -0.320000 -0.550000 -0.160000 -0.030000 -0.010000 -1.730000 1.546501 -1.933127 0.000000 -27.690000 36.920000
3546.142193 0.350000 0.640000 0.060000 0.020000 -0.000000 -1.670000 0.807599 -2.163211 0.000000 -33.740000 38.560000
3546.172604 0.390000 -0.260000 0.230000 0.000000 -0.020000 -1.710000 2.422796 -1.874783 0.000000 -24.100000 38.560000
3546.203086 0.210000 0.100000 0.250000 -0.010000 -0.050000 -1.750000 2.422796 -1.297927 0.000000 -14.460000 28.920000
3546.232943 0.360000 0.110000 0.080000 -0.000000 -0.030000 -1.690000 1.546501 -1.933127 0.000000 -27.690000 36.920000
3546.261111 0.080000 -0.020000 0.770000 -0.030000 0.060000 -1.690000 2.422796 -1.874783 0.000000 -24.100000 38.560000
3546.288889 0.070000 0.310000 0.640000 0.000000 -0.040000 -1.770000 1.615198 -2.018997 0.000000 -28.920000 38.560000
3546.323662 -0.550000 -0.250000 -0.070000 -0.010000 -0.050000 -1.780000 0.774088 -1.795196 0.000000 -27.690000 32.310000
3546.361659 0.070000 -0.040000 0.230000 -0.040000 -0.020000 -1.740000 2.318914 -1.795196 0.000000 -23.080000 36.920000
3546.398499 1.200000 0.250000 -0.050000 0.010000 0.000000 -1.760000 2.422796 -1.874783 0.000000 -24.100000 38.560000
3546.434699 -0.080000 -0.300000 -0.160000 -0.000000 -0.030000 -1.810000 1.615198 -2.018997 0.000000 -28.920000 38.560000
3546.473695 -0.180000 0.250000 -0.430000 -0.010000 -0.020000 -1.840000 1.546501 -1.933127 0.000000 -27.690000 36.920000
3546.508755 -0.220000 -0.390000 0.140000 0.020000 -0.040000 -1.770000 1.615198 -2.018997 0.000000 -28.920000 38.560000
3546.544312 0.100000 0.350000 -0.170000 -0.010000 -0.040000 -1.790000 0.772413 -2.071357 0.000000 -32.310000 36.920000
3546.581451 0.070000 -0.380000 -0.310000 0.010000 -0.020000 -1.800000 1.615198 -2.018997 0.000000 -28.920000 38.560000
3546.611922 0.300000 0.130000 -0.430000 -0.020000 -0.040000 -1.820000 2.422796 -1.874783 0.000000 -24.100000 38.560000
3546.642132 0.280000 0.020000 -0.050000 0.020000 -0.040000 -1.730000 1.615198 -2.018997 0.000000 -28.920000 38.560000
3546.672578 0.360000 -0.220000 -0.010000 -0.030000 0.000000 -1.800000 1.546501 -1.933127 0.000000 -27.690000 36.920000
3546.702714 0.070000 0.370000 0.080000 0.010000 -0.040000 -1.780000 3.230395 -2.018997 0.000000 -24.100000 43.380000
3546.731147 -0.240000 -0.290000 0.180000 0.030000 -0.090000 -1.830000 0.000000 -1.730569 0.000000 -28.920000 28.920000
3546.760315 -0.440000 0.170000 -0.170000 -0.040000 -0.040000 -1.660000 1.546501 -1.933127 0.000000 -27.690000 36.920000
3546.794690 0.180000 0.070000 0.190000 0.020000 -0.010000 -1.710000 0.772413 -2.071357 0.000000 -32.310000 36.920000
3546.831486 0.120000 0.180000 -0.180000 0.000000 -0.030000 -1.760000 2.422796 -1.586355 0.000000 -19.280000 33.740000
3546.861159 -0.380000 -0.340000 0.130000 0.020000 -0.060000 -1.710000 1.615198 -2.018997 0.000000 -28.920000 38.560000
3546.891106 0.190000 -0.170000 0.600000 -0.020000 0.030000 -1.730000 2.318914 -1.795196 0.000000 -23.080000 36.920000
3546.919152 0.240000 0.070000 -0.500000 -0.010000 -0.020000 -1.840000 1.615198 -2.018997 0.000000 -28.920000 38.560000
3546.955948 -0.420000 0.210000 -0.330000 0.010000 -0.020000 -1.830000 2.422796 -2.163211 0.000000 -28.920000 43.380000
3546.991977 -0.110000 -0.610000 0.380000 -0.010000 -0.060000 -1.820000 0.807599 -1.874783 0.000000 -28.920000 33.740000
3547.021934 0.010000 0.470000 -0.070000 -0.000000 -0.020000 -1.790000 0.807599 -2.163211 0.000000 -33.740000 38.560000
3547.050626 0.230000 0.030000 -0.030000 0.010000 -0.010000 -1.820000 1.615198 -2.018997 0.000000 -28.920000 38.560000
3547.080924 0.330000 -0.030000 -0.320000 0.000000 -0.040000 -1.870000 2.318914 -1.795196 0.000000 -23.080000 36.920000
3547.111049 -0.610000 -0.180000 -0.080000 -0.020000 -0.010000 -1.710000 1.615198 -2.018997 0.000000 -28.920000 38.560000
3547.140651 0.820000 0.200000 0.200000 -0.010000 -0.030000 -1.790000 2.422796 -1.874783 0.000000 -24.100000 38.560000
3547.170652 -0.250000 -0.150000 0.070000 -0.030000 -0.040000 -1.730000 0.000000 -1.933426 0.000000 -32.310000 32.310000
3547.198845 0.290000 -0.010000 0.000000 -0.010000 -0.030000 -1.760000 3.093003 -1.656966 0.000000 -18.460000 36.920000
3547.234032 -0.290000 -0.220000 -0.180000 -0.000000 0.000000 -1.690000 1.615198 -2.018997 0.000000 -28.920000 38.560000
3547.267051 0.270000 0.090000 0.150000 -0.030000 -0.020000 -1.670000 2.422796 -1.874783 0.000000 -24.100000 38.560000
3547.302086 0.760000 0.260000 -0.030000 -0.010000 -0.030000 -1.710000 0.774088 -1.795196 0.000000 -27.690000 32.310000
3547.330508 -0.320000 -0.180000 -0.210000 0.000000 -0.040000 -1.740000 1.615198 -2.018997 0.000000 -28.920000 38.560000
3547.367981 -0.250000 0.050000 0.310000 -0.030000 -0.010000 -1.650000 3.230395 -1.730569 0.000000 -19.280000 38.560000
3547.404181 -0.150000 -0.110000 -0.520000 -0.000000 -0.020000 -1.680000 1.615198 -1.730569 0.000000 -24.100000 33.740000
3547.438954 0.240000 0.360000 0.160000 -0.010000 -0.040000 -1.710000 1.615198 -2.018997 0.000000 -28.920000 38.560000
3547.471511 -0.090000 -0.160000 0.180000 0.020000 -0.030000 -1.660000 0.807599 -1.874783 0.000000 -28.920000 33.740000
3547.502749 0.090000 0.300000 -0.020000 -0.020000 -0.020000 -1.380000 2.320590 -1.519035 0.000000 -18.460000 32.310000
3547.532350 0.270000 0.030000 -0.140000 0.020000 -0.030000 -1.230000 0.807599 -1.297927 0.000000 -19.280000 24.100000
3547.562644 -0.780000 -0.090000 0.120000 -0.020000 -0.020000 -0.770000 0.807599 -0.721070 0.000000 -9.640000 14.460000
3547.592240 0.570000 -0.370000 -0.320000 -0.020000 0.000000 -0.230000 0.774088 -0.138230 0.000000 0.000000 4.620000
3547.621604 0.090000 -0.410000 -0.060000 0.010000 -0.030000 0.020000 -0.774088 -0.138230 0.000000 -4.620000 0.000000
3547.650316 -0.690000 0.500000 -0.030000 -0.000000 0.000000 0.010000 0.000000 0.000000 0.000000 0.000000 0.000000
3547.678402 0.220000 -0.140000 -0.040000 0.000000 0.010000 0.010000 0.000000 0.000000 0.000000 0.000000 0.000000
3547.713215 0.110000 0.260000 0.010000 -0.010000 -0.000000 -0.000000 0.000000 0.000000 0.000000 0.000000 0.000000
3547.742187 -0.070000 -0.020000 0.100000 0.010000 -0.000000 -0.000000 0.000000 0.000000 0.000000 0.000000 0.000000
3547.770686 0.010000 0.150000 0.010000 -0.000000 0.000000 -0.010000 0.000000 0.000000 0.000000 0.000000 0.000000
3547.798495 0.090000 -0.020000 -0.020000 -0.000000 0.000000 -0.000000 0.000000 0.000000 0.000000 0.000000 0.000000
3547.832859 0.010000 0.110000 0.100000 -0.000000 -0.000000 -0.000000 0.000000 0.000000 0.000000 0.000000 0.000000
3547.861513 -0.020000 0.110000 -0.010000 0.000000 -0.000000 0.000000 0.000000 0.000000 0.000000 0.000000 0.000000
3547.890317 0.030000 0.010000 0.030000 -0.000000 -0.000000 -0.000000 0.000000 0.000000 0.000000 0.000000 0.000000
3547.918977 -0.000000 -0.030000 0.100000 0.000000 0.000000 0.000000 0.000000 0.000000 0.000000 0.000000 0.000000
3547.953739 0.060000 -0.000000 -0.010000 0.000000 -0.000000 0.000000 0.000000 0.000000 0.000000 0.000000 0.000000
3547.989464 -0.060000 0.010000 -0.010000 0.000000 -0.000000 -0.000000 0.000000 0.000000 0.000000 0.000000 0.000000
3548.026080 -0.060000 -0.030000 -0.030000 -0.000000 0.000000 0.000000 0.000000 0.000000 0.000000 0.000000 0.000000
3548.060226 0.050000 -0.080000 0.020000 -0.000000 -0.000000 0.000000 0.000000 0.000000 0.000000 0.000000 0.000000
3548.088885 -0.000000 0.000000 0.010000 -0.000000 -0.000000 -0.000000 0.000000 0.000000 0.000000 0.000000 0.000000
3548.124269 -0.040000 -0.030000 0.040000 -0.000000 0.000000 0.000000 0.000000 0.000000 0.000000 0.000000 0.000000
3548.159981 0.050000 -0.070000 0.020000 -0.000000 0.000000 0.000000 0.000000 0.000000 0.000000 0.000000 0.000000
3548.195072 0.040000 -0.050000 -0.020000 -0.000000 -0.000000 -0.000000 0.000000 0.000000 0.000000 0.000000 0.000000
3548.230922 -0.030000 0.040000 0.030000 0.000000 -0.000000 -0.000000 0.000000 0.000000 0.000000 0.000000 0.000000
3548.262507 0.090000 -0.030000 0.020000 -0.000000 0.000000 0.000000 0.000000 0.000000 0.000000 0.000000 0.000000
3548.290162 0.030000 -0.020000 -0.040000 -0.000000 -0.000000 -0.000000 0.000000 0.000000 0.000000 0.000000 0.000000
3548.325465 -0.030000 0.030000 0.030000 0.000000 -0.000000 -0.000000 0.000000 0.000000 0.000000 0.000000 0.000000
3548.357032 0.070000 0.020000 -0.000000 0.000000 0.000000 0.000000 0.000000 0.000000 0.000000 0.000000 0.000000
3548.392382 0.050000 -0.000000 0.010000 -0.000000 -0.000000 -0.000000 0.000000 0.000000 0.000000 0.000000 0.000000
3548.422687 -0.000000 0.050000 0.000000 -0.000000 -0.000000 -0.000000 0.000000 0.000000 0.000000 0.000000 0.000000
3548.458494 0.080000 0.070000 -0.030000 0.000000 0.000000 0.000000 0.000000 0.000000 0.000000 0.000000 0.000000
3548.494651 0.040000 -0.020000 -0.030000 -0.000000 -0.000000 0.000000 0.000000 0.000000 0.000000 0.000000 0.000000
3548.530333 -0.080000 0.010000 -0.040000 0.000000 0.000000 -0.000000 0.000000 0.000000 0.000000 0.000000 0.000000
3548.559254 0.000000 0.090000 -0.040000 0.000000 0.000000 -0.000000 0.000000 0.000000 0.000000 0.000000 0.000000
3548.592439 0.040000 -0.010000 0.040000 -0.000000 -0.000000 0.000000 0.000000 0.000000 0.000000 0.000000 0.000000
3548.627476 0.040000 -0.000000 0.010000 0.000000 0.000000 -0.000000 0.000000 0.000000 0.000000 0.000000 0.000000
3548.660605 0.010000 -0.000000 -0.020000 0.000000 -0.000000 -0.000000 0.000000 0.000000 0.000000 0.000000 0.000000
3548.696857 0.130000 -0.020000 -0.050000 -0.000000 0.000000 0.000000 0.000000 0.000000 0.000000 0.000000 0.000000
3548.732282 0.000000 -0.000000 0.060000 -0.000000 -0.000000 0.000000 0.000000 0.000000 0.000000 0.000000 0.000000
3548.760583 0.000000 -0.050000 0.010000 0.000000 0.000000 -0.000000 0.000000 0.000000 0.000000 0.000000 0.000000
3548.788159 0.060000 0.000000 -0.060000 -0.000000 -0.000000 0.000000 0.000000 0.000000 0.000000 0.000000 0.000000
3548.823470 0.030000 -0.060000 0.020000 -0.000000 0.000000 -0.000000 0.000000 0.000000 0.000000 0.000000 0.000000
3548.853745 -0.000000 0.020000 0.050000 0.000000 0.000000 -0.000000 0.000000 0.000000 0.000000 0.000000 0.000000
3548.885254 0.010000 -0.040000 -0.000000 0.000000 -0.000000 -0.000000 0.000000 0.000000 0.000000 0.000000 0.000000
3548.917694 -0.040000 0.010000 -0.120000 -0.000000 0.000000 -0.000000 0.000000 0.000000 0.000000 0.000000 0.000000
3548.948751 -0.000000 -0.040000 -0.000000 0.000000 0.000000 -0.000000 0.000000 0.000000 0.000000 0.000000 0.000000
3548.984862 0.030000 -0.010000 -0.070000 -0.000000 -0.000000 -0.000000 0.000000 0.000000 0.000000 0.000000 0.000000
3549.018782 0.030000 0.000000 -0.070000 -0.000000 0.000000 0.000000 0.000000 0.000000 0.000000 0.000000 0.000000
3549.056214 -0.030000 -0.030000 0.090000 0.000000 0.000000 -0.000000 0.000000 0.000000 0.000000 0.000000 0.000000
3549.090267 0.010000 -0.010000 0.040000 -0.000000 -0.000000 -0.000000 0.000000 0.000000 0.000000 0.000000 0.000000
3549.118527 -0.060000 0.060000 0.070000 0.000000 -0.000000 0.000000 0.000000 0.000000 0.000000 0.000000 0.000000
3549.153465 0.020000 0.040000 0.010000 -0.000000 0.000000 0.000000 0.000000 0.000000 0.000000 0.000000 0.000000
3549.180907 -0.060000 -0.020000 0.090000 -0.000000 -0.000000 0.000000 0.000000 0.000000 0.000000 0.000000 0.000000
3549.211236 -0.010000 -0.020000 0.040000 -0.000000 -0.000000 0.000000 0.000000 0.000000 0.000000 0.000000 0.000000
3549.239742 0.020000 0.030000 -0.020000 0.000000 0.000000 0.000000 0.000000 0.000000 0.000000 0.000000 0.000000
3549.277092 0.030000 0.010000 -0.050000 -0.000000 0.000000 -0.000000 0.000000 0.000000 0.000000 0.000000 0.000000
3549.309735 -0.010000 0.010000 -0.020000 0.000000 -0.000000 0.000000 0.000000 0.000000 0.000000 0.000000 0.000000
3549.344058 0.020000 0.040000 -0.100000 -0.000000 0.000000 -0.000000 0.000000 0.000000 0.000000 0.000000 0.000000
3549.379464 -0.010000 -0.010000 0.020000 -0.000000 0.000000 -0.000000 0.000000 0.000000 0.000000 0.000000 0.000000
3549.408335 0.020000 -0.010000 0.080000 -0.000000 0.000000 -0.000000 0.000000 0.000000 0.000000 0.000000 0.000000
3549.442994 0.050000 -0.040000 0.030000 0.000000 -0.000000 0.000000 0.000000 0.000000 0.000000 0.000000 0.000000
3549.473033 0.030000 -0.020000 -0.090000 -0.000000 0.000000 -0.000000 0.000000 0.000000 0.000000 0.000000 0.000000
3549.501079 -0.020000 -0.010000 -0.000000 0.000000 -0.000000 0.000000 0.000000 0.000000 0.000000 0.000000 0.000000
3549.530218 -0.000000 0.020000 0.040000 0.000000 -0.000000 0.000000 0.000000 0.000000 0.000000 0.000000 0.000000
3549.557636 -0.050000 0.020000 0.030000 -0.000000 0.000000 0.000000 0.000000 0.000000 0.000000 0.000000 0.000000
3549.592893 0.000000 -0.010000 0.030000 -0.000000 0.000000 0.000000 0.000000 0.000000 0.000000 0.000000 0.000000
3549.619738 -0.060000 -0.010000 0.070000 0.000000 -0.000000 0.000000 0.000000 0.000000 0.000000 0.000000 0.000000
3549.654275 -0.030000 -0.020000 0.010000 0.000000 0.000000 0.000000 0.000000 0.000000 0.000000 0.000000 0.000000
3549.690262 -0.020000 0.000000 -0.040000 -0.000000 -0.000000 -0.000000 0.000000 0.000000 0.000000 0.000000 0.000000
3549.717931 -0.050000 0.020000 -0.000000 -0.000000 0.000000 0.000000 0.000000 0.000000 0.000000 0.000000 0.000000
3549.753484 0.030000 -0.010000 -0.020000 -0.000000 0.000000 -0.000000 0.000000 0.000000 0.000000 0.000000 0.000000
3549.783463 0.010000 -0.000000 0.010000 -0.000000 0.000000 0.000000 0.000000 0.000000 0.000000 0.000000 0.000000
3549.813163 -0.000000 -0.000000 -0.020000 -0.000000 -0.000000 0.000000 0.000000 0.000000 0.000000 0.000000 0.000000
3549.841007 0.050000 -0.010000 0.060000 -0.000000 0.000000 -0.000000 0.000000 0.000000 0.000000 0.000000 0.000000
3549.869530 0.020000 0.010000 0.000000 -0.000000 0.000000 0.000000 0.000000 0.000000 0.000000 0.000000 0.000000
3549.898068 -0.070000 -0.030000 -0.070000 0.000000 -0.000000 0.000000 0.000000 0.000000 0.000000 0.000000 0.000000
3549.933067 -0.010000 -0.020000 -0.010000 -0.000000 0.000000 0.000000 0.000000 0.000000 0.000000 0.000000 0.000000
3549.961282 0.050000 -0.040000 0.000000 0.000000 -0.000000 0.000000 0.000000 0.000000 0.000000 0.000000 0.000000
3549.990310 0.020000 -0.000000 -0.040000 0.000000 0.000000 0.000000 0.000000 0.000000 0.000000 0.000000 0.000000
3550.025251 0.000000 0.000000 0.060000 -0.000000 -0.000000 0.000000 0.000000 0.000000 0.000000 0.000000 0.000000
3550.060157 0.050000 0.000000 0.030000 0.000000 0.000000 0.000000 0.000000 0.000000 0.000000 0.000000 0.000000
3550.087759 -0.020000 -0.030000 -0.020000 -0.000000 -0.000000 0.000000 0.000000 0.000000 0.000000 0.000000 0.000000
3550.124325 -0.030000 0.030000 -0.090000 -0.000000 0.000000 0.000000 0.000000 0.000000 0.000000 0.000000 0.000000
3550.159090 0.010000 0.000000 0.070000 0.000000 -0.000000 -0.000000 0.000000 0.000000 0.000000 0.000000 0.000000
3550.187172 0.040000 0.050000 -0.040000 0.000000 -0.000000 0.000000 0.000000 0.000000 0.000000 0.000000 0.000000
3550.220520 -0.000000 -0.030000 -0.060000 0.000000 0.000000 -0.000000 0.000000 0.000000 0.000000 0.000000 0.000000
3550.250508 -0.020000 0.010000 -0.010000 -0.000000 -0.000000 -0.000000 0.000000 0.000000 0.000000 0.000000 0.000000
3550.277879 0.000000 -0.040000 -0.020000 0.000000 0.000000 0.000000 0.000000 0.000000 0.000000 0.000000 0.000000
3550.313477 0.010000 0.010000 -0.020000 0.000000 -0.000000 -0.000000 0.000000 0.000000 0.000000 0.000000 0.000000
3550.343086 0.000000 0.030000 -0.010000 -0.000000 0.000000 -0.000000 0.000000 0.000000 0.000000 0.000000 0.000000
3550.370610 -0.060000 0.010000 0.060000 -0.000000 0.000000 -0.000000 0.000000 0.000000 0.000000 0.000000 0.000000
3550.397512 0.020000 0.030000 -0.050000 0.000000 0.000000 0.000000 0.000000 0.000000 0.000000 0.000000 0.000000
3550.432185 0.030000 0.020000 -0.050000 -0.000000 -0.000000 -0.000000 0.000000 0.000000 0.000000 0.000000 0.000000
3550.460955 0.010000 0.000000 -0.010000 -0.000000 -0.000000 -0.000000 0.000000 0.000000 0.000000 0.000000 0.000000
3550.496151 -0.060000 -0.020000 0.020000 0.000000 -0.000000 -0.000000 0.000000 0.000000 0.000000 0.000000 0.000000
3550.530655 0.000000 0.000000 0.000000 -0.000000 0.000000 -0.000000 0.000000 0.000000 0.000000 0.000000 0.000000
3550.557205 -0.050000 0.010000 0.070000 0.000000 -0.000000 0.000000 0.000000 0.000000 0.000000 0.000000 0.000000
3550.593028 -0.000000 -0.080000 0.010000 -0.000000 0.000000 -0.000000 0.000000 0.000000 0.000000 0.000000 0.000000
3550.620880 -0.030000 0.060000 0.040000 0.000000 -0.000000 -0.000000 0.000000 0.000000 0.000000 0.000000 0.000000
3550.650343 0.020000 0.040000 0.020000 0.000000 -0.000000 -0.000000 0.000000 0.000000 0.000000 0.000000 0.000000
3550.678184 0.090000 0.000000 -0.020000 0.000000 0.000000 0.000000 0.000000 0.000000 0.000000 0.000000 0.000000
3550.712224 -0.010000 0.040000 0.010000 -0.000000 0.000000 -0.000000 0.000000 0.000000 0.000000 0.000000 0.000000
3550.739475 0.020000 0.020000 0.000000 -0.000000 -0.000000 -0.000000 0.000000 0.000000 0.000000 0.000000 0.000000
3550.773019 0.020000 -0.020000 -0.040000 -0.000000 0.000000 0.000000 0.000000 0.000000 0.000000 0.000000 0.000000
3550.800939 -0.020000 -0.020000 -0.020000 0.000000 -0.000000 0.000000 0.000000 0.000000 0.000000 0.000000 0.000000
3550.829138 0.010000 0.010000 -0.050000 0.000000 0.000000 -0.000000 0.000000 0.000000 0.000000 0.000000 0.000000
3550.862225 -0.000000 -0.020000 0.030000 -0.000000 -0.000000 0.000000 0.000000 0.000000 0.000000 0.000000 0.000000
3550.889240 0.030000 -0.030000 -0.020000 0.000000 0.000000 -0.000000 0.000000 0.000000 0.000000 0.000000 0.000000
3550.923527 -0.020000 -0.000000 -0.000000 0.000000 0.000000 -0.000000 0.000000 0.000000 0.000000 0.000000 0.000000
3550.957309 -0.040000 -0.040000 0.040000 -0.000000 -0.000000 -0.000000 0.000000 0.000000 0.000000 0.000000 0.000000
3550.991763 0.030000 -0.020000 -0.000000 0.000000 0.000000 0.000000 0.000000 0.000000 0.000000 0.000000 0.000000
3551.020327 -0.050000 0.010000 -0.010000 -0.000000 0.000000 -0.000000 0.000000 0.000000 0.000000 0.000000 0.000000
3551.046888 0.080000 -0.000000 0.020000 -0.000000 0.000000 0.000000 0.000000 0.000000 0.000000 0.000000 0.000000
3551.082068 0.060000 0.030000 0.020000 -0.000000 0.000000 0.000000 0.000000 0.000000 0.000000 0.000000 0.000000
3551.109904 -0.010000 -0.010000 0.040000 0.000000 -0.000000 0.000000 0.000000 0.000000 0.000000 0.000000 0.000000
3551.145478 -0.010000 0.020000 -0.000000 -0.000000 -0.000000 -0.000000 0.000000 0.000000 0.000000 0.000000 0.000000
3551.178849 0.030000 -0.040000 -0.010000 -0.000000 0.000000 -0.000000 0.000000 0.000000 0.000000 0.000000 0.000000
3551.217360 -0.010000 -0.030000 -0.030000 -0.000000 -0.000000 0.000000 0.000000 0.000000 0.000000 0.000000 0.000000
3551.253111 -0.080000 -0.000000 -0.010000 0.000000 -0.000000 0.000000 0.000000 0.000000 0.000000 0.000000 0.000000
3551.281690 -0.030000 0.000000 0.020000 -0.000000 -0.000000 0.000000 0.000000 0.000000 0.000000 0.000000 0.000000
3551.310749 -0.000000 -0.030000 -0.020000 -0.000000 -0.000000 0.000000 0.000000 0.000000 0.000000 0.000000 0.000000
3551.338993 0.030000 0.050000 0.010000 -0.000000 0.000000 -0.000000 0.000000 0.000000 0.000000 0.000000 0.000000
3551.377357 0.010000 0.030000 -0.010000 -0.000000 -0.000000 -0.000000 0.000000 0.000000 0.000000 0.000000 0.000000
3551.413204 -0.010000 0.000000 -0.000000 -0.000000 0.000000 -0.000000 0.000000 0.000000 0.000000 0.000000 0.000000
3551.441742 -0.040000 0.030000 -0.050000 0.000000 -0.000000 0.000000 0.000000 0.000000 0.000000 0.000000 0.000000
3551.469323 0.030000 -0.040000 0.020000 -0.000000 -0.000000 -0.000000 0.000000 0.000000 0.000000 0.000000 0.000000
3551.503959 -0.010000 -0.010000 -0.000000 -0.000000 -0.000000 -0.000000 0.000000 0.000000 0.000000 0.000000 0.000000
3551.536375 0.010000 0.010000 0.060000 -0.000000 0.000000 0.000000 0.000000 0.000000 0.000000 0.000000 0.000000
3551.574268 -0.040000 -0.020000 -0.010000 -0.000000 -0.000000 0.000000 0.000000 0.000000 0.000000 0.000000 0.000000
3551.608633 -0.000000 -0.050000 0.020000 0.000000 -0.000000 -0.000000 0.000000 0.000000 0.000000 0.000000 0.000000
3551.645923 0.030000 0.030000 0.010000 0.000000 -0.000000 -0.000000 0.000000 0.000000 0.000000 0.000000 0.000000
3551.681254 0.030000 0.000000 -0.010000 -0.000000 -0.000000 0.000000 0.000000 0.000000 0.000000 0.000000 0.000000
3551.708333 -0.030000 -0.020000 0.020000 0.000000 -0.000000 -0.000000 0.000000 0.000000 0.000000 0.000000 0.000000
3551.743193 0.010000 -0.010000 0.020000 -0.000000 -0.000000 0.000000 0.000000 0.000000 0.000000 0.000000 0.000000
3551.770533 -0.020000 0.020000 -0.030000 -0.000000 0.000000 0.000000 0.000000 0.000000 0.000000 0.000000 0.000000
3551.799633 -0.050000 0.030000 0.020000 -0.000000 0.000000 -0.000000 0.000000 0.000000 0.000000 0.000000 0.000000
3551.832224 0.040000 0.020000 -0.000000 0.000000 0.000000 -0.000000 0.000000 0.000000 0.000000 0.000000 0.000000
3551.860779 0.040000 0.010000 -0.010000 -0.000000 -0.000000 -0.000000 0.000000 0.000000 0.000000 0.000000 0.000000
3551.889896 -0.030000 -0.000000 0.030000 -0.000000 0.000000 0.000000 0.000000 0.000000 0.000000 0.000000 0.000000
3551.925461 -0.020000 0.000000 -0.050000 0.000000 -0.000000 0.000000 0.000000 0.000000 0.000000 0.000000 0.000000
3551.960497 -0.020000 -0.020000 0.010000 -0.000000 -0.000000 0.000000 0.000000 0.000000 0.000000 0.000000 0.000000
3551.988458 0.050000 0.020000 0.070000 0.000000 -0.000000 -0.000000 0.000000 0.000000 0.000000 0.000000 0.000000
3552.023638 -0.030000 0.010000 0.040000 -0.000000 -0.000000 -0.000000 0.000000 0.000000 0.000000 0.000000 0.000000
3552.054148 -0.020000 -0.030000 -0.090000 -0.000000 -0.000000 0.000000 0.000000 0.000000 0.000000 0.000000 0.000000
3552.089089 0.020000 0.060000 -0.030000 -0.000000 -0.000000 0.000000 0.000000 0.000000 0.000000 0.000000 0.000000
3552.117712 -0.030000 -0.070000 0.010000 -0.000000 0.000000 0.000000 0.000000 0.000000 0.000000 0.000000 0.000000
3552.153562 0.030000 0.010000 -0.010000 0.000000 -0.000000 -0.000000 0.000000 0.000000 0.000000 0.000000 0.000000
3552.180764 0.030000 -0.000000 -0.040000 0.000000 -0.000000 0.000000 0.000000 0.000000 0.000000 0.000000 0.000000
3552.209970 0.000000 0.020000 0.000000 -0.000000 0.000000 0.000000 0.000000 0.000000 0.000000 0.000000 0.000000
3552.237564 -0.010000 -0.010000 0.010000 -0.000000 -0.000000 -0.000000 0.000000 0.000000 0.000000 0.000000 0.000000
3552.271778 -0.030000 0.070000 0.010000 0.000000 0.000000 0.000000 0.000000 0.000000 0.000000 0.000000 0.000000
3552.299624 0.040000 0.030000 0.060000 0.000000 -0.000000 0.000000 0.000000 0.000000 0.000000 0.000000 0.000000
3552.336042 -0.000000 -0.000000 0.020000 0.000000 -0.000000 0.000000 0.000000 0.000000 0.000000 0.000000 0.000000
3552.372119 -0.000000 -0.030000 0.020000 0.000000 0.000000 -0.000000 0.000000 0.000000 0.000000 0.000000 0.000000
3552.403249 0.020000 0.010000 -0.030000 -0.000000 0.000000 -0.000000 0.000000 0.000000 0.000000 0.000000 0.000000
3552.434723 -0.050000 0.010000 -0.040000 -0.000000 -0.000000 0.000000 0.000000 0.000000 0.000000 0.000000 0.000000
3552.472184 0.030000 -0.010000 -0.010000 0.000000 -0.000000 0.000000 0.000000 0.000000 0.000000 0.000000 0.000000
3552.501024 -0.010000 -0.020000 -0.030000 0.000000 0.000000 0.000000 0.000000 0.000000 0.000000 0.000000 0.000000
3552.529946 -0.010000 -0.010000 0.050000 -0.000000 -0.000000 -0.000000 0.000000 0.000000 0.000000 0.000000 0.000000
3552.558299 0.010000 0.020000 -0.020000 0.000000 -0.000000 0.000000 0.000000 0.000000 0.000000 0.000000 0.000000
3552.592958 -0.050000 -0.010000 -0.050000 0.000000 -0.000000 0.000000 0.000000 0.000000 0.000000 0.000000 0.000000
3552.620759 -0.010000 -0.060000 0.030000 -0.000000 0.000000 0.000000 0.000000 0.000000 0.000000 0.000000 0.000000
3552.657766 -0.010000 0.020000 -0.010000 -0.000000 0.000000 -0.000000 0.000000 0.000000 0.000000 0.000000 0.000000
3552.695717 0.080000 -0.030000 -0.020000 0.000000 -0.000000 0.000000 0.000000 0.000000 0.000000 0.000000 0.000000
3552.732363 -0.040000 -0.040000 -0.010000 0.000000 0.000000 -0.000000 0.000000 0.000000 0.000000 0.000000 0.000000
3552.760369 0.010000 0.010000 0.010000 0.000000 0.000000 -0.000000 0.000000 0.000000 0.000000 0.000000 0.000000
3552.786928 0.030000 -0.010000 0.020000 0.000000 0.000000 0.000000 0.000000 0.000000 0.000000 0.000000 0.000000
3552.820939 0.010000 0.000000 -0.090000 -0.000000 0.000000 0.000000 0.000000 0.000000 0.000000 0.000000 0.000000
3552.849206 0.010000 0.020000 0.020000 0.000000 -0.000000 -0.000000 0.000000 0.000000 0.000000 0.000000 0.000000
3552.884059 0.070000 -0.020000 0.030000 -0.000000 -0.000000 0.000000 0.000000 0.000000 0.000000 0.000000 0.000000
3552.915072 0.010000 0.020000 0.040000 0.000000 -0.000000 0.000000 0.000000 0.000000 0.000000 0.000000 0.000000
3552.952649 -0.020000 -0.040000 -0.010000 -0.000000 0.000000 -0.000000 0.000000 0.000000 0.000000 0.000000 0.000000
3552.979743 -0.030000 0.050000 0.050000 -0.000000 -0.000000 -0.000000 0.000000 0.000000 0.000000 0.000000 0.000000
3553.015684 -0.030000 0.010000 -0.020000 0.000000 -0.000000 0.000000 0.000000 0.000000 0.000000 0.000000 0.000000
3553.052180 -0.010000 -0.020000 0.060000 -0.000000 -0.000000 0.000000 0.000000 0.000000 0.000000 0.000000 0.000000
3553.079747 -0.000000 -0.000000 -0.020000 -0.000000 0.000000 -0.000000 0.000000 0.000000 0.000000 0.000000 0.000000
3553.113539 -0.040000 -0.020000 0.050000 -0.000000 0.000000 0.000000 0.000000 0.000000 0.000000 0.000000 0.000000
3553.141589 -0.030000 0.010000 -0.030000 0.000000 0.000000 -0.000000 0.000000 0.000000 0.000000 0.000000 0.000000
3553.170788 0.050000 -0.000000 0.040000 -0.000000 0.000000 -0.000000 0.000000 0.000000 0.000000 0.000000 0.000000
3553.198532 0.040000 0.010000 0.000000 0.000000 0.000000 0.000000 0.000000 0.000000 0.000000 0.000000 0.000000
3553.234299 -0.030000 -0.010000 -0.030000 0.000000 0.000000 -0.000000 0.000000 0.000000 0.000000 0.000000 0.000000
3553.265549 0.010000 0.000000 -0.090000 0.000000 -0.000000 0.000000 0.000000 0.000000 0.000000 0.000000 0.000000
3553.303030 -0.020000 -0.020000 -0.080000 -0.000000 -0.000000 0.000000 0.000000 0.000000 0.000000 0.000000 0.000000
3553.331891 0.010000 -0.010000 -0.030000 -0.000000 0.000000 -0.000000 0.000000 0.000000 0.000000 0.000000 0.000000
3553.360500 0.000000 -0.010000 -0.000000 -0.000000 0.000000 -0.000000 0.000000 0.000000 0.000000 0.000000 0.000000
3553.387427 0.030000 -0.010000 0.020000 0.000000 -0.000000 -0.000000 0.000000 0.000000 0.000000 0.000000 0.000000
3553.421925 -0.000000 -0.060000 0.040000 0.000000 0.000000 -0.000000 0.000000 0.000000 0.000000 0.000000 0.000000
3553.449627 0.010000 0.020000 -0.010000 -0.000000 -0.000000 0.000000 0.000000 0.000000 0.000000 0.000000 0.000000
3553.479137 -0.030000 0.000000 0.020000 0.000000 0.000000 0.000000 0.000000 0.000000 0.000000 0.000000 0.000000
3553.511127 0.020000 0.020000 0.020000 -0.000000 0.000000 0.000000 0.000000 0.000000 0.000000 0.000000 0.000000
3553.547804 0.050000 0.010000 -0.030000 0.000000 -0.000000 -0.000000 0.000000 0.000000 0.000000 0.000000 0.000000
3553.580557 -0.030000 0.050000 0.060000 0.000000 -0.000000 0.000000 0.000000 0.000000 0.000000 0.000000 0.000000
3553.609771 -0.030000 -0.000000 0.000000 -0.000000 -0.000000 -0.000000 0.000000 0.000000 0.000000 0.000000 0.000000
3553.643780 -0.000000 0.030000 -0.010000 0.000000 -0.000000 -0.000000 0.000000 0.000000 0.000000 0.000000 0.000000
3553.676423 0.030000 -0.020000 0.050000 -0.000000 -0.000000 0.000000 0.000000 0.000000 0.000000 0.000000 0.000000
3553.711336 0.020000 0.020000 -0.020000 -0.000000 -0.000000 0.000000 0.000000 0.000000 0.000000 0.000000 0.000000
3553.740769 0.060000 -0.010000 0.020000 0.000000 0.000000 0.000000 0.000000 0.000000 0.000000 0.000000 0.000000
3553.770468 -0.020000 -0.030000 -0.050000 -0.000000 0.000000 -0.000000 0.000000 0.000000 0.000000 0.000000 0.000000
3553.798926 -0.000000 0.030000 0.030000 -0.000000 0.000000 -0.000000 0.000000 0.000000 0.000000 0.000000 0.000000
3553.827752 -0.010000 -0.010000 -0.040000 0.000000 0.000000 -0.000000 0.000000 0.000000 0.000000 0.000000 0.000000
3553.863079 0.020000 0.010000 -0.010000 -0.000000 0.000000 0.000000 0.000000 0.000000 0.000000 0.000000 0.000000
3553.891322 -0.060000 0.020000 -0.000000 0.000000 0.000000 -0.000000 0.000000 0.000000 0.000000 0.000000 0.000000
3553.919738 -0.000000 0.010000 -0.020000 -0.000000 -0.000000 0.000000 0.000000 0.000000 0.000000 0.000000 0.000000
3553.949226 -0.080000 0.000000 -0.000000 -0.000000 -0.000000 -0.000000 0.000000 0.000000 0.000000 0.000000 0.000000
3553.976461 -0.020000 0.010000 -0.020000 0.000000 0.000000 0.000000 0.000000 0.000000 0.000000 0.000000 0.000000
3554.007913 0.000000 -0.000000 0.060000 -0.000000 -0.000000 0.000000 0.000000 0.000000 0.000000 0.000000 0.000000
3554.042256 -0.020000 -0.010000 0.030000 -0.000000 0.000000 0.000000 0.000000 0.000000 0.000000 0.000000 0.000000
3554.071516 -0.030000 -0.030000 0.030000 -0.000000 0.000000 -0.000000 0.000000 0.000000 0.000000 0.000000 0.000000
3554.099347 0.000000 0.030000 -0.010000 0.000000 -0.000000 0.000000 0.000000 0.000000 0.000000 0.000000 0.000000
3554.135403 0.070000 0.000000 -0.010000 0.000000 0.000000 -0.000000 0.000000 0.000000 0.000000 0.000000 0.000000
3554.166684 0.020000 0.010000 0.000000 -0.000000 0.000000 -0.000000 0.000000 0.000000 0.000000 0.000000 0.000000
3554.200277 0.010000 -0.020000 0.070000 0.000000 0.000000 0.000000 0.000000 0.000000 0.000000 0.000000 0.000000
3554.231918 0.040000 0.010000 -0.070000 0.000000 0.000000 -0.000000 0.000000 0.000000 0.000000 0.000000 0.000000
3554.259908 -0.020000 0.060000 -0.000000 0.000000 -0.000000 0.000000 0.000000 0.000000 0.000000 0.000000 0.000000
3554.288582 0.020000 0.000000 0.000000 0.000000 -0.000000 0.000000 0.000000 0.000000 0.000000 0.000000 0.000000
3554.322605 -0.020000 0.020000 -0.010000 0.000000 -0.000000 0.000000 0.000000 0.000000 0.000000 0.000000 0.000000
3554.349946 -0.000000 -0.050000 -0.040000 -0.000000 0.000000 -0.000000 0.000000 0.000000 0.000000 0.000000 0.000000
3554.386144 0.000000 0.030000 0.030000 -0.000000 0.000000 -0.000000 0.000000 0.000000 0.000000 0.000000 0.000000
3554.420538 0.010000 -0.010000 0.020000 -0.000000 0.000000 -0.000000 0.000000 0.000000 0.000000 0.000000 0.000000
3554.458299 -0.020000 -0.070000 0.070000 -0.000000 -0.000000 -0.000000 0.000000 0.000000 0.000000 0.000000 0.000000
3554.494916 -0.020000 -0.000000 0.000000 0.000000 0.000000 0.000000 0.000000 0.000000 0.000000 0.000000 0.000000
3554.528795 -0.010000 -0.070000 -0.040000 -0.000000 -0.000000 -0.000000 0.000000 0.000000 0.000000 0.000000 0.000000
3554.564630 0.030000 0.010000 -0.020000 0.000000 0.000000 -0.000000 0.000000 0.000000 0.000000 0.000000 0.000000
3554.596454 -0.040000 -0.000000 0.000000 -0.000000 0.000000 0.000000 0.000000 0.000000 0.000000 0.000000 0.000000
3554.632223 0.050000 0.010000 0.040000 -0.000000 -0.000000 -0.000000 0.000000 0.000000 0.000000 0.000000 0.000000
3554.659966 0.020000 0.030000 -0.020000 0.000000 0.000000 0.000000 0.000000 0.000000 0.000000 0.000000 0.000000
3554.696972 -0.030000 -0.020000 -0.050000 0.000000 0.000000 -0.000000 0.000000 0.000000 0.000000 0.000000 0.000000
3554.729281 0.020000 0.010000 0.030000 -0.000000 0.000000 0.000000 0.000000 0.000000 0.000000 0.000000 0.000000
3554.758807 -0.010000 -0.010000 -0.010000 0.000000 -0.000000 -0.000000 0.000000 0.000000 0.000000 0.000000 0.000000
3554.794504 0.040000 0.020000 0.030000 0.000000 -0.000000 -0.000000 0.000000 0.000000 0.000000 0.000000 0.000000
3554.826955 -0.000000 -0.000000 0.050000 -0.000000 -0.000000 0.000000 0.000000 0.000000 0.000000 0.000000 0.000000
3554.863367 -0.000000 -0.000000 0.030000 -0.000000 0.000000 -0.000000 0.000000 0.000000 0.000000 0.000000 0.000000
3554.892257 -0.050000 -0.030000 -0.080000 -0.000000 -0.000000 -0.000000 0.000000 0.000000 0.000000 0.000000 0.000000
3554.921241 -0.060000 0.020000 -0.110000 -0.000000 0.000000 0.000000 0.000000 0.000000 0.000000 0.000000 0.000000
3554.948912 -0.020000 0.000000 0.010000 0.000000 0.000000 0.000000 0.000000 0.000000 0.000000 0.000000 0.000000
3554.977139 -0.020000 0.010000 0.010000 0.000000 0.000000 -0.000000 0.000000 0.000000 0.000000 0.000000 0.000000
3555.012581 -0.020000 -0.020000 -0.040000 -0.000000 0.000000 0.000000 0.000000 0.000000 0.000000 0.000000 0.000000
3555.047222 0.010000 0.020000 -0.030000 0.000000 -0.000000 0.000000 0.000000 0.000000 0.000000 0.000000 0.000000
3555.081698 0.010000 0.010000 -0.010000 0.000000 -0.000000 0.000000 0.000000 0.000000 0.000000 0.000000 0.000000
3555.111729 0.040000 0.030000 0.030000 -0.000000 0.000000 -0.000000 0.000000 0.000000 0.000000 0.000000 0.000000
3555.144945 0.030000 -0.000000 -0.020000 0.000000 0.000000 0.000000 0.000000 0.000000 0.000000 0.000000 0.000000
3555.178243 0.020000 0.030000 -0.010000 0.000000 0.000000 -0.000000 0.000000 0.000000 0.000000 0.000000 0.000000
3555.212506 -0.030000 -0.030000 -0.000000 0.000000 -0.000000 -0.000000 0.000000 0.000000 0.000000 0.000000 0.000000
3555.239316 -0.050000 0.020000 -0.010000 -0.000000 0.000000 0.000000 0.000000 0.000000 0.000000 0.000000 0.000000
3555.274003 0.010000 0.020000 0.000000 0.000000 0.000000 -0.000000 0.000000 0.000000 0.000000 0.000000 0.000000
3555.305456 0.020000 -0.020000 0.050000 -0.000000 0.000000 -0.000000 0.000000 0.000000 0.000000 0.000000 0.000000
3555.340399 -0.000000 0.020000 0.090000 -0.000000 -0.000000 0.000000 0.000000 0.000000 0.000000 0.000000 0.000000
3555.367465 0.010000 -0.050000 -0.010000 -0.000000 0.000000 0.000000 0.000000 0.000000 0.000000 0.000000 0.000000
3555.399724 -0.030000 -0.020000 0.030000 0.000000 0.000000 -0.000000 0.000000 0.000000 0.000000 0.000000 0.000000
3555.435995 0.010000 -0.090000 -0.030000 0.000000 -0.000000 -0.000000 0.000000 0.000000 0.000000 0.000000 0.000000
3555.470549 -0.020000 -0.010000 0.060000 -0.000000 0.000000 0.000000 0.000000 0.000000 0.000000 0.000000 0.000000
3555.502749 0.010000 0.020000 0.040000 -0.000000 0.000000 -0.000000 0.000000 0.000000 0.000000 0.000000 0.000000
3555.538366 0.060000 0.000000 0.060000 -0.000000 0.000000 0.000000 0.000000 0.000000 0.000000 0.000000 0.000000
3555.573723 0.050000 0.010000 0.050000 0.000000 0.000000 -0.000000 0.000000 0.000000 0.000000 0.000000 0.000000
3555.605549 0.040000 0.050000 -0.020000 -0.000000 0.000000 -0.000000 0.000000 0.000000 0.000000 0.000000 0.000000
3555.641035 -0.020000 -0.020000 -0.050000 -0.000000 -0.000000 0.000000 0.000000 0.000000 0.000000 0.000000 0.000000
3555.670244 -0.010000 -0.020000 -0.010000 0.000000 -0.000000 -0.000000 0.000000 0.000000 0.000000 0.000000 0.000000
3555.698984 0.000000 0.010000 -0.030000 -0.000000 0.000000 -0.000000 0.000000 0.000000 0.000000 0.000000 0.000000
3555.730302 0.000000 0.030000 -0.010000 -0.000000 0.000000 0.000000 0.000000 0.000000 0.000000 0.000000 0.000000
3555.758938 -0.010000 0.040000 -0.030000 0.000000 -0.000000 -0.000000 0.000000 0.000000 0.000000 0.000000 0.000000
3555.795546 -0.050000 0.060000 -0.010000 -0.000000 -0.000000 0.000000 0.000000 0.000000 0.000000 0.000000 0.000000
3555.831746 0.030000 0.040000 -0.030000 0.000000 0.000000 -0.000000 0.000000 0.000000 0.000000 0.000000 0.000000
3555.859774 -0.010000 -0.040000 0.020000 0.000000 0.000000 0.000000 0.000000 0.000000 0.000000 0.000000 0.000000
3555.895086 -0.010000 -0.000000 0.050000 -0.000000 0.000000 -0.000000 0.000000 0.000000 0.000000 0.000000 0.000000
3555.929213 0.010000 -0.030000 0.060000 0.000000 -0.000000 0.000000 0.000000 0.000000 0.000000 0.000000 0.000000
3555.957312 0.040000 0.000000 -0.020000 -0.000000 0.000000 0.000000 0.000000 0.000000 0.000000 0.000000 0.000000
3555.989219 -0.060000 0.010000 -0.050000 -0.000000 0.000000 -0.000000 0.000000 0.000000 0.000000 0.000000 0.000000
3556.023785 0.020000 -0.040000 0.010000 -0.000000 -0.000000 -0.000000 0.000000 0.000000 0.000000 0.000000 0.000000
3556.058408 -0.010000 -0.030000 -0.000000 0.000000 0.000000 -0.000000 0.000000 0.000000 0.000000 0.000000 0.000000
3556.091774 0.010000 -0.040000 -0.050000 0.000000 0.000000 -0.000000 0.000000 0.000000 0.000000 0.000000 0.000000
3556.127397 -0.020000 0.020000 0.040000 -0.000000 0.000000 0.000000 0.000000 0.000000 0.000000 0.000000 0.000000
3556.163629 0.010000 -0.030000 -0.050000 -0.000000 -0.000000 -0.000000 0.000000 0.000000 0.000000 0.000000 0.000000
3556.193494 0.010000 0.040000 -0.020000 -0.000000 -0.000000 -0.000000 0.000000 0.000000 0.000000 0.000000 0.000000
3556.221944 -0.010000 -0.020000 -0.020000 0.000000 -0.000000 0.000000 0.000000 0.000000 0.000000 0.000000 0.000000
3556.258599 0.030000 -0.020000 0.000000 -0.000000 -0.000000 -0.000000 0.000000 0.000000 0.000000 0.000000 0.000000
3556.293284 0.050000 0.010000 0.010000 -0.000000 -0.000000 -0.000000 0.000000 0.000000 0.000000 0.000000 0.000000
3556.319955 0.010000 0.080000 0.000000 0.000000 -0.000000 -0.000000 0.000000 0.000000 0.000000 0.000000 0.000000
3556.349952 -0.010000 0.000000 0.010000 0.000000 -0.000000 0.000000 0.000000 0.000000 0.000000 0.000000 0.000000
3556.382542 -0.020000 -0.010000 0.050000 0.000000 -0.000000 -0.000000 0.000000 0.000000 0.000000 0.000000 0.000000
3556.409867 -0.040000 -0.010000 0.010000 0.000000 -0.000000 -0.000000 0.000000 0.000000 0.000000 0.000000 0.000000
3556.444316 -0.020000 -0.010000 0.010000 -0.000000 0.000000 -0.000000 0.000000 0.000000 0.000000 0.000000 0.000000
3556.479164 0.020000 0.030000 -0.030000 -0.000000 -0.000000 -0.000000 0.000000 0.000000 0.000000 0.000000 0.000000
3556.505588 0.030000 0.040000 0.020000 -0.000000 0.000000 0.000000 0.000000 0.000000 0.000000 0.000000 0.000000
3556.540429 0.020000 0.030000 -0.020000 0.000000 -0.000000 0.000000 0.000000 0.000000 0.000000 0.000000 0.000000
3556.568084 -0.010000 -0.030000 0.020000 0.000000 0.000000 -0.000000 0.000000 0.000000 0.000000 0.000000 0.000000
3556.606261 -0.020000 -0.000000 -0.020000 0.000000 -0.000000 0.000000 0.000000 0.000000 0.000000 0.000000 0.000000
3556.639128 -0.000000 -0.010000 -0.060000 0.000000 -0.000000 0.000000 0.000000 0.000000 0.000000 0.000000 0.000000
3556.676279 -0.010000 -0.010000 -0.050000 0.000000 -0.000000 -0.000000 0.000000 0.000000 0.000000 0.000000 0.000000
3556.707776 0.050000 -0.020000 0.040000 -0.000000 -0.000000 0.000000 0.000000 0.000000 0.000000 0.000000 0.000000
3556.743067 0.030000 -0.050000 -0.040000 0.000000 0.000000 0.000000 0.000000 0.000000 0.000000 0.000000 0.000000
3556.771125 -0.080000 -0.070000 0.010000 0.000000 0.000000 0.000000 0.000000 0.000000 0.000000 0.000000 0.000000
3556.798101 0.020000 0.030000 -0.180000 -0.000000 -0.000000 0.000000 0.000000 0.000000 0.000000 0.000000 0.000000
3556.835432 -0.010000 -0.000000 0.040000 0.000000 -0.000000 -0.000000 0.000000 0.000000 0.000000 0.000000 0.000000
3556.868039 0.020000 0.030000 0.040000 0.000000 0.000000 0.000000 0.000000 0.000000 0.000000 0.000000 0.000000
3556.904048 -0.020000 0.040000 -0.010000 -0.000000 0.000000 -0.000000 0.000000 0.000000 0.000000 0.000000 0.000000
3556.935472 -0.070000 0.000000 -0.030000 -0.000000 0.000000 0.000000 0.000000 0.000000 0.000000 0.000000 0.000000
3556.968164 0.000000 0.010000 0.050000 0.000000 -0.000000 -0.000000 0.000000 0.000000 0.000000 0.000000 0.000000
3557.001776 -0.010000 -0.030000 0.030000 -0.000000 0.000000 -0.000000 0.000000 0.000000 0.000000 0.000000 0.000000
3557.030981 0.020000 -0.010000 0.010000 0.000000 -0.000000 -0.000000 0.000000 0.000000 0.000000 0.000000 0.000000
3557.060283 0.010000 0.020000 -0.000000 -0.000000 0.000000 -0.000000 0.000000 0.000000 0.000000 0.000000 0.000000
3557.088034 0.010000 0.000000 0.060000 0.000000 0.000000 -0.000000 0.000000 0.000000 0.000000 0.000000 0.000000
3557.120512 0.050000 -0.020000 0.080000 -0.000000 0.000000 -0.000000 0.000000 0.000000 0.000000 0.000000 0.000000
3557.155669 0.000000 0.070000 -0.000000 0.000000 -0.000000 0.000000 0.000000 0.000000 0.000000 0.000000 0.000000
3557.186870 0.010000 0.010000 0.010000 0.000000 0.000000 0.000000 0.000000 0.000000 0.000000 0.000000 0.000000
3557.220347 0.010000 0.010000 -0.040000 0.000000 0.000000 -0.000000 0.000000 0.000000 0.000000 0.000000 0.000000
3557.249634 -0.020000 -0.000000 -0.060000 -0.000000 -0.000000 0.000000 0.000000 0.000000 0.000000 0.000000 0.000000
3557.278103 0.000000 -0.010000 0.030000 0.000000 -0.000000 -0.000000 0.000000 0.000000 0.000000 0.000000 0.000000
3557.311797 -0.030000 -0.020000 0.040000 -0.000000 0.000000 -0.000000 0.000000 0.000000 0.000000 0.000000 0.000000
3557.340640 0.030000 0.040000 -0.010000 -0.000000 0.000000 0.000000 0.000000 0.000000 0.000000 0.000000 0.000000
3557.368533 0.050000 0.010000 0.000000 0.000000 0.000000 -0.000000 0.000000 0.000000 0.000000 0.000000 0.000000
3557.401429 0.030000 -0.020000 0.020000 -0.000000 -0.000000 0.000000 0.000000 0.000000 0.000000 0.000000 0.000000
3557.430894 -0.030000 0.020000 -0.020000 0.000000 0.000000 -0.000000 0.000000 0.000000 0.000000 0.000000 0.000000
3557.459262 0.040000 -0.040000 -0.040000 0.000000 -0.000000 0.000000 0.000000 0.000000 0.000000 0.000000 0.000000
3557.494919 0.040000 0.010000 -0.050000 0.000000 0.000000 0.000000 0.000000 0.000000 0.000000 0.000000 0.000000
3557.530384 -0.030000 -0.010000 0.070000 0.000000 -0.000000 0.000000 0.000000 0.000000 0.000000 0.000000 0.000000
3557.558263 -0.010000 0.000000 0.050000 0.000000 0.000000 0.000000 0.000000 0.000000 0.000000 0.000000 0.000000
3557.593689 -0.070000 -0.020000 0.020000 -0.000000 -0.000000 0.000000 0.000000 0.000000 0.000000 0.000000 0.000000
3557.632027 -0.020000 -0.060000 -0.030000 -0.000000 0.000000 0.000000 0.000000 0.000000 0.000000 0.000000 0.000000
3557.658479 0.010000 0.010000 -0.040000 0.000000 -0.000000 0.000000 0.000000 0.000000 0.000000 0.000000 0.000000
3557.694603 -0.020000 -0.040000 0.000000 -0.000000 -0.000000 -0.000000 0.000000 0.000000 0.000000 0.000000 0.000000
3557.728533 0.040000 -0.020000 0.040000 -0.000000 0.000000 -0.000000 0.000000 0.000000 0.000000 0.000000 0.000000
3557.765141 -0.040000 -0.000000 -0.020000 -0.000000 -0.000000 0.000000 0.000000 0.000000 0.000000 0.000000 0.000000
3557.801926 0.010000 -0.020000 -0.020000 0.000000 -0.000000 -0.000000 0.000000 0.000000 0.000000 0.000000 0.000000
3557.836997 0.050000 0.010000 0.020000 0.000000 0.000000 -0.000000 0.000000 0.000000 0.000000 0.000000 0.000000
3557.871691 0.020000 0.020000 0.060000 -0.000000 0.000000 -0.000000 0.000000 0.000000 0.000000 0.000000 0.000000
3557.903944 -0.020000 0.030000 -0.040000 -0.000000 -0.000000 0.000000 0.000000 0.000000 0.000000 0.000000 0.000000
3557.937160 -0.000000 -0.010000 -0.030000 -0.000000 -0.000000 0.000000 0.000000 0.000000 0.000000 0.000000 0.000000
3557.970327 0.010000 -0.010000 -0.000000 -0.000000 0.000000 0.000000 0.000000 0.000000 0.000000 0.000000 0.000000
3558.004343 0.010000 0.050000 -0.000000 0.000000 -0.000000 -0.000000 0.000000 0.000000 0.000000 0.000000 0.000000
3558.037671 0.010000 0.030000 -0.080000 0.000000 0.000000 0.000000 0.000000 0.000000 0.000000 0.000000 0.000000
3558.073114 -0.050000 -0.020000 -0.100000 -0.000000 -0.000000 0.000000 0.000000 0.000000 0.000000 0.000000 0.000000
3558.102951 -0.080000 -0.020000 0.040000 -0.000000 0.000000 -0.000000 0.000000 0.000000 0.000000 0.000000 0.000000
3558.129571 0.010000 -0.020000 0.060000 0.000000 -0.000000 -0.000000 0.000000 0.000000 0.000000 0.000000 0.000000
3558.164724 0.030000 0.030000 0.040000 0.000000 -0.000000 -0.000000 0.000000 0.000000 0.000000 0.000000 0.000000
3558.200278 0.030000 -0.010000 0.040000 -0.000000 -0.000000 -0.000000 0.000000 0.000000 0.000000 0.000000 0.000000
3558.229904 -0.020000 0.030000 0.080000 -0.000000 -0.000000 -0.000000 0.000000 0.000000 0.000000 0.000000 0.000000
3558.266132 0.020000 -0.030000 0.070000 -0.000000 -0.000000 -0.000000 0.000000 0.000000 0.000000 0.000000 0.000000
3558.301114 -0.010000 -0.060000 0.040000 0.000000 0.000000 -0.000000 0.000000 0.000000 0.000000 0.000000 0.000000
3558.329688 0.040000 0.010000 -0.050000 -0.000000 -0.000000 -0.000000 0.000000 0.000000 0.000000 0.000000 0.000000
3558.363313 -0.010000 -0.010000 -0.020000 0.000000 -0.000000 0.000000 0.000000 0.000000 0.000000 0.000000 0.000000
3558.393259 -0.010000 0.010000 -0.010000 -0.000000 0.000000 0.000000 0.000000 0.000000 0.000000 0.000000 0.000000
3558.419975 0.030000 0.020000 0.030000 0.000000 -0.000000 0.000000 0.000000 0.000000 0.000000 0.000000 0.000000
3558.454940 -0.060000 0.020000 -0.010000 0.000000 0.000000 -0.000000 0.000000 0.000000 0.000000 0.000000 0.000000
3558.488076 0.010000 0.030000 -0.080000 -0.000000 0.000000 0.000000 0.000000 0.000000 0.000000 0.000000 0.000000
