427.393791 -0.020000 0.010000 -8.690000 0.000000 -0.000000 0.000000 0.000000 0.000000 0.000000 0.000000 0.000000
427.434293 0.030000 0.020000 -7.780000 0.000000 -0.000000 0.000000 0.000000 0.000000 0.000000 0.000000 0.000000
427.473428 0.020000 0.150000 -6.750000 0.010000 -0.000000 -0.000000 0.000000 0.000000 0.000000 0.000000 0.000000
427.509101 -0.020000 -0.070000 -5.820000 -0.000000 -0.000000 0.000000 0.000000 0.000000 0.000000 0.000000 0.000000
427.538449 -0.020000 0.470000 -4.850000 0.000000 -0.000000 -0.020000 1.546501 0.276161 0.000000 9.230000 0.000000
427.571162 0.230000 0.690000 -4.100000 -0.010000 -0.010000 -0.070000 4.037994 0.144214 0.000000 14.460000 9.640000
427.600329 -0.250000 0.530000 -2.880000 -0.040000 -0.000000 -0.090000 7.268389 0.432642 0.000000 28.920000 14.460000
427.628078 0.550000 1.730000 -1.710000 0.020000 -0.010000 0.000000 10.053096 0.414092 0.000000 36.920000 23.080000
427.663459 0.420000 -0.160000 -1.120000 0.030000 0.030000 0.080000 10.498784 0.432642 0.000000 38.560000 24.100000
427.696167 0.230000 0.700000 0.850000 -0.000000 0.010000 0.060000 16.155326 0.000000 0.000000 48.210000 48.210000
427.733931 0.400000 -0.900000 -1.040000 0.130000 0.000000 -0.020000 15.346052 -0.144513 0.000000 43.380000 48.210000
427.769426 -0.480000 -0.020000 1.260000 -0.080000 0.030000 -0.040000 17.770524 0.000000 0.000000 53.030000 53.030000
427.807422 -0.620000 -0.790000 -0.180000 -0.130000 0.040000 0.100000 19.385721 0.000000 0.000000 57.850000 57.850000
427.843972 0.370000 -0.450000 -0.620000 0.020000 0.050000 -0.030000 20.880281 -0.138230 0.000000 60.000000 64.620000
427.876052 0.120000 -1.100000 0.240000 0.020000 0.080000 0.060000 21.808517 0.144214 0.000000 67.490000 62.670000
427.913663 -0.120000 0.370000 -0.500000 0.030000 0.040000 -0.030000 24.231314 0.000000 0.000000 72.310000 72.310000
427.946876 -0.080000 -1.070000 1.540000 -0.100000 0.080000 0.020000 23.199196 0.000000 0.000000 69.230000 69.230000
427.983421 -0.630000 -0.010000 -0.600000 0.030000 0.030000 -0.070000 23.973284 -0.138230 0.000000 69.230000 73.850000
428.019383 0.900000 -0.550000 -0.890000 0.000000 0.040000 -0.040000 25.846511 0.000000 0.000000 77.130000 77.130000
428.049685 -0.270000 0.110000 1.680000 -0.080000 0.020000 -0.010000 25.846511 0.000000 0.000000 77.130000 77.130000
428.079470 -0.360000 -0.880000 -2.380000 0.130000 0.110000 0.090000 26.292198 0.000000 0.000000 78.460000 78.460000
428.112408 -0.450000 -0.020000 0.410000 0.160000 0.040000 -0.060000 28.269307 0.144214 0.000000 86.770000 81.950000
428.153617 -0.560000 0.510000 2.010000 -0.110000 -0.020000 0.150000 28.269307 -0.144214 0.000000 81.950000 86.770000
428.189148 -0.070000 0.130000 0.270000 -0.110000 -0.020000 -0.090000 27.461709 0.000000 0.000000 81.950000 81.950000
428.219046 -0.490000 -0.120000 -2.140000 0.010000 -0.060000 -0.010000 29.076906 0.000000 0.000000 86.770000 86.770000
428.255820 0.200000 -1.230000 -0.800000 0.020000 0.080000 0.030000 30.692104 0.000000 0.000000 91.590000 91.590000
428.291628 -0.560000 0.620000 -0.830000 -0.020000 0.010000 -0.000000 27.840375 0.000000 0.000000 83.080000 83.080000
428.329171 -0.570000 -0.240000 1.180000 -0.110000 0.000000 0.040000 26.654110 0.144214 0.000000 81.950000 77.130000
428.356878 0.720000 -0.020000 -1.830000 0.150000 -0.000000 0.040000 29.884505 -0.144214 0.000000 86.770000 91.590000
428.393785 0.370000 -0.090000 -1.270000 0.150000 0.110000 0.020000 28.612788 0.137931 0.000000 87.690000 83.080000
428.429970 0.110000 0.290000 1.890000 -0.020000 0.010000 0.010000 27.840375 0.000000 0.000000 83.080000 83.080000
428.458159 0.030000 -1.260000 -1.970000 0.100000 0.100000 -0.000000 29.884505 -0.144214 0.000000 86.770000 91.590000
428.494287 -0.260000 0.730000 0.980000 -0.050000 0.030000 0.000000 29.076906 -0.288428 0.000000 81.950000 91.590000
428.528745 1.050000 -0.220000 -1.600000 0.210000 0.050000 -0.040000 27.840375 0.000000 0.000000 83.080000 83.080000
428.567931 -0.370000 0.160000 3.190000 0.090000 -0.020000 0.110000 29.884505 0.144214 0.000000 91.590000 86.770000
428.603743 0.330000 0.570000 0.430000 -0.070000 0.060000 -0.020000 29.076906 0.000000 0.000000 86.770000 86.770000
428.638235 0.320000 0.490000 -1.130000 0.000000 0.010000 -0.080000 28.269307 -0.144214 0.000000 81.950000 86.770000
428.671559 0.240000 0.140000 1.330000 -0.120000 0.000000 0.110000 30.692104 0.000000 0.000000 91.590000 91.590000
428.705432 -0.140000 0.510000 0.530000 -0.030000 -0.040000 -0.040000 29.884505 -0.144214 0.000000 86.770000 91.590000
428.744469 -1.340000 -0.170000 0.550000 -0.270000 -0.020000 0.030000 27.840375 0.000000 0.000000 83.080000 83.080000
428.777074 3.650000 1.620000 45.510000 0.090000 -0.000000 -0.010000 28.269307 0.144214 0.000000 86.770000 81.950000
428.813127 -0.170000 -0.260000 -3.490000 0.110000 -0.020000 0.030000 29.076906 -0.288428 0.000000 81.950000 91.590000
428.844166 -0.480000 -0.390000 -3.940000 -0.090000 -0.060000 0.030000 28.612788 0.137931 0.000000 87.690000 83.080000
428.884326 -0.680000 -0.250000 -5.820000 -0.010000 -0.080000 -0.100000 28.612788 0.137931 0.000000 87.690000 83.080000
428.921250 -0.540000 -0.720000 -4.590000 0.120000 0.020000 0.050000 29.884505 -0.144214 0.000000 86.770000 91.590000
428.951187 -0.040000 -1.030000 -5.890000 0.100000 0.020000 -0.030000 29.076906 0.288428 0.000000 91.590000 81.950000
428.987430 -1.070000 -0.410000 -4.000000 -0.050000 0.070000 0.040000 28.612788 -0.137931 0.000000 83.080000 87.690000
429.020586 -0.240000 0.860000 -6.500000 0.090000 -0.000000 0.140000 29.884505 0.144214 0.000000 91.590000 86.770000
429.057208 -0.920000 -0.260000 -6.160000 0.130000 0.040000 -0.100000 29.884505 0.144214 0.000000 91.590000 86.770000
429.098588 -1.840000 -0.030000 -3.730000 -0.040000 -0.040000 0.090000 28.269307 -0.144214 0.000000 81.950000 86.770000
429.131851 0.270000 -0.350000 -2.300000 0.090000 0.070000 -0.040000 27.651042 -0.033810 0.000000 81.950000 83.080000
429.162138 0.460000 0.160000 1.680000 -0.020000 0.040000 0.000000 30.692104 0.000000 0.000000 91.590000 91.590000
429.190298 1.130000 -0.350000 -1.940000 0.160000 0.040000 0.070000 27.840375 0.000000 0.000000 83.080000 83.080000
429.224965 0.180000 0.530000 1.220000 0.120000 -0.060000 -0.020000 29.076906 0.000000 0.000000 86.770000 86.770000
429.258596 0.340000 0.190000 -1.010000 -0.110000 0.000000 0.040000 29.884505 0.144214 0.000000 91.590000 86.770000
429.296779 1.520000 0.770000 -0.830000 0.020000 0.010000 -0.040000 28.612788 -0.137931 0.000000 83.080000 87.690000
429.331688 0.520000 -0.600000 1.190000 -0.130000 -0.040000 -0.020000 28.612788 -0.137931 0.000000 83.080000 87.690000
429.359960 0.250000 0.420000 0.150000 -0.050000 -0.120000 0.060000 29.884505 0.144214 0.000000 91.590000 86.770000
429.397051 -0.360000 0.510000 0.130000 -0.270000 -0.040000 -0.050000 29.076906 0.000000 0.000000 86.770000 86.770000
429.433183 -0.540000 -0.240000 -2.140000 0.040000 -0.010000 0.050000 28.612788 0.137931 0.000000 87.690000 83.080000
429.464873 0.320000 0.830000 0.730000 0.120000 -0.080000 0.020000 29.884505 -0.144214 0.000000 86.770000 91.590000
429.497899 -0.410000 -0.670000 0.710000 -0.070000 -0.100000 -0.030000 29.884505 0.144214 0.000000 91.590000 86.770000
429.533085 -0.150000 -0.050000 -0.360000 0.010000 -0.060000 0.060000 27.461709 0.000000 0.000000 81.950000 81.950000
429.565782 -1.070000 -0.370000 0.710000 0.100000 -0.000000 0.000000 29.385201 0.000000 0.000000 87.690000 87.690000
429.603345 -0.570000 -1.030000 -0.960000 0.060000 0.040000 0.040000 29.884505 -0.144214 0.000000 86.770000 91.590000
429.638858 0.140000 -0.530000 2.190000 -0.150000 0.150000 -0.010000 27.840375 0.000000 0.000000 83.080000 83.080000
429.671269 -0.170000 0.340000 -2.180000 0.160000 0.050000 0.040000 28.269307 0.144214 0.000000 86.770000 81.950000
429.704394 -0.310000 -0.750000 0.260000 0.170000 0.170000 0.100000 29.884505 0.144214 0.000000 91.590000 86.770000
429.736721 -0.540000 0.240000 0.910000 -0.040000 0.070000 -0.100000 29.266239 -0.254619 0.000000 83.080000 91.590000
429.774796 0.020000 -1.150000 -2.530000 0.090000 0.180000 0.060000 27.840375 0.000000 0.000000 83.080000 83.080000
429.808820 0.250000 0.450000 1.930000 -0.020000 0.020000 -0.030000 29.884505 0.144214 0.000000 91.590000 86.770000
429.845547 1.010000 -0.030000 -2.720000 0.140000 0.100000 -0.070000 29.884505 -0.144214 0.000000 86.770000 91.590000
429.880342 0.540000 1.010000 2.880000 0.110000 -0.080000 0.050000 28.612788 0.137931 0.000000 87.690000 83.080000
429.908452 -0.120000 0.880000 -0.090000 -0.090000 0.040000 -0.070000 29.076906 0.000000 0.000000 86.770000 86.770000
429.944249 0.540000 0.380000 -1.390000 -0.070000 0.010000 0.020000 29.076906 0.000000 0.000000 86.770000 86.770000
429.977375 0.910000 0.590000 0.930000 -0.060000 0.020000 -0.110000 28.269307 -0.144214 0.000000 81.950000 86.770000
430.013857 0.060000 -0.070000 -0.230000 0.010000 -0.090000 -0.020000 28.612788 0.137931 0.000000 87.690000 83.080000
430.049281 -0.160000 0.830000 0.950000 -0.290000 -0.090000 0.080000 29.076906 0.000000 0.000000 86.770000 86.770000
430.077152 0.270000 0.870000 -2.350000 0.060000 -0.100000 -0.010000 28.612788 -0.137931 0.000000 83.080000 87.690000
430.113674 -0.540000 -0.940000 -0.830000 0.200000 -0.050000 0.050000 27.461709 0.000000 0.000000 81.950000 81.950000
430.150349 0.750000 0.130000 2.010000 0.030000 -0.020000 -0.090000 29.884505 0.144214 0.000000 91.590000 86.770000
430.179446 -0.500000 -0.540000 -0.170000 0.030000 -0.060000 -0.030000 29.076906 0.000000 0.000000 86.770000 86.770000
430.213104 -0.560000 0.280000 1.530000 0.070000 -0.110000 0.160000 28.612788 0.137931 0.000000 87.690000 83.080000
430.245072 -0.410000 -0.270000 -0.470000 0.120000 -0.020000 -0.020000 29.076906 0.000000 0.000000 86.770000 86.770000
430.281605 -0.460000 -0.420000 1.820000 0.050000 -0.080000 0.090000 28.269307 -0.144214 0.000000 81.950000 86.770000
430.309817 0.190000 0.220000 1.730000 -0.040000 0.030000 -0.020000 28.612788 0.137931 0.000000 87.690000 83.080000
430.343503 -0.300000 0.980000 -0.920000 0.070000 -0.140000 -0.030000 28.458641 0.110405 0.000000 86.770000 83.080000
430.383161 0.130000 0.240000 1.240000 -0.120000 -0.100000 0.040000 29.076906 0.000000 0.000000 86.770000 86.770000
430.412713 -0.260000 0.270000 -1.480000 0.050000 -0.070000 0.010000 29.076906 0.000000 0.000000 86.770000 86.770000
430.442455 -0.380000 -1.210000 -0.610000 -0.000000 0.070000 0.080000 27.840375 0.000000 0.000000 83.080000 83.080000
430.471539 0.550000 0.300000 -2.350000 0.130000 0.050000 -0.050000 29.884505 0.144214 0.000000 91.590000 86.770000
430.499172 0.410000 -0.380000 -0.290000 0.150000 0.030000 0.000000 27.840375 0.000000 0.000000 83.080000 83.080000
430.530976 0.130000 0.190000 1.720000 -0.120000 0.050000 0.090000 29.076906 0.000000 0.000000 86.770000 86.770000
430.561367 -0.360000 -0.930000 0.420000 -0.150000 0.060000 -0.080000 26.654110 -0.144214 0.000000 77.130000 81.950000
430.590667 -0.010000 -0.180000 -0.790000 0.020000 0.020000 0.020000 23.423715 -0.432642 0.000000 62.670000 77.130000
430.618535 -1.060000 -0.100000 0.560000 0.090000 0.060000 -0.010000 20.878606 -0.966713 0.000000 46.150000 78.460000
430.666883 -0.480000 -0.980000 -0.600000 0.020000 0.060000 -0.380000 18.576447 -1.009798 0.000000 38.560000 72.310000
430.715796 0.140000 -0.040000 0.860000 -0.090000 -0.060000 -0.620000 14.538453 -1.154012 0.000000 24.100000 62.670000
430.771375 0.710000 -0.920000 0.760000 -0.040000 -0.070000 -0.660000 12.373686 -1.380805 0.000000 13.850000 60.000000
430.815919 0.450000 -0.490000 -0.550000 0.020000 0.060000 -0.870000 9.280684 -1.380805 0.000000 4.620000 50.770000
430.851618 1.100000 0.280000 -0.410000 -0.020000 0.020000 -1.210000 8.077663 -1.442440 0.000000 0.000000 48.210000
430.887729 0.230000 0.800000 0.130000 0.080000 -0.120000 -1.360000 7.268389 -1.297927 0.000000 0.000000 43.380000
430.924877 -0.260000 0.830000 0.500000 -0.020000 -0.000000 -1.250000 6.960094 -1.242874 0.000000 0.000000 41.540000
430.961805 -0.030000 0.300000 -0.710000 0.020000 -0.030000 -1.390000 5.653191 -1.586355 0.000000 -9.640000 43.380000
430.992581 -0.070000 0.350000 -0.090000 -0.010000 -0.020000 -1.460000 5.721887 -1.574088 0.000000 -9.230000 43.380000
431.021736 0.060000 0.490000 0.300000 -0.000000 -0.010000 -1.460000 4.037994 -1.586355 0.000000 -14.460000 38.560000
431.052218 -0.460000 0.340000 -0.080000 -0.010000 -0.020000 -1.550000 4.845593 -1.730569 0.000000 -14.460000 43.380000
431.082340 -0.140000 0.520000 -0.180000 -0.030000 -0.010000 -1.620000 3.230395 -1.730569 0.000000 -19.280000 38.560000
431.112420 -0.010000 0.170000 -0.190000 -0.020000 -0.010000 -1.650000 2.318914 -1.795196 0.000000 -23.080000 36.920000
431.142090 0.680000 0.200000 0.050000 0.000000 -0.030000 -1.750000 2.422796 -1.874783 0.000000 -24.100000 38.560000
431.172703 -0.680000 0.110000 -0.040000 -0.020000 -0.060000 -1.760000 2.422796 -1.874783 0.000000 -24.100000 38.560000
431.203245 0.350000 0.120000 -0.350000 -0.020000 -0.060000 -1.850000 2.320590 -2.071357 0.000000 -27.690000 41.540000
431.233236 -0.210000 -0.010000 -0.260000 0.000000 -0.020000 -1.770000 4.639504 -1.933127 0.000000 -18.460000 46.150000
431.271808 0.320000 0.050000 -0.230000 0.020000 -0.040000 -1.840000 1.615198 -2.018997 0.000000 -28.920000 38.560000
431.301644 -0.360000 0.210000 0.710000 -0.010000 -0.050000 -1.910000 3.230395 -2.018997 0.000000 -24.100000 43.380000
431.331862 -0.270000 -0.150000 -0.070000 -0.010000 -0.010000 -1.840000 2.320590 -2.071357 0.000000 -27.690000 41.540000
431.359652 0.800000 0.370000 0.360000 0.010000 -0.030000 -1.990000 1.615198 -2.018997 0.000000 -28.920000 38.560000
431.400247 -0.570000 -0.120000 -0.130000 -0.020000 -0.070000 -1.950000 1.615198 -2.307425 0.000000 -33.740000 43.380000
431.437568 -0.500000 -0.550000 0.010000 -0.050000 -0.030000 -1.970000 1.615198 -2.018997 0.000000 -28.920000 38.560000
431.471931 0.040000 0.180000 -0.030000 -0.010000 -0.040000 -1.890000 0.807599 -2.163211 0.000000 -33.740000 38.560000
431.510128 0.180000 -0.330000 0.220000 -0.030000 -0.040000 -1.990000 0.807599 -2.451639 0.000000 -38.560000 43.380000
431.539436 0.450000 0.390000 0.410000 -0.060000 0.020000 -2.010000 2.320590 -2.071357 0.000000 -27.690000 41.540000
431.578600 0.580000 -0.080000 -0.680000 -0.020000 -0.010000 -1.970000 2.422796 -1.874783 0.000000 -24.100000 38.560000
431.615380 0.460000 0.120000 -0.670000 -0.010000 -0.020000 -1.980000 1.615198 -2.307425 0.000000 -33.740000 43.380000
431.648493 -0.680000 -0.310000 0.030000 -0.020000 -0.030000 -1.980000 1.546501 -1.933127 0.000000 -27.690000 36.920000
431.685859 0.130000 0.380000 -0.320000 -0.020000 -0.010000 -2.010000 2.320590 -2.071357 0.000000 -27.690000 41.540000
431.721950 -0.260000 0.030000 0.050000 0.000000 -0.040000 -1.910000 2.422796 -2.163211 0.000000 -28.920000 43.380000
431.752783 -0.390000 -0.090000 0.580000 -0.040000 -0.060000 -1.940000 2.422796 -2.163211 0.000000 -28.920000 43.380000
431.780600 0.100000 0.440000 0.070000 0.000000 -0.030000 -1.980000 0.772413 -2.071357 0.000000 -32.310000 36.920000
431.811616 -0.200000 -0.830000 -0.140000 -0.010000 -0.050000 -1.980000 -0.807599 -2.451639 0.000000 -43.380000 38.560000
431.841486 -0.330000 0.070000 0.210000 -0.040000 -0.050000 -2.020000 2.422796 -2.163211 0.000000 -28.920000 43.380000
431.879182 -0.180000 0.010000 0.180000 -0.010000 -0.010000 -1.950000 0.807599 -2.451639 0.000000 -38.560000 43.380000
431.918434 0.480000 -0.100000 -0.110000 -0.020000 -0.010000 -1.980000 1.340413 -1.969928 0.000000 -28.920000 36.920000
431.953334 -0.590000 0.250000 0.230000 -0.010000 -0.030000 -1.940000 1.615198 -1.730569 0.000000 -24.100000 33.740000
431.985190 0.150000 -0.330000 0.060000 -0.010000 -0.020000 -1.980000 0.772413 -2.071357 0.000000 -32.310000 36.920000
432.022430 0.460000 0.050000 -0.030000 -0.020000 -0.020000 -2.100000 1.615198 -2.307425 0.000000 -33.740000 43.380000
432.053980 -0.540000 -0.340000 -0.040000 -0.030000 -0.000000 -1.990000 1.615198 -2.018997 0.000000 -28.920000 38.560000
432.091095 -0.160000 0.120000 0.190000 -0.020000 -0.000000 -1.930000 3.867091 -2.347518 0.000000 -27.690000 50.770000
432.120698 0.250000 0.390000 -0.090000 -0.010000 -0.050000 -1.970000 1.546501 -1.933127 0.000000 -27.690000 36.920000
432.151604 0.090000 -0.400000 -0.080000 -0.010000 -0.030000 -2.020000 1.615198 -2.018997 0.000000 -28.920000 38.560000
432.179308 0.630000 0.800000 0.240000 -0.000000 0.020000 -1.950000 2.422796 -2.163211 0.000000 -28.920000 43.380000
432.215542 -0.230000 -0.240000 -0.270000 -0.020000 -0.020000 -1.980000 3.093003 -2.485748 0.000000 -32.310000 50.770000
432.253692 -0.330000 0.080000 -0.780000 -0.020000 -0.040000 -1.930000 2.422796 -2.163211 0.000000 -28.920000 43.380000
432.290309 -0.020000 -0.570000 0.730000 -0.010000 -0.020000 -1.790000 2.422796 -2.163211 0.000000 -28.920000 43.380000
432.320680 0.500000 0.250000 -0.210000 -0.030000 0.010000 -1.910000 1.615198 -2.018997 0.000000 -28.920000 38.560000
432.351248 -0.550000 -0.180000 -0.220000 0.000000 -0.030000 -1.960000 1.546501 -1.933127 0.000000 -27.690000 36.920000
432.379420 -0.190000 -0.110000 0.210000 -0.000000 0.010000 -1.930000 1.615198 -2.307425 0.000000 -33.740000 43.380000
432.417147 0.290000 -0.150000 -0.500000 0.010000 -0.020000 -1.940000 2.320590 -2.071357 0.000000 -27.690000 41.540000
432.455221 -0.880000 -0.520000 0.130000 -0.030000 -0.020000 -1.950000 2.422796 -2.163211 0.000000 -28.920000 43.380000
432.489407 0.230000 0.480000 0.390000 -0.010000 -0.030000 -1.970000 0.807599 -2.163211 0.000000 -33.740000 38.560000
432.523635 0.780000 0.100000 -0.090000 -0.000000 -0.020000 -1.920000 2.628885 -2.126409 0.000000 -27.690000 43.380000
432.560652 -0.050000 -0.130000 -0.090000 -0.030000 -0.030000 -1.930000 1.546501 -1.933127 0.000000 -27.690000 36.920000
432.589896 0.060000 0.160000 -0.250000 0.020000 -0.030000 -1.930000 1.615198 -2.307425 0.000000 -33.740000 43.380000
432.623278 0.310000 -0.320000 -0.080000 -0.010000 0.000000 -1.990000 1.615198 -2.307425 0.000000 -33.740000 43.380000
432.657928 -0.330000 0.350000 0.620000 0.000000 -0.030000 -1.980000 2.320590 -2.071357 0.000000 -27.690000 41.540000
432.695807 0.050000 0.030000 -0.250000 0.000000 -0.020000 -1.950000 1.615198 -2.307425 0.000000 -33.740000 43.380000
432.731859 0.580000 -0.170000 0.390000 0.000000 -0.030000 -2.050000 2.422796 -2.163211 0.000000 -28.920000 43.380000
432.761445 -0.020000 0.010000 0.290000 0.010000 -0.030000 -1.990000 0.807599 -2.163211 0.000000 -33.740000 38.560000
432.789935 0.020000 -0.170000 -0.230000 -0.020000 -0.020000 -1.960000 3.093003 -1.656966 0.000000 -18.460000 36.920000
432.828277 0.130000 0.110000 -0.020000 0.000000 -0.010000 -2.060000 3.230395 -2.018997 0.000000 -24.100000 43.380000
432.862460 -0.380000 -0.240000 -0.460000 -0.020000 -0.010000 -1.950000 2.320590 -2.071357 0.000000 -27.690000 41.540000
432.893086 0.000000 -0.010000 0.610000 -0.000000 -0.050000 -1.900000 2.422796 -2.163211 0.000000 -28.920000 43.380000
432.923086 0.400000 0.280000 0.210000 0.000000 -0.030000 -1.970000 2.422796 -2.163211 0.000000 -28.920000 43.380000
432.953652 -0.190000 -0.600000 -0.680000 -0.010000 -0.020000 -1.990000 2.422796 -2.163211 0.000000 -28.920000 43.380000
432.989158 -0.830000 0.210000 -0.210000 0.020000 -0.020000 -1.910000 2.320590 -2.071357 0.000000 -27.690000 41.540000
433.025210 0.150000 -0.370000 0.230000 0.010000 -0.030000 -1.940000 2.422796 -2.163211 0.000000 -28.920000 43.380000
433.060830 -0.240000 0.510000 0.000000 -0.020000 -0.010000 -1.910000 2.422796 -2.163211 0.000000 -28.920000 43.380000
433.088692 0.200000 -0.230000 0.090000 0.010000 -0.030000 -1.850000 1.546501 -1.933127 0.000000 -27.690000 36.920000
433.124558 0.110000 -0.100000 -0.010000 -0.020000 -0.060000 -1.950000 2.320590 -2.071357 0.000000 -27.690000 41.540000
433.159418 -0.380000 0.040000 -0.330000 -0.030000 -0.060000 -1.870000 2.422796 -2.163211 0.000000 -28.920000 43.380000
433.195846 0.490000 -0.130000 -0.100000 -0.020000 -0.030000 -1.900000 1.615198 -2.018997 0.000000 -28.920000 38.560000
433.232154 0.060000 0.220000 0.300000 -0.010000 -0.040000 -1.880000 2.320590 -2.071357 0.000000 -27.690000 41.540000
433.261050 -0.070000 -0.200000 0.330000 -0.020000 -0.050000 -1.880000 1.615198 -2.307425 0.000000 -33.740000 43.380000
433.291506 0.620000 0.030000 0.110000 -0.040000 0.010000 -1.950000 1.821286 -1.982195 0.000000 -27.690000 38.560000
433.323723 -0.070000 -0.040000 -0.670000 -0.010000 -0.020000 -1.980000 2.422796 -2.163211 0.000000 -28.920000 43.380000
433.359807 -0.700000 0.060000 -0.260000 0.000000 -0.070000 -1.880000 2.422796 -2.163211 0.000000 -28.920000 43.380000
433.396093 0.900000 0.240000 0.550000 -0.020000 -0.010000 -1.930000 1.615198 -2.307425 0.000000 -33.740000 43.380000
433.432372 0.130000 -0.090000 -0.110000 -0.010000 -0.030000 -2.000000 0.772413 -1.519035 0.000000 -23.080000 27.690000
433.460897 -0.630000 -0.040000 0.370000 -0.010000 -0.050000 -1.920000 2.422796 -2.163211 0.000000 -28.920000 43.380000
433.500825 0.080000 -0.070000 -0.200000 -0.010000 -0.030000 -1.980000 2.422796 -2.163211 0.000000 -28.920000 43.380000
433.530742 -0.160000 0.120000 0.360000 -0.020000 -0.020000 -2.010000 1.546501 -2.209587 0.000000 -32.310000 41.540000
433.560693 -0.660000 -0.530000 0.130000 -0.020000 -0.020000 -1.890000 1.546501 -1.933127 0.000000 -27.690000 36.920000
433.589887 0.450000 0.310000 -0.500000 0.000000 -0.010000 -1.930000 2.422796 -2.163211 0.000000 -28.920000 43.380000
433.619326 0.050000 0.460000 0.330000 -0.010000 -0.030000 -2.020000 2.422796 -2.163211 0.000000 -28.920000 43.380000
433.657191 -0.600000 -0.320000 0.300000 -0.050000 -0.050000 -1.970000 3.093003 -1.933426 0.000000 -23.080000 41.540000
433.690163 -0.180000 0.420000 -0.790000 0.000000 0.010000 -1.910000 1.615198 -2.307425 0.000000 -33.740000 43.380000
433.725750 0.370000 -0.100000 0.150000 -0.010000 0.010000 -1.990000 2.422796 -2.163211 0.000000 -28.920000 43.380000
433.762908 -0.040000 -0.010000 0.010000 -0.040000 -0.030000 -2.030000 1.615198 -2.018997 0.000000 -28.920000 38.560000
433.793219 -0.050000 0.200000 -0.020000 -0.000000 -0.010000 -1.950000 1.615198 -2.307425 0.000000 -33.740000 43.380000
433.822762 0.690000 0.020000 0.030000 -0.010000 -0.010000 -2.060000 1.615198 -2.307425 0.000000 -33.740000 43.380000
433.852804 -0.300000 0.050000 -0.000000 -0.020000 -0.030000 -2.010000 7.732507 -1.380805 0.000000 0.000000 46.150000
433.881670 0.150000 -0.090000 -0.090000 -0.010000 -0.030000 -1.940000 2.422796 -1.874783 0.000000 -24.100000 38.560000
433.919906 0.230000 -0.150000 -0.120000 -0.020000 -0.020000 -2.010000 2.424472 -2.451938 0.000000 -33.740000 48.210000
433.949492 -0.470000 0.080000 -0.520000 -0.000000 -0.010000 -2.080000 2.320590 -2.071357 0.000000 -27.690000 41.540000
433.984762 -0.130000 0.030000 0.380000 -0.020000 -0.020000 -1.960000 2.320590 -2.071357 0.000000 -27.690000 41.540000
434.022716 0.200000 0.130000 0.360000 -0.000000 -0.010000 -2.000000 2.422796 -2.163211 0.000000 -28.920000 43.380000
434.051280 -0.270000 -0.030000 -0.010000 -0.020000 0.000000 -2.040000 1.615198 -2.307425 0.000000 -33.740000 43.380000
434.082810 0.040000 0.080000 0.100000 0.000000 -0.030000 -2.010000 1.546501 -2.209587 0.000000 -32.310000 41.540000
434.117852 0.180000 0.140000 0.090000 0.020000 -0.020000 -1.990000 1.615198 -2.018997 0.000000 -28.920000 38.560000
434.154578 0.030000 -0.240000 -0.410000 0.010000 -0.020000 -1.940000 1.615198 -2.307425 0.000000 -33.740000 43.380000
434.187962 -0.450000 0.340000 0.380000 -0.010000 -0.010000 -1.930000 1.615198 -2.018997 0.000000 -28.920000 38.560000
434.227216 0.430000 -0.040000 -0.010000 -0.020000 -0.030000 -1.960000 2.422796 -2.163211 0.000000 -28.920000 43.380000
434.265245 0.350000 -0.080000 0.120000 0.010000 -0.070000 -2.040000 1.615198 -2.307425 0.000000 -33.740000 43.380000
434.299499 -0.680000 -0.240000 -0.100000 -0.010000 -0.020000 -1.990000 3.093003 -1.933426 0.000000 -23.080000 41.540000
434.333505 0.330000 0.000000 -0.200000 -0.030000 -0.030000 -1.960000 1.615198 -2.307425 0.000000 -33.740000 43.380000
434.369975 -0.160000 -0.260000 0.080000 0.000000 -0.020000 -1.920000 1.615198 -2.307425 0.000000 -33.740000 43.380000
434.409301 -0.370000 -0.310000 0.070000 -0.010000 -0.000000 -1.890000 3.093003 -1.933426 0.000000 -23.080000 41.540000
434.438906 0.410000 0.820000 -0.200000 0.000000 -0.020000 -2.000000 1.546501 -2.209587 0.000000 -32.310000 41.540000
434.471917 0.260000 -0.350000 0.130000 -0.000000 -0.050000 -2.040000 2.422796 -2.163211 0.000000 -28.920000 43.380000
434.503917 -0.100000 0.170000 -0.070000 -0.050000 -0.020000 -1.940000 1.615198 -2.307425 0.000000 -33.740000 43.380000
434.537445 0.180000 0.000000 -0.260000 -0.010000 -0.010000 -1.980000 1.546501 -1.933127 0.000000 -27.690000 36.920000
434.574636 -0.180000 -0.180000 0.160000 0.030000 -0.070000 -1.990000 1.615198 -2.307425 0.000000 -33.740000 43.380000
434.610732 -0.330000 -0.190000 0.370000 -0.010000 -0.000000 -1.920000 1.615198 -2.307425 0.000000 -33.740000 43.380000
434.645774 0.460000 0.450000 -0.150000 -0.000000 -0.020000 -1.960000 1.615198 -2.018997 0.000000 -28.920000 38.560000
434.682765 0.380000 0.400000 0.430000 0.000000 -0.070000 -2.030000 1.306903 -2.252372 0.000000 -33.740000 41.540000
434.712604 -0.360000 -0.480000 -0.070000 0.000000 -0.030000 -1.980000 1.615198 -2.018997 0.000000 -28.920000 38.560000
434.749730 4.830000 1.730000 62.490000 -0.010000 -0.020000 -1.960000 3.093003 -2.209288 0.000000 -27.690000 46.150000
434.787435 -1.130000 -0.340000 -6.940000 -0.020000 -0.060000 -2.010000 2.422796 -2.163211 0.000000 -28.920000 43.380000
434.826606 -0.530000 -0.400000 -7.170000 -0.000000 -0.040000 -2.030000 1.615198 -2.018997 0.000000 -28.920000 38.560000
434.864441 -0.520000 0.170000 -6.760000 0.010000 -0.020000 -1.940000 2.320590 -2.071357 0.000000 -27.690000 41.540000
434.897560 -0.260000 -0.180000 -6.970000 0.020000 -0.020000 -2.000000 2.320590 -2.071357 0.000000 -27.690000 41.540000
434.935720 -0.340000 -0.130000 -6.840000 -0.000000 -0.040000 -2.080000 1.615198 -2.307425 0.000000 -33.740000 43.380000
434.972054 -1.370000 -0.470000 -7.050000 -0.020000 -0.040000 -1.990000 1.615198 -2.307425 0.000000 -33.740000 43.380000
435.002219 0.090000 -0.160000 -7.100000 -0.030000 -0.010000 -1.970000 3.867091 -1.795196 0.000000 -18.460000 41.540000
435.032659 -0.470000 -0.190000 -7.410000 0.010000 -0.030000 -2.020000 0.807599 -2.163211 0.000000 -33.740000 38.560000
435.064587 -1.460000 -0.480000 -6.710000 0.020000 -0.050000 -2.020000 2.422796 -2.163211 0.000000 -28.920000 43.380000
435.101080 -0.440000 0.320000 0.390000 -0.010000 -0.030000 -1.960000 1.615198 -2.018997 0.000000 -28.920000 38.560000
435.133893 0.220000 0.120000 -0.040000 -0.030000 -0.010000 -2.030000 1.546501 -2.209587 0.000000 -32.310000 41.540000
435.169139 0.010000 -0.170000 -0.220000 0.020000 -0.030000 -2.030000 2.424472 -2.740366 0.000000 -38.560000 53.030000
435.204685 -0.210000 -0.100000 0.500000 -0.040000 -0.010000 -1.960000 2.318914 -1.795196 0.000000 -23.080000 36.920000
435.242239 1.100000 0.060000 -0.550000 -0.010000 -0.030000 -2.030000 1.615198 -1.730569 0.000000 -24.100000 33.740000
435.279752 0.320000 0.060000 0.100000 0.020000 -0.040000 -2.080000 2.422796 -2.163211 0.000000 -28.920000 43.380000
435.313869 -0.630000 -0.530000 -0.010000 -0.020000 -0.020000 -1.970000 1.615198 -2.307425 0.000000 -33.740000 43.380000
435.350927 -0.140000 0.060000 0.100000 -0.000000 -0.020000 -1.900000 2.318914 -1.795196 0.000000 -23.080000 36.920000
435.378791 0.460000 0.070000 -0.230000 0.000000 -0.020000 -1.940000 2.422796 -2.163211 0.000000 -28.920000 43.380000
435.417936 0.210000 -0.170000 0.120000 -0.040000 -0.020000 -2.030000 2.422796 -2.163211 0.000000 -28.920000 43.380000
435.457336 -0.240000 0.080000 -0.190000 0.010000 -0.030000 -1.940000 1.546501 -2.209587 0.000000 -32.310000 41.540000
435.490568 0.010000 -0.110000 -0.020000 -0.030000 -0.010000 -1.990000 2.422796 -2.163211 0.000000 -28.920000 43.380000
435.521083 -0.400000 0.180000 -0.300000 -0.010000 -0.020000 -2.020000 2.422796 -1.874783 0.000000 -24.100000 38.560000
435.549458 -0.670000 -0.690000 0.440000 -0.040000 0.010000 -1.950000 0.807599 -2.451639 0.000000 -38.560000 43.380000
435.584580 0.190000 0.600000 0.450000 -0.020000 -0.020000 -1.960000 2.320590 -2.071357 0.000000 -27.690000 41.540000
435.617790 0.200000 -0.030000 -0.340000 -0.010000 -0.010000 -2.040000 2.422796 -2.163211 0.000000 -28.920000 43.380000
435.652246 0.160000 0.370000 0.130000 -0.020000 -0.060000 -2.000000 0.774088 -2.347518 0.000000 -36.920000 41.540000
435.679929 0.450000 -0.140000 0.240000 0.000000 -0.040000 -1.950000 3.230395 -2.018997 0.000000 -24.100000 43.380000
435.717347 -0.090000 -0.130000 -0.120000 -0.010000 -0.020000 -2.040000 0.000000 -1.730569 0.000000 -28.920000 28.920000
435.754541 -0.030000 -0.300000 -0.060000 -0.000000 -0.020000 -2.050000 0.000000 -1.730569 0.000000 -28.920000 28.920000
435.787772 -0.260000 -0.030000 -0.010000 -0.020000 -0.010000 -1.960000 2.320590 -2.071357 0.000000 -27.690000 41.540000
435.824704 0.330000 -0.270000 0.350000 -0.020000 -0.020000 -2.020000 -1.615198 -2.018997 0.000000 -38.560000 28.920000
435.862352 -0.300000 -0.010000 -0.770000 -0.020000 -0.020000 -1.960000 1.615198 -2.307425 0.000000 -33.740000 43.380000
435.892883 0.350000 0.080000 0.080000 -0.000000 -0.000000 -1.930000 0.772413 -2.071357 0.000000 -32.310000 36.920000
435.920585 0.500000 0.530000 0.460000 0.020000 -0.030000 -1.940000 2.320590 -2.071357 0.000000 -27.690000 41.540000
435.952214 -0.670000 -0.090000 -0.260000 -0.010000 -0.030000 -1.960000 0.807599 -2.163211 0.000000 -33.740000 38.560000
435.981819 -0.210000 0.180000 0.030000 0.000000 -0.020000 -1.960000 2.422796 -2.163211 0.000000 -28.920000 43.380000
436.016370 0.090000 -0.170000 -0.020000 -0.010000 -0.040000 -1.920000 1.546501 -2.209587 0.000000 -32.310000 41.540000
436.052213 0.520000 0.030000 0.340000 -0.030000 -0.050000 -2.010000 2.422796 -2.163211 0.000000 -28.920000 43.380000
436.082633 -0.260000 0.280000 0.050000 -0.020000 -0.040000 -1.900000 3.438159 -2.270923 0.000000 -27.690000 48.210000
436.117965 0.390000 -0.250000 -0.620000 0.020000 -0.040000 -1.950000 2.422796 -2.163211 0.000000 -28.920000 43.380000
436.151203 0.180000 0.210000 0.010000 0.020000 -0.010000 -1.950000 4.037994 -1.874783 0.000000 -19.280000 43.380000
436.189910 -0.620000 -0.340000 -0.400000 -0.000000 -0.020000 -1.950000 3.230395 -2.018997 0.000000 -24.100000 43.380000
436.218289 0.700000 0.330000 -0.090000 -0.010000 -0.050000 -2.080000 2.320590 -2.071357 0.000000 -27.690000 41.540000
436.255983 -0.080000 -0.260000 0.020000 0.010000 -0.060000 -1.980000 1.615198 -2.307425 0.000000 -33.740000 43.380000
436.292571 -0.450000 -0.300000 0.260000 -0.030000 -0.010000 -1.970000 2.422796 -2.163211 0.000000 -28.920000 43.380000
436.321526 0.080000 0.390000 0.100000 -0.000000 -0.020000 -1.980000 0.772413 -2.071357 0.000000 -32.310000 36.920000
436.352191 0.190000 -0.450000 0.030000 -0.040000 -0.030000 -2.040000 3.093003 -2.209288 0.000000 -27.690000 46.150000
436.382083 0.020000 0.270000 -0.730000 0.000000 -0.030000 -1.960000 4.847268 -2.307724 0.000000 -24.100000 53.030000
436.412176 0.180000 0.210000 0.330000 0.000000 0.010000 -1.940000 2.422796 -2.163211 0.000000 -28.920000 43.380000
436.440897 0.310000 -0.110000 -0.020000 -0.000000 -0.040000 -2.060000 1.546501 -2.209587 0.000000 -32.310000 41.540000
436.473170 -0.490000 -0.040000 0.290000 -0.020000 -0.060000 -1.950000 2.422796 -2.163211 0.000000 -28.920000 43.380000
436.503775 0.320000 0.090000 0.140000 -0.010000 -0.040000 -2.000000 2.422796 -2.163211 0.000000 -28.920000 43.380000
436.542112 0.490000 0.190000 0.200000 -0.010000 -0.060000 -2.090000 2.422796 -2.163211 0.000000 -28.920000 43.380000
436.570788 -0.800000 -0.610000 -0.010000 -0.010000 -0.030000 -1.940000 3.232071 -2.307724 0.000000 -28.920000 48.210000
436.602385 0.430000 0.070000 -0.500000 -0.020000 -0.000000 -1.930000 2.422796 -2.163211 0.000000 -28.920000 43.380000
436.637064 0.400000 0.430000 0.260000 -0.020000 -0.020000 -1.980000 0.772413 -2.071357 0.000000 -32.310000 36.920000
436.673882 -0.200000 -0.570000 0.080000 -0.040000 -0.030000 -1.940000 1.615198 -2.018997 0.000000 -28.920000 38.560000
436.710585 0.210000 0.900000 -0.050000 0.010000 -0.040000 -1.950000 0.807599 -1.874783 0.000000 -28.920000 33.740000
436.739179 -0.210000 -0.410000 -0.000000 -0.030000 -0.040000 -1.910000 2.320590 -2.071357 0.000000 -27.690000 41.540000
436.774854 -0.220000 0.060000 0.410000 -0.050000 -0.050000 -1.880000 1.546501 -1.380805 0.000000 -18.460000 27.690000
436.813195 0.010000 0.170000 -0.460000 0.000000 -0.050000 -1.820000 1.615198 -2.018997 0.000000 -28.920000 38.560000
436.843303 -0.280000 -0.410000 0.660000 0.010000 -0.040000 -1.910000 2.422796 -2.163211 0.000000 -28.920000 43.380000
436.873587 -0.560000 0.570000 -0.140000 -0.040000 -0.010000 -1.920000 3.867091 -1.795196 0.000000 -18.460000 41.540000
436.910267 0.380000 -0.100000 -0.410000 -0.020000 -0.010000 -1.880000 1.615198 -2.018997 0.000000 -28.920000 38.560000
436.939507 -0.070000 0.270000 0.240000 -0.020000 -0.020000 -1.870000 2.422796 -2.163211 0.000000 -28.920000 43.380000
436.975761 0.170000 0.280000 -0.020000 -0.020000 -0.020000 -1.890000 1.615198 -2.307425 0.000000 -33.740000 43.380000
437.011523 0.290000 -0.290000 0.020000 -0.030000 -0.040000 -1.990000 2.422796 -2.163211 0.000000 -28.920000 43.380000
437.040978 -0.810000 -0.300000 -0.420000 -0.030000 -0.030000 -1.890000 3.230395 -2.018997 0.000000 -24.100000 43.380000
437.075489 0.320000 -0.020000 -0.280000 -0.010000 0.010000 -1.900000 2.320590 -2.071357 0.000000 -27.690000 41.540000
437.109977 0.210000 0.220000 0.290000 -0.020000 -0.020000 -1.970000 2.422796 -2.163211 0.000000 -28.920000 43.380000
437.146146 0.010000 -0.280000 0.080000 -0.040000 -0.010000 -1.950000 2.422796 -1.874783 0.000000 -24.100000 38.560000
437.183076 0.160000 0.340000 -0.040000 -0.020000 -0.010000 -2.030000 1.546501 -2.209587 0.000000 -32.310000 41.540000
437.214249 -0.350000 -0.190000 0.170000 -0.010000 -0.020000 -2.040000 2.320590 -2.071357 0.000000 -27.690000 41.540000
437.248679 0.030000 -0.040000 -0.210000 -0.040000 0.010000 -2.020000 2.422796 -2.163211 0.000000 -28.920000 43.380000
437.286100 0.250000 0.010000 0.030000 0.010000 0.000000 -1.960000 4.039669 -2.163510 0.000000 -24.100000 48.210000
437.322438 0.020000 0.280000 -0.010000 -0.000000 -0.000000 -2.050000 1.546501 -2.209587 0.000000 -32.310000 41.540000
437.352062 -0.350000 0.050000 0.580000 -0.020000 -0.020000 -2.050000 2.422796 -2.163211 0.000000 -28.920000 43.380000
437.382476 0.490000 0.130000 -0.260000 0.000000 -0.020000 -2.000000 2.422796 -2.163211 0.000000 -28.920000 43.380000
437.413231 0.190000 -0.160000 -0.190000 -0.000000 -0.020000 -1.970000 2.422796 -2.163211 0.000000 -28.920000 43.380000
437.443834 -0.680000 -0.110000 -0.090000 -0.010000 0.020000 -1.930000 1.546501 -2.209587 0.000000 -32.310000 41.540000
437.480660 0.560000 0.140000 -0.250000 -0.000000 -0.030000 -1.930000 1.615198 -2.018997 0.000000 -28.920000 38.560000
437.510817 0.400000 0.150000 0.040000 0.020000 -0.010000 -1.920000 2.320590 -2.071357 0.000000 -27.690000 41.540000
437.539266 -0.290000 -0.330000 0.100000 -0.010000 0.020000 -1.920000 1.615198 -2.018997 0.000000 -28.920000 38.560000
437.578259 -0.150000 0.320000 -0.090000 0.000000 0.000000 -1.980000 2.422796 -2.163211 0.000000 -28.920000 43.380000
437.615911 -0.010000 -0.450000 0.130000 0.010000 -0.030000 -1.950000 1.821286 -1.982195 0.000000 -27.690000 38.560000
437.650548 -0.540000 -0.110000 0.020000 -0.030000 -0.020000 -1.980000 2.320590 -2.071357 0.000000 -27.690000 41.540000
437.684779 0.560000 0.490000 0.010000 0.020000 -0.030000 -1.990000 1.615198 -2.307425 0.000000 -33.740000 43.380000
437.718429 0.400000 -0.360000 0.310000 0.020000 -0.000000 -2.060000 2.422796 -2.163211 0.000000 -28.920000 43.380000
437.757548 -0.760000 0.330000 0.090000 -0.000000 -0.030000 -1.980000 1.546501 -1.657265 0.000000 -23.080000 32.310000
437.794474 -0.010000 -0.060000 -0.150000 0.020000 -0.030000 -1.950000 1.615198 -2.307425 0.000000 -33.740000 43.380000
437.828279 0.360000 -0.050000 -0.180000 -0.010000 -0.000000 -2.040000 0.807599 -2.163211 0.000000 -33.740000 38.560000
437.864196 -0.530000 -0.090000 -0.380000 0.010000 -0.020000 -1.970000 2.422796 -2.163211 0.000000 -28.920000 43.380000
437.901392 -0.350000 -0.040000 0.110000 0.010000 -0.010000 -1.900000 0.000000 -1.933426 0.000000 -32.310000 32.310000
437.930604 0.560000 0.790000 0.000000 0.010000 -0.020000 -1.950000 2.422796 -2.163211 0.000000 -28.920000 43.380000
437.960834 -0.130000 -0.370000 0.160000 0.000000 -0.050000 -1.990000 1.546501 -2.209587 0.000000 -32.310000 41.540000
437.990778 -0.060000 0.170000 -0.070000 -0.000000 -0.040000 -1.910000 3.230395 -2.018997 0.000000 -24.100000 43.380000
438.020637 0.400000 -0.180000 0.310000 -0.000000 -0.000000 -1.930000 1.615198 -2.018997 0.000000 -28.920000 38.560000
438.050336 -0.180000 -0.120000 0.320000 0.030000 -0.100000 -1.970000 0.000000 -2.307425 0.000000 -38.560000 38.560000
438.080553 -1.130000 -0.580000 0.550000 -0.010000 -0.020000 -1.830000 1.546501 -1.933127 0.000000 -27.690000 36.920000
438.110852 0.320000 0.290000 -0.470000 -0.010000 -0.010000 -1.910000 1.615198 -2.307425 0.000000 -33.740000 43.380000
438.139489 0.450000 0.230000 -0.020000 0.030000 -0.020000 -2.050000 1.615198 -2.307425 0.000000 -33.740000 43.380000
438.176377 -0.030000 -0.130000 -0.110000 -0.010000 -0.030000 -2.000000 2.320590 -2.071357 0.000000 -27.690000 41.540000
438.210374 0.280000 0.300000 -0.040000 -0.000000 -0.030000 -1.960000 2.114501 -2.108158 0.000000 -28.920000 41.540000
438.250227 0.090000 -0.120000 -0.250000 -0.000000 -0.040000 -2.000000 0.000000 -2.595853 0.000000 -43.380000 43.380000
438.282168 -0.540000 -0.510000 -0.100000 -0.030000 -0.030000 -2.000000 1.615198 -2.018997 0.000000 -28.920000 38.560000
438.312415 0.080000 0.090000 -0.010000 -0.010000 -0.070000 -1.900000 3.093003 -1.656966 0.000000 -18.460000 36.920000
438.342852 0.640000 0.130000 -0.170000 0.000000 -0.020000 -1.960000 0.807599 -2.163211 0.000000 -33.740000 38.560000
438.371314 0.200000 0.510000 0.190000 0.000000 -0.040000 -1.990000 2.320590 -2.071357 0.000000 -27.690000 41.540000
438.408327 -0.570000 -0.140000 0.510000 -0.020000 -0.030000 -1.880000 1.615198 -2.018997 0.000000 -28.920000 38.560000
438.447248 0.460000 -0.080000 -0.080000 -0.030000 -0.030000 -1.960000 1.615198 -2.307425 0.000000 -33.740000 43.380000
438.484099 -0.290000 0.070000 -0.300000 0.020000 -0.080000 -1.960000 1.615198 -2.018997 0.000000 -28.920000 38.560000
438.522215 -0.200000 -0.260000 -0.220000 0.030000 -0.090000 -1.850000 2.320590 -2.071357 0.000000 -27.690000 41.540000
438.550576 0.040000 -0.020000 0.230000 0.030000 -0.020000 -1.870000 1.615198 -2.018997 0.000000 -28.920000 38.560000
438.586892 -0.530000 0.050000 0.620000 -0.020000 -0.030000 -2.000000 1.615198 -2.307425 0.000000 -33.740000 43.380000
438.622181 0.040000 -0.220000 -0.540000 -0.050000 -0.030000 -1.960000 2.320590 -2.071357 0.000000 -27.690000 41.540000
438.659730 0.510000 0.010000 -0.050000 -0.000000 -0.010000 -1.950000 1.546501 -1.933127 0.000000 -27.690000 36.920000
438.689676 0.240000 0.140000 0.170000 -0.020000 -0.040000 -2.030000 1.615198 -2.307425 0.000000 -33.740000 43.380000
438.727650 -0.760000 -0.290000 -0.000000 -0.040000 -0.040000 -1.950000 2.422796 -2.163211 0.000000 -28.920000 43.380000
438.765646 0.410000 0.100000 0.030000 -0.030000 -0.030000 -1.930000 1.546501 -1.933127 0.000000 -27.690000 36.920000
438.798730 0.510000 -0.000000 -0.240000 0.020000 -0.040000 -1.950000 2.422796 -1.874783 0.000000 -24.100000 38.560000
438.835800 -0.450000 -0.170000 -0.180000 -0.030000 -0.020000 -2.010000 1.615198 -2.307425 0.000000 -33.740000 43.380000
438.874243 -0.100000 0.490000 0.130000 -0.010000 -0.020000 -1.990000 2.422796 -2.163211 0.000000 -28.920000 43.380000
438.911252 0.090000 -0.300000 -0.260000 -0.000000 -0.010000 -1.980000 0.807599 -2.451639 0.000000 -38.560000 43.380000
438.941667 0.040000 -0.040000 0.050000 -0.040000 -0.050000 -2.010000 1.615198 -2.307425 0.000000 -33.740000 43.380000
438.971848 -0.740000 -0.190000 0.290000 -0.050000 -0.010000 -1.960000 2.320590 -2.071357 0.000000 -27.690000 41.540000
439.010758 0.620000 0.170000 0.010000 -0.020000 -0.000000 -2.000000 1.615198 -2.018997 0.000000 -28.920000 38.560000
439.039987 0.070000 -0.120000 0.160000 -0.010000 -0.030000 -1.950000 2.422796 -2.163211 0.000000 -28.920000 43.380000
439.071505 -0.080000 0.220000 0.210000 -0.010000 -0.030000 -1.990000 1.546501 -2.209587 0.000000 -32.310000 41.540000
439.099511 0.090000 0.080000 0.010000 -0.010000 -0.010000 -2.030000 1.546501 -2.209587 0.000000 -32.310000 41.540000
439.138426 0.010000 -0.410000 -0.180000 -0.010000 -0.020000 -2.000000 2.422796 -1.874783 0.000000 -24.100000 38.560000
439.176391 -0.400000 -0.100000 -0.170000 -0.030000 -0.020000 -1.970000 2.422796 -2.163211 0.000000 -28.920000 43.380000
439.210432 -0.370000 0.110000 -0.010000 -0.030000 -0.010000 -1.960000 1.546501 -2.209587 0.000000 -32.310000 41.540000
439.247682 0.650000 0.100000 0.050000 -0.020000 -0.030000 -2.010000 4.847268 -2.019296 0.000000 -19.280000 48.210000
439.281094 -0.230000 0.140000 -0.220000 -0.020000 -0.030000 -2.000000 2.422796 -2.163211 0.000000 -28.920000 43.380000
439.312664 -0.090000 0.090000 0.180000 0.000000 -0.020000 -2.010000 1.615198 -2.018997 0.000000 -28.920000 38.560000
439.340968 0.430000 0.020000 -0.000000 -0.010000 -0.020000 -2.040000 0.000000 -2.018997 0.000000 -33.740000 33.740000
439.377311 -0.630000 -0.730000 -0.400000 -0.030000 -0.010000 -2.010000 1.615198 -2.307425 0.000000 -33.740000 43.380000
439.414872 -0.010000 0.280000 0.100000 -0.020000 -0.030000 -1.940000 2.320590 -2.071357 0.000000 -27.690000 41.540000
439.450142 0.780000 0.290000 0.280000 -0.010000 -0.000000 -2.000000 1.615198 -2.018997 0.000000 -28.920000 38.560000
439.486158 0.480000 -0.080000 -0.170000 0.010000 -0.030000 -1.960000 2.422796 -2.163211 0.000000 -28.920000 43.380000
439.519613 -0.480000 0.200000 0.680000 -0.000000 -0.030000 -1.890000 1.546501 -2.209587 0.000000 -32.310000 41.540000
439.553499 0.450000 -0.030000 0.040000 0.020000 -0.030000 -1.940000 2.320590 -2.071357 0.000000 -27.690000 41.540000
439.590169 0.110000 -0.030000 -0.030000 -0.030000 -0.040000 -2.050000 4.037994 -1.874783 0.000000 -19.280000 43.380000
439.618863 -0.590000 -0.650000 -0.160000 -0.010000 -0.010000 -1.920000 0.000000 -2.018997 0.000000 -33.740000 33.740000
439.652179 0.440000 0.380000 -0.420000 0.010000 0.010000 -1.990000 1.546501 -2.209587 0.000000 -32.310000 41.540000
439.685826 -0.330000 0.040000 0.150000 0.030000 -0.050000 -2.060000 4.037994 -1.874783 0.000000 -19.280000 43.380000
439.726342 -0.550000 -0.330000 0.420000 -0.020000 0.010000 -1.990000 2.422796 -2.163211 0.000000 -28.920000 43.380000
439.759341 0.400000 0.320000 -0.220000 -0.000000 -0.020000 -2.040000 1.615198 -2.307425 0.000000 -33.740000 43.380000
439.796233 0.040000 -0.170000 -0.110000 0.000000 -0.020000 -2.130000 2.422796 -2.163211 0.000000 -28.920000 43.380000
439.834626 -0.810000 0.060000 0.020000 -0.030000 -0.050000 -2.010000 2.422796 -2.163211 0.000000 -28.920000 43.380000
439.870746 0.180000 -0.070000 -0.160000 0.010000 -0.030000 -1.980000 1.546501 -2.209587 0.000000 -32.310000 41.540000
439.900957 0.460000 0.200000 -0.140000 0.020000 -0.030000 -2.030000 2.422796 -2.163211 0.000000 -28.920000 43.380000
439.928745 0.060000 0.010000 0.220000 0.000000 -0.010000 -2.070000 1.615198 -2.307425 0.000000 -33.740000 43.380000
439.967640 -0.020000 -0.210000 -0.090000 0.020000 -0.030000 -1.960000 1.546501 -1.933127 0.000000 -27.690000 36.920000
440.001136 0.440000 0.010000 -0.330000 0.010000 -0.010000 -2.030000 1.546501 -2.209587 0.000000 -32.310000 41.540000
440.033150 -0.600000 -0.240000 -0.080000 -0.010000 -0.030000 -2.020000 2.422796 -2.163211 0.000000 -28.920000 43.380000
440.063593 -0.220000 -0.300000 0.360000 -0.010000 -0.030000 -1.940000 2.422796 -2.163211 0.000000 -28.920000 43.380000
440.096250 0.690000 0.710000 0.340000 -0.010000 -0.040000 -2.060000 1.546501 -2.209587 0.000000 -32.310000 41.540000
440.129981 -0.350000 -0.200000 -0.330000 0.010000 -0.020000 -2.050000 2.422796 -2.163211 0.000000 -28.920000 43.380000
440.163227 0.090000 0.080000 0.220000 -0.020000 -0.030000 -1.970000 1.615198 -2.307425 0.000000 -33.740000 43.380000
440.197336 0.420000 0.280000 -0.240000 0.020000 -0.040000 -1.960000 4.039669 -2.451938 0.000000 -28.920000 53.030000
440.234066 -0.100000 -0.260000 -0.280000 -0.000000 -0.020000 -2.020000 1.546501 -2.209587 0.000000 -32.310000 41.540000
440.268556 -0.610000 0.050000 0.570000 -0.030000 0.000000 -1.980000 3.232071 -2.307724 0.000000 -28.920000 48.210000
440.301845 0.950000 0.210000 -0.420000 0.000000 -0.010000 -1.930000 1.546501 -1.933127 0.000000 -27.690000 36.920000
440.330653 0.430000 -0.210000 -0.140000 0.020000 -0.100000 -1.990000 1.615198 -2.018997 0.000000 -28.920000 38.560000
440.358821 -0.170000 -0.010000 0.710000 -0.020000 -0.030000 -1.950000 3.230395 -2.018997 0.000000 -24.100000 43.380000
440.389191 0.180000 -0.090000 -0.130000 -0.020000 -0.020000 -2.020000 1.854796 -2.264640 0.000000 -32.310000 43.380000
440.418202 -0.550000 -0.020000 0.060000 0.000000 -0.050000 -2.010000 1.546501 -2.209587 0.000000 -32.310000 41.540000
440.454756 -0.610000 0.080000 0.230000 -0.040000 -0.040000 -1.950000 2.422796 -2.163211 0.000000 -28.920000 43.380000
440.487995 0.380000 0.120000 0.040000 -0.030000 -0.060000 -1.990000 1.615198 -2.307425 0.000000 -33.740000 43.380000
440.523486 -0.030000 -0.190000 -0.410000 0.000000 -0.040000 -1.940000 2.320590 -2.071357 0.000000 -27.690000 41.540000
440.558293 -0.290000 -0.130000 -0.310000 0.000000 0.010000 -2.000000 2.424472 -2.451938 0.000000 -33.740000 48.210000
440.597076 0.220000 0.430000 0.350000 -0.000000 -0.020000 -2.020000 1.615198 -2.307425 0.000000 -33.740000 43.380000
440.634176 -0.090000 -0.460000 -0.460000 -0.010000 -0.020000 -2.000000 2.422796 -1.874783 0.000000 -24.100000 38.560000
440.669479 0.100000 -0.140000 -0.210000 -0.020000 -0.020000 -1.990000 0.772413 -2.071357 0.000000 -32.310000 36.920000
440.704753 -0.680000 0.020000 0.180000 -0.010000 -0.020000 -1.710000 3.230395 -2.018997 0.000000 -24.100000 43.380000
440.738171 0.790000 0.020000 0.020000 -0.030000 -0.010000 -1.560000 0.774088 -1.795196 0.000000 -27.690000 32.310000
440.772995 0.400000 0.540000 0.340000 0.010000 -0.020000 -1.330000 2.422796 -1.297927 0.000000 -14.460000 28.920000
440.805625 0.040000 0.460000 0.100000 -0.030000 0.000000 -1.050000 5.653191 -1.009498 0.000000 0.000000 33.740000
440.838304 -0.060000 -0.320000 0.030000 -0.020000 0.030000 -0.490000 2.422796 -0.432642 0.000000 0.000000 14.460000
440.872298 -0.230000 -0.400000 -0.360000 0.020000 0.000000 0.060000 0.000000 0.000000 0.000000 0.000000 0.000000
440.902429 -0.110000 -0.380000 0.060000 -0.010000 0.000000 0.010000 0.000000 0.000000 0.000000 0.000000 0.000000
440.930858 -0.110000 0.160000 0.060000 0.010000 -0.000000 0.000000 0.000000 0.000000 0.000000 0.000000 0.000000
440.958838 -0.000000 0.160000 -0.010000 -0.000000 0.000000 0.000000 0.000000 0.000000 0.000000 0.000000 0.000000
440.994744 0.010000 -0.040000 -0.060000 -0.000000 0.000000 -0.010000 0.000000 0.000000 0.000000 0.000000 0.000000
441.031505 -0.100000 -0.000000 -0.060000 0.000000 -0.000000 -0.000000 0.807599 -0.144214 0.000000 0.000000 4.820000
441.058684 -0.080000 0.070000 0.050000 -0.000000 -0.000000 -0.000000 0.000000 0.000000 0.000000 0.000000 0.000000
441.094445 0.010000 0.060000 0.060000 0.000000 0.000000 0.000000 0.000000 0.000000 0.000000 0.000000 0.000000
441.125711 0.100000 0.040000 -0.010000 0.000000 0.000000 0.000000 0.000000 0.000000 0.000000 0.000000 0.000000
441.160961 -0.010000 0.090000 -0.020000 -0.000000 -0.000000 0.000000 0.000000 0.000000 0.000000 0.000000 0.000000
441.187993 0.080000 0.110000 0.020000 -0.000000 0.000000 -0.000000 0.000000 0.000000 0.000000 0.000000 0.000000
441.227189 0.040000 -0.110000 -0.020000 0.000000 0.000000 -0.000000 0.000000 0.000000 0.000000 0.000000 0.000000
441.264412 0.050000 -0.020000 -0.030000 0.000000 -0.000000 0.000000 0.000000 0.000000 0.000000 0.000000 0.000000
441.301954 -0.030000 0.110000 0.040000 -0.000000 0.000000 0.000000 0.000000 0.000000 0.000000 0.000000 0.000000
441.330968 0.020000 -0.100000 0.000000 -0.000000 0.000000 -0.000000 0.000000 0.000000 0.000000 0.000000 0.000000
441.358705 0.040000 -0.050000 -0.060000 -0.000000 -0.000000 -0.000000 0.000000 0.000000 0.000000 0.000000 0.000000
441.395898 0.080000 0.150000 -0.020000 -0.000000 0.000000 0.000000 0.000000 0.000000 0.000000 0.000000 0.000000
441.428085 -0.030000 0.050000 -0.050000 -0.000000 0.000000 -0.000000 0.000000 0.000000 0.000000 0.000000 0.000000
441.465254 0.010000 -0.120000 0.020000 0.000000 -0.000000 -0.000000 0.000000 0.000000 0.000000 0.000000 0.000000
441.500750 0.060000 0.040000 0.090000 0.000000 -0.000000 -0.000000 0.000000 0.000000 0.000000 0.000000 0.000000
441.529716 0.050000 0.060000 -0.060000 0.000000 0.000000 -0.000000 0.000000 0.000000 0.000000 0.000000 0.000000
441.567063 -0.050000 -0.120000 -0.020000 -0.000000 -0.000000 -0.000000 0.000000 0.000000 0.000000 0.000000 0.000000
441.600475 -0.010000 0.040000 0.010000 0.000000 -0.000000 0.000000 0.000000 0.000000 0.000000 0.000000 0.000000
441.629067 0.070000 0.030000 -0.060000 0.000000 0.000000 0.000000 0.000000 0.000000 0.000000 0.000000 0.000000
441.656786 0.020000 -0.100000 0.050000 -0.000000 -0.000000 0.000000 0.000000 0.000000 0.000000 0.000000 0.000000
441.693893 -0.010000 -0.040000 -0.040000 -0.000000 -0.000000 0.000000 0.000000 0.000000 0.000000 0.000000 0.000000
441.726532 -0.070000 0.070000 -0.030000 0.000000 0.000000 -0.000000 0.000000 0.000000 0.000000 0.000000 0.000000
441.762158 0.030000 0.010000 0.040000 0.000000 -0.000000 -0.000000 0.000000 0.000000 0.000000 0.000000 0.000000
441.789596 0.040000 -0.050000 -0.000000 -0.000000 -0.000000 0.000000 0.000000 0.000000 0.000000 0.000000 0.000000
441.819295 0.060000 0.040000 0.060000 -0.000000 -0.000000 0.000000 0.000000 0.000000 0.000000 0.000000 0.000000
441.851303 0.040000 0.020000 -0.000000 0.000000 0.000000 -0.000000 0.000000 0.000000 0.000000 0.000000 0.000000
441.880594 -0.030000 -0.100000 -0.030000 -0.000000 -0.000000 -0.000000 0.000000 0.000000 0.000000 0.000000 0.000000
441.909103 0.040000 -0.010000 -0.010000 -0.000000 0.000000 0.000000 0.000000 0.000000 0.000000 0.000000 0.000000
441.942322 0.040000 0.020000 0.040000 -0.000000 -0.000000 0.000000 0.000000 0.000000 0.000000 0.000000 0.000000
441.969300 -0.040000 -0.020000 -0.030000 -0.000000 0.000000 0.000000 0.000000 0.000000 0.000000 0.000000 0.000000
442.003402 -0.010000 -0.030000 -0.090000 -0.000000 -0.000000 -0.000000 0.000000 0.000000 0.000000 0.000000 0.000000
442.030256 0.050000 0.040000 -0.010000 0.000000 -0.000000 0.000000 0.000000 0.000000 0.000000 0.000000 0.000000
442.057796 0.040000 0.050000 0.020000 0.000000 0.000000 0.000000 0.000000 0.000000 0.000000 0.000000 0.000000
442.092578 -0.020000 -0.040000 0.070000 -0.000000 0.000000 0.000000 0.000000 0.000000 0.000000 0.000000 0.000000
442.126927 -0.020000 -0.000000 0.010000 0.000000 0.000000 0.000000 0.000000 0.000000 0.000000 0.000000 0.000000
442.160779 -0.010000 0.080000 -0.040000 0.000000 -0.000000 -0.000000 0.000000 0.000000 0.000000 0.000000 0.000000
442.196477 0.010000 -0.040000 0.030000 -0.000000 0.000000 -0.000000 0.000000 0.000000 0.000000 0.000000 0.000000
442.228338 -0.000000 -0.000000 0.050000 0.000000 0.000000 0.000000 0.000000 0.000000 0.000000 0.000000 0.000000
442.262193 -0.080000 0.040000 0.080000 -0.000000 0.000000 0.000000 0.000000 0.000000 0.000000 0.000000 0.000000
442.289871 -0.020000 0.000000 -0.070000 -0.000000 0.000000 -0.000000 0.000000 0.000000 0.000000 0.000000 0.000000
442.324986 0.050000 -0.040000 0.050000 0.000000 0.000000 0.000000 0.000000 0.000000 0.000000 0.000000 0.000000
442.360136 0.020000 -0.010000 0.030000 -0.000000 0.000000 0.000000 0.000000 0.000000 0.000000 0.000000 0.000000
442.388282 -0.040000 0.010000 -0.040000 -0.000000 0.000000 -0.000000 0.000000 0.000000 0.000000 0.000000 0.000000
442.423983 -0.030000 -0.010000 -0.030000 0.000000 -0.000000 -0.000000 0.000000 0.000000 0.000000 0.000000 0.000000
442.457942 -0.000000 -0.000000 0.020000 0.000000 -0.000000 0.000000 0.000000 0.000000 0.000000 0.000000 0.000000
442.493408 -0.030000 0.080000 0.010000 -0.000000 0.000000 -0.000000 0.000000 0.000000 0.000000 0.000000 0.000000
442.525829 0.030000 0.010000 -0.030000 0.000000 0.000000 -0.000000 0.000000 0.000000 0.000000 0.000000 0.000000
442.557931 -0.060000 -0.030000 0.000000 0.000000 0.000000 0.000000 0.000000 0.000000 0.000000 0.000000 0.000000
442.594269 0.060000 0.060000 0.020000 -0.000000 -0.000000 -0.000000 0.000000 0.000000 0.000000 0.000000 0.000000
442.628599 0.030000 -0.040000 -0.000000 -0.000000 -0.000000 -0.000000 0.000000 0.000000 0.000000 0.000000 0.000000
442.663957 0.060000 0.000000 0.070000 -0.000000 -0.000000 -0.000000 0.000000 0.000000 0.000000 0.000000 0.000000
442.696280 0.000000 0.020000 0.010000 -0.000000 -0.000000 -0.000000 0.000000 0.000000 0.000000 0.000000 0.000000
442.732977 0.040000 0.040000 -0.080000 -0.000000 0.000000 -0.000000 0.000000 0.000000 0.000000 0.000000 0.000000
442.760419 0.050000 -0.050000 -0.060000 -0.000000 -0.000000 0.000000 0.000000 0.000000 0.000000 0.000000 0.000000
442.790349 -0.010000 -0.030000 0.060000 -0.000000 0.000000 0.000000 0.000000 0.000000 0.000000 0.000000 0.000000
442.818927 -0.010000 0.080000 -0.010000 0.000000 -0.000000 0.000000 0.000000 0.000000 0.000000 0.000000 0.000000
442.853996 -0.040000 -0.030000 -0.030000 0.000000 0.000000 0.000000 0.000000 0.000000 0.000000 0.000000 0.000000
442.888358 0.010000 -0.040000 -0.010000 -0.000000 -0.000000 0.000000 0.000000 0.000000 0.000000 0.000000 0.000000
442.923413 0.060000 0.010000 -0.000000 -0.000000 -0.000000 0.000000 0.000000 0.000000 0.000000 0.000000 0.000000
442.953072 -0.030000 0.050000 0.010000 -0.000000 0.000000 -0.000000 0.000000 0.000000 0.000000 0.000000 0.000000
442.981256 -0.070000 -0.040000 0.020000 -0.000000 -0.000000 0.000000 0.000000 0.000000 0.000000 0.000000 0.000000
443.010482 -0.020000 -0.020000 0.080000 -0.000000 -0.000000 -0.000000 0.000000 0.000000 0.000000 0.000000 0.000000
443.038185 -0.010000 0.020000 0.010000 0.000000 -0.000000 0.000000 0.000000 0.000000 0.000000 0.000000 0.000000
443.072392 0.030000 -0.020000 -0.070000 -0.000000 0.000000 0.000000 0.000000 0.000000 0.000000 0.000000 0.000000
443.105413 -0.100000 -0.060000 -0.010000 -0.000000 -0.000000 -0.000000 0.000000 0.000000 0.000000 0.000000 0.000000
443.141493 -0.040000 0.010000 0.020000 0.000000 -0.000000 -0.000000 0.000000 0.000000 0.000000 0.000000 0.000000
443.169608 0.030000 0.010000 -0.080000 -0.000000 0.000000 0.000000 0.000000 0.000000 0.000000 0.000000 0.000000
443.205657 -0.070000 -0.000000 -0.030000 -0.000000 0.000000 0.000000 0.000000 0.000000 0.000000 0.000000 0.000000
443.237586 0.000000 0.030000 -0.030000 -0.000000 0.000000 -0.000000 0.000000 0.000000 0.000000 0.000000 0.000000
443.271785 0.030000 -0.020000 -0.010000 0.000000 0.000000 -0.000000 0.000000 0.000000 0.000000 0.000000 0.000000
443.298793 0.040000 0.000000 -0.010000 -0.000000 -0.000000 0.000000 0.000000 0.000000 0.000000 0.000000 0.000000
443.334362 0.040000 -0.030000 0.070000 -0.000000 -0.000000 -0.000000 0.000000 0.000000 0.000000 0.000000 0.000000
443.368561 -0.010000 0.030000 0.040000 0.000000 -0.000000 0.000000 0.000000 0.000000 0.000000 0.000000 0.000000
443.401439 0.000000 0.030000 0.000000 -0.000000 -0.000000 0.000000 0.000000 0.000000 0.000000 0.000000 0.000000
443.428917 -0.020000 -0.080000 -0.010000 -0.000000 0.000000 -0.000000 0.000000 0.000000 0.000000 0.000000 0.000000
443.464189 0.090000 0.020000 0.010000 -0.000000 0.000000 0.000000 0.000000 0.000000 0.000000 0.000000 0.000000
443.499431 -0.010000 0.020000 -0.050000 0.000000 0.000000 -0.000000 0.000000 0.000000 0.000000 0.000000 0.000000
443.527395 -0.010000 0.010000 -0.060000 -0.000000 -0.000000 -0.000000 0.000000 0.000000 0.000000 0.000000 0.000000
443.561182 0.020000 -0.020000 0.060000 0.000000 -0.000000 0.000000 0.000000 0.000000 0.000000 0.000000 0.000000
443.589178 0.000000 0.010000 0.030000 0.000000 0.000000 -0.000000 0.000000 0.000000 0.000000 0.000000 0.000000
443.617735 0.010000 -0.000000 -0.020000 0.000000 0.000000 0.000000 0.000000 0.000000 0.000000 0.000000 0.000000
443.651816 0.030000 -0.060000 0.010000 0.000000 -0.000000 0.000000 0.000000 0.000000 0.000000 0.000000 0.000000
443.686368 -0.000000 0.010000 -0.020000 -0.000000 0.000000 0.000000 0.000000 0.000000 0.000000 0.000000 0.000000
443.717962 0.010000 0.030000 0.020000 0.000000 0.000000 -0.000000 0.000000 0.000000 0.000000 0.000000 0.000000
443.754445 -0.040000 -0.020000 0.020000 -0.000000 -0.000000 0.000000 0.000000 0.000000 0.000000 0.000000 0.000000
443.788092 -0.050000 -0.030000 -0.030000 0.000000 -0.000000 -0.000000 0.000000 0.000000 0.000000 0.000000 0.000000
443.821533 -0.000000 0.090000 -0.040000 -0.000000 -0.000000 -0.000000 0.000000 0.000000 0.000000 0.000000 0.000000
443.854656 -0.040000 0.030000 0.010000 -0.000000 -0.000000 -0.000000 0.000000 0.000000 0.000000 0.000000 0.000000
443.889797 -0.010000 0.010000 0.030000 -0.000000 -0.000000 -0.000000 0.000000 0.000000 0.000000 0.000000 0.000000
443.925934 0.010000 -0.020000 0.010000 0.000000 -0.000000 0.000000 0.000000 0.000000 0.000000 0.000000 0.000000
443.960454 0.100000 -0.020000 0.060000 -0.000000 0.000000 -0.000000 0.000000 0.000000 0.000000 0.000000 0.000000
443.988976 -0.010000 -0.040000 0.060000 -0.000000 0.000000 0.000000 0.000000 0.000000 0.000000 0.000000 0.000000
444.022253 -0.020000 0.010000 0.130000 0.000000 -0.000000 0.000000 0.000000 0.000000 0.000000 0.000000 0.000000
444.055943 0.000000 0.020000 0.000000 0.000000 0.000000 -0.000000 0.000000 0.000000 0.000000 0.000000 0.000000
444.091366 -0.010000 0.020000 0.020000 -0.000000 0.000000 -0.000000 0.000000 0.000000 0.000000 0.000000 0.000000
444.119974 0.040000 0.000000 0.030000 -0.000000 -0.000000 0.000000 0.000000 0.000000 0.000000 0.000000 0.000000
444.155846 0.020000 -0.010000 -0.040000 -0.000000 0.000000 -0.000000 0.000000 0.000000 0.000000 0.000000 0.000000
444.188660 0.020000 0.040000 -0.080000 -0.000000 -0.000000 -0.000000 0.000000 0.000000 0.000000 0.000000 0.000000
444.222406 -0.060000 -0.020000 -0.090000 0.000000 0.000000 0.000000 0.000000 0.000000 0.000000 0.000000 0.000000
444.255239 -0.010000 -0.020000 -0.070000 -0.000000 0.000000 0.000000 0.000000 0.000000 0.000000 0.000000 0.000000
444.293930 -0.020000 0.030000 0.010000 -0.000000 -0.000000 -0.000000 0.000000 0.000000 0.000000 0.000000 0.000000
444.333104 -0.010000 -0.010000 -0.000000 0.000000 -0.000000 0.000000 0.000000 0.000000 0.000000 0.000000 0.000000
444.375248 0.050000 -0.020000 -0.030000 0.000000 0.000000 -0.000000 0.000000 0.000000 0.000000 0.000000 0.000000
444.416888 0.020000 0.030000 0.020000 0.000000 -0.000000 0.000000 0.000000 0.000000 0.000000 0.000000 0.000000
444.458089 -0.040000 -0.010000 -0.000000 -0.000000 -0.000000 0.000000 0.000000 0.000000 0.000000 0.000000 0.000000
444.503081 -0.010000 -0.030000 -0.030000 -0.000000 0.000000 -0.000000 0.000000 0.000000 0.000000 0.000000 0.000000
444.536478 0.100000 -0.010000 -0.010000 0.000000 0.000000 -0.000000 0.000000 0.000000 0.000000 0.000000 0.000000
444.576635 0.020000 -0.050000 0.030000 0.000000 0.000000 0.000000 0.000000 0.000000 0.000000 0.000000 0.000000
444.620935 0.010000 -0.070000 0.010000 -0.000000 0.000000 0.000000 0.000000 0.000000 0.000000 0.000000 0.000000
444.663345 0.000000 -0.040000 0.020000 -0.000000 0.000000 -0.000000 0.000000 0.000000 0.000000 0.000000 0.000000
444.698000 -0.040000 0.000000 -0.060000 -0.000000 0.000000 0.000000 0.000000 0.000000 0.000000 0.000000 0.000000
444.736761 0.010000 0.010000 -0.030000 -0.000000 0.000000 0.000000 0.000000 0.000000 0.000000 0.000000 0.000000
444.778936 -0.020000 0.020000 -0.050000 0.000000 -0.000000 0.000000 0.000000 0.000000 0.000000 0.000000 0.000000
444.823219 -0.040000 0.030000 -0.040000 0.000000 -0.000000 0.000000 0.000000 0.000000 0.000000 0.000000 0.000000
444.856210 -0.040000 0.050000 0.060000 -0.000000 -0.000000 0.000000 0.000000 0.000000 0.000000 0.000000 0.000000
444.895790 -0.040000 0.070000 0.010000 0.000000 -0.000000 0.000000 0.000000 0.000000 0.000000 0.000000 0.000000
444.935294 0.000000 0.040000 0.040000 -0.000000 -0.000000 -0.000000 0.000000 0.000000 0.000000 0.000000 0.000000
444.975411 -0.010000 0.030000 0.030000 -0.000000 0.000000 0.000000 0.000000 0.000000 0.000000 0.000000 0.000000
445.014998 0.030000 0.020000 0.020000 -0.000000 -0.000000 0.000000 0.000000 0.000000 0.000000 0.000000 0.000000
445.054502 -0.010000 -0.040000 0.030000 -0.000000 -0.000000 0.000000 0.000000 0.000000 0.000000 0.000000 0.000000
445.095948 0.010000 -0.030000 0.040000 -0.000000 0.000000 -0.000000 0.000000 0.000000 0.000000 0.000000 0.000000
445.136830 -0.000000 -0.010000 0.010000 0.000000 0.000000 0.000000 0.000000 0.000000 0.000000 0.000000 0.000000
445.179761 0.010000 -0.010000 -0.000000 0.000000 0.000000 -0.000000 0.000000 0.000000 0.000000 0.000000 0.000000
445.217266 0.010000 0.010000 -0.000000 0.000000 -0.000000 -0.000000 0.000000 0.000000 0.000000 0.000000 0.000000
445.257364 0.030000 -0.010000 0.030000 -0.000000 -0.000000 0.000000 0.000000 0.000000 0.000000 0.000000 0.000000
445.297774 0.020000 0.040000 -0.060000 0.000000 0.000000 0.000000 0.000000 0.000000 0.000000 0.000000 0.000000
445.339704 -0.040000 0.020000 0.020000 -0.000000 0.000000 -0.000000 0.000000 0.000000 0.000000 0.000000 0.000000
445.383299 -0.020000 -0.020000 0.020000 0.000000 0.000000 -0.000000 0.000000 0.000000 0.000000 0.000000 0.000000
445.417544 -0.010000 0.000000 -0.010000 -0.000000 0.000000 0.000000 0.000000 0.000000 0.000000 0.000000 0.000000
445.460720 0.000000 -0.010000 -0.030000 -0.000000 0.000000 -0.000000 0.000000 0.000000 0.000000 0.000000 0.000000
445.495815 -0.000000 -0.040000 -0.080000 -0.000000 -0.000000 -0.000000 0.000000 0.000000 0.000000 0.000000 0.000000
445.535357 0.020000 -0.000000 -0.030000 0.000000 -0.000000 -0.000000 0.000000 0.000000 0.000000 0.000000 0.000000
445.575616 -0.020000 -0.000000 0.050000 0.000000 -0.000000 -0.000000 0.000000 0.000000 0.000000 0.000000 0.000000
445.617136 0.000000 -0.040000 0.100000 0.000000 -0.000000 0.000000 0.000000 0.000000 0.000000 0.000000 0.000000
445.657552 0.000000 -0.030000 -0.090000 0.000000 -0.000000 0.000000 0.000000 0.000000 0.000000 0.000000 0.000000
445.696508 0.000000 -0.000000 0.090000 0.000000 0.000000 -0.000000 0.000000 0.000000 0.000000 0.000000 0.000000
445.740254 0.060000 -0.010000 -0.040000 -0.000000 -0.000000 0.000000 0.000000 0.000000 0.000000 0.000000 0.000000
445.775956 -0.010000 0.000000 0.040000 -0.000000 0.000000 -0.000000 0.000000 0.000000 0.000000 0.000000 0.000000
445.820998 -0.030000 0.010000 -0.020000 -0.000000 -0.000000 0.000000 0.000000 0.000000 0.000000 0.000000 0.000000
445.859982 -0.020000 -0.020000 0.050000 -0.000000 0.000000 -0.000000 0.000000 0.000000 0.000000 0.000000 0.000000
445.899805 0.010000 0.050000 -0.060000 -0.000000 0.000000 0.000000 0.000000 0.000000 0.000000 0.000000 0.000000
445.943585 0.040000 -0.020000 -0.050000 0.000000 -0.000000 -0.000000 0.000000 0.000000 0.000000 0.000000 0.000000
445.980203 0.040000 -0.020000 -0.010000 -0.000000 0.000000 -0.000000 0.000000 0.000000 0.000000 0.000000 0.000000
446.015493 -0.040000 -0.000000 -0.030000 0.000000 0.000000 0.000000 0.000000 0.000000 0.000000 0.000000 0.000000
446.056139 -0.010000 0.020000 -0.010000 0.000000 -0.000000 0.000000 0.000000 0.000000 0.000000 0.000000 0.000000
446.096964 0.020000 0.000000 0.010000 0.000000 0.000000 -0.000000 0.000000 0.000000 0.000000 0.000000 0.000000
446.135142 -0.010000 0.030000 -0.000000 0.000000 0.000000 0.000000 0.000000 0.000000 0.000000 0.000000 0.000000
446.174762 -0.000000 -0.020000 -0.020000 -0.000000 -0.000000 0.000000 0.000000 0.000000 0.000000 0.000000 0.000000
446.215704 0.030000 -0.030000 0.020000 0.000000 -0.000000 0.000000 0.000000 0.000000 0.000000 0.000000 0.000000
446.253514 -0.030000 0.040000 0.020000 -0.000000 0.000000 0.000000 0.000000 0.000000 0.000000 0.000000 0.000000
446.288197 -0.010000 -0.010000 0.000000 -0.000000 0.000000 0.000000 0.000000 0.000000 0.000000 0.000000 0.000000
446.330153 -0.010000 -0.000000 -0.040000 0.000000 -0.000000 -0.000000 0.000000 0.000000 0.000000 0.000000 0.000000
446.368141 -0.000000 0.020000 0.060000 0.000000 0.000000 0.000000 0.000000 0.000000 0.000000 0.000000 0.000000
446.409283 -0.050000 0.030000 0.030000 -0.000000 0.000000 0.000000 0.000000 0.000000 0.000000 0.000000 0.000000
446.449929 -0.000000 0.000000 0.050000 -0.000000 -0.000000 0.000000 0.000000 0.000000 0.000000 0.000000 0.000000
446.494308 -0.020000 -0.030000 0.010000 -0.000000 0.000000 0.000000 0.000000 0.000000 0.000000 0.000000 0.000000
446.531706 0.010000 0.040000 0.020000 -0.000000 0.000000 0.000000 0.000000 0.000000 0.000000 0.000000 0.000000
446.575943 0.010000 0.030000 0.000000 -0.000000 -0.000000 0.000000 0.000000 0.000000 0.000000 0.000000 0.000000
446.614968 0.030000 0.010000 -0.060000 -0.000000 0.000000 0.000000 0.000000 0.000000 0.000000 0.000000 0.000000
446.652693 0.070000 0.010000 0.040000 -0.000000 0.000000 0.000000 0.000000 0.000000 0.000000 0.000000 0.000000
446.687309 -0.020000 -0.000000 0.060000 0.000000 -0.000000 -0.000000 0.000000 0.000000 0.000000 0.000000 0.000000
446.724975 -0.030000 -0.040000 0.020000 -0.000000 0.000000 0.000000 0.000000 0.000000 0.000000 0.000000 0.000000
446.767651 -0.020000 -0.050000 -0.020000 0.000000 -0.000000 -0.000000 0.000000 0.000000 0.000000 0.000000 0.000000
446.809199 -0.040000 0.010000 0.030000 0.000000 0.000000 -0.000000 0.000000 0.000000 0.000000 0.000000 0.000000
446.851993 -0.010000 0.030000 0.000000 -0.000000 0.000000 0.000000 0.000000 0.000000 0.000000 0.000000 0.000000
446.887968 -0.020000 -0.000000 0.000000 -0.000000 -0.000000 0.000000 0.000000 0.000000 0.000000 0.000000 0.000000
446.929541 -0.000000 -0.030000 0.010000 -0.000000 -0.000000 -0.000000 0.000000 0.000000 0.000000 0.000000 0.000000
446.968135 -0.020000 -0.020000 0.020000 0.000000 0.000000 0.000000 0.000000 0.000000 0.000000 0.000000 0.000000
447.012412 0.020000 0.040000 -0.080000 -0.000000 0.000000 -0.000000 0.000000 0.000000 0.000000 0.000000 0.000000
447.045657 0.040000 0.040000 0.000000 0.000000 0.000000 -0.000000 0.000000 0.000000 0.000000 0.000000 0.000000
447.084078 -0.000000 0.050000 -0.010000 -0.000000 -0.000000 -0.000000 0.000000 0.000000 0.000000 0.000000 0.000000
447.126162 0.040000 0.020000 -0.080000 0.000000 0.000000 -0.000000 0.000000 0.000000 0.000000 0.000000 0.000000
447.167084 -0.040000 0.020000 -0.060000 -0.000000 -0.000000 -0.000000 0.000000 0.000000 0.000000 0.000000 0.000000
447.206110 -0.020000 -0.030000 0.050000 -0.000000 -0.000000 -0.000000 0.000000 0.000000 0.000000 0.000000 0.000000
447.245531 -0.010000 -0.000000 0.010000 -0.000000 0.000000 0.000000 0.000000 0.000000 0.000000 0.000000 0.000000
447.285343 0.010000 -0.010000 -0.010000 0.000000 -0.000000 0.000000 0.000000 0.000000 0.000000 0.000000 0.000000
447.322749 0.000000 0.050000 -0.060000 0.000000 0.000000 0.000000 0.000000 0.000000 0.000000 0.000000 0.000000
447.358421 -0.000000 -0.050000 0.010000 -0.000000 -0.000000 0.000000 0.000000 0.000000 0.000000 0.000000 0.000000
447.395736 0.030000 -0.010000 0.040000 -0.000000 0.000000 0.000000 0.000000 0.000000 0.000000 0.000000 0.000000
447.437328 -0.040000 -0.020000 -0.090000 -0.000000 -0.000000 -0.000000 0.000000 0.000000 0.000000 0.000000 0.000000
447.478386 0.020000 -0.000000 0.040000 -0.000000 -0.000000 0.000000 0.000000 0.000000 0.000000 0.000000 0.000000
447.518330 -0.000000 -0.010000 0.070000 0.000000 -0.000000 -0.000000 0.000000 0.000000 0.000000 0.000000 0.000000
447.563416 -0.020000 -0.010000 -0.030000 -0.000000 -0.000000 -0.000000 0.000000 0.000000 0.000000 0.000000 0.000000
447.598509 0.030000 -0.020000 -0.010000 -0.000000 -0.000000 -0.000000 0.000000 0.000000 0.000000 0.000000 0.000000
447.639261 0.000000 0.000000 0.010000 -0.000000 0.000000 0.000000 0.000000 0.000000 0.000000 0.000000 0.000000
447.684238 -0.030000 -0.010000 0.040000 -0.000000 0.000000 -0.000000 0.000000 0.000000 0.000000 0.000000 0.000000
447.725562 -0.010000 0.040000 0.010000 0.000000 -0.000000 0.000000 0.000000 0.000000 0.000000 0.000000 0.000000
447.766447 0.020000 0.010000 0.010000 0.000000 -0.000000 0.000000 0.000000 0.000000 0.000000 0.000000 0.000000
447.810133 0.030000 0.030000 -0.030000 -0.000000 -0.000000 0.000000 0.000000 0.000000 0.000000 0.000000 0.000000
447.846097 0.000000 0.010000 0.020000 -0.000000 -0.000000 -0.000000 0.000000 0.000000 0.000000 0.000000 0.000000
447.890450 -0.040000 -0.020000 -0.010000 0.000000 -0.000000 0.000000 0.000000 0.000000 0.000000 0.000000 0.000000
447.925893 -0.030000 -0.030000 0.040000 0.000000 0.000000 -0.000000 0.000000 0.000000 0.000000 0.000000 0.000000
447.967299 0.040000 0.000000 0.000000 -0.000000 0.000000 0.000000 0.000000 0.000000 0.000000 0.000000 0.000000
448.009971 -0.030000 -0.040000 -0.020000 -0.000000 0.000000 0.000000 0.000000 0.000000 0.000000 0.000000 0.000000
448.047824 0.030000 0.040000 -0.050000 0.000000 -0.000000 0.000000 0.000000 0.000000 0.000000 0.000000 0.000000
448.090663 -0.010000 0.010000 -0.010000 0.000000 -0.000000 -0.000000 0.000000 0.000000 0.000000 0.000000 0.000000
448.134500 -0.020000 -0.020000 -0.000000 -0.000000 0.000000 -0.000000 0.000000 0.000000 0.000000 0.000000 0.000000
448.175482 0.040000 0.020000 0.000000 -0.000000 -0.000000 -0.000000 0.000000 0.000000 0.000000 0.000000 0.000000
