422.658596 -0.000000 -0.020000 -8.710000 0.000000 -0.000000 -0.000000 0.000000 0.000000 0.000000 0.000000 0.000000
422.698879 -0.010000 -0.010000 -7.740000 0.000000 0.000000 -0.000000 0.000000 0.000000 0.000000 0.000000 0.000000
422.738166 0.090000 -0.030000 -6.790000 0.000000 0.000000 0.000000 0.000000 0.000000 0.000000 0.000000 0.000000
422.771580 0.060000 0.010000 -5.800000 -0.000000 0.000000 -0.000000 0.000000 0.000000 0.000000 0.000000 0.000000
422.807413 -0.180000 0.220000 -4.980000 0.010000 -0.000000 -0.010000 3.230395 -0.288428 0.000000 4.820000 14.460000
422.843186 0.100000 0.290000 -3.920000 0.010000 -0.000000 0.010000 8.883586 0.144214 0.000000 28.920000 24.100000
422.880188 1.360000 1.290000 -3.630000 -0.110000 -0.060000 0.140000 8.506595 -0.137931 0.000000 23.080000 27.690000
422.910870 -0.310000 -1.000000 -1.510000 0.060000 -0.000000 -0.030000 10.827185 0.000000 0.000000 32.310000 32.310000
422.938484 -0.280000 1.070000 -0.750000 -0.120000 -0.010000 0.060000 12.921580 0.000000 0.000000 38.560000 38.560000
422.976092 -0.270000 0.130000 -1.150000 -0.000000 0.010000 0.010000 12.921580 0.000000 0.000000 38.560000 38.560000
423.008060 -0.620000 0.150000 1.300000 0.080000 -0.030000 0.020000 16.239102 0.138230 0.000000 50.770000 46.150000
423.044985 -0.490000 -0.750000 -0.800000 0.050000 0.040000 0.020000 17.770524 0.000000 0.000000 53.030000 53.030000
423.077664 -0.310000 -0.270000 -0.680000 0.210000 0.060000 -0.040000 21.000919 0.000000 0.000000 62.670000 62.670000
423.111745 -0.090000 0.100000 1.040000 -0.160000 -0.030000 0.140000 20.193320 0.144214 0.000000 62.670000 57.850000
423.142884 0.230000 -0.720000 -1.320000 0.040000 0.070000 -0.090000 21.808517 -0.144214 0.000000 62.670000 67.490000
423.173570 0.180000 -0.190000 1.820000 -0.130000 -0.080000 0.050000 23.423715 -0.144214 0.000000 67.490000 72.310000
423.212993 0.000000 -0.590000 -0.650000 -0.090000 -0.020000 -0.040000 23.199196 0.000000 0.000000 69.230000 69.230000
423.240778 0.500000 -0.150000 0.540000 -0.000000 -0.010000 0.000000 24.231314 0.000000 0.000000 72.310000 72.310000
423.270969 -0.450000 0.040000 -1.510000 0.110000 -0.020000 -0.050000 25.846511 0.000000 0.000000 77.130000 77.130000
423.299897 0.900000 -0.170000 -0.850000 0.150000 0.090000 0.060000 24.747373 0.000000 0.000000 73.850000 73.850000
423.335153 -0.540000 -0.570000 2.490000 -0.020000 -0.060000 0.000000 26.292198 0.000000 0.000000 78.460000 78.460000
423.367765 -0.490000 -0.200000 0.780000 -0.030000 -0.020000 0.070000 27.461709 0.000000 0.000000 81.950000 81.950000
423.405079 0.070000 -0.020000 0.490000 -0.040000 0.040000 -0.090000 28.269307 -0.144214 0.000000 81.950000 86.770000
423.439972 0.080000 -0.230000 -0.450000 -0.040000 -0.120000 0.050000 27.840375 0.000000 0.000000 83.080000 83.080000
423.475482 0.440000 0.680000 -1.130000 0.110000 -0.030000 -0.030000 29.076906 0.000000 0.000000 86.770000 86.770000
423.512204 0.340000 -0.200000 -0.430000 0.160000 -0.040000 0.000000 28.269307 -0.144214 0.000000 81.950000 86.770000
423.542176 -0.340000 -0.790000 0.640000 -0.060000 0.080000 0.030000 29.076906 0.000000 0.000000 86.770000 86.770000
423.571380 0.150000 1.400000 0.730000 -0.090000 -0.050000 -0.130000 29.884505 -0.144214 0.000000 86.770000 91.590000
423.600497 0.180000 -0.330000 0.950000 -0.150000 0.050000 0.070000 29.076906 0.000000 0.000000 86.770000 86.770000
423.629925 -0.280000 0.680000 0.280000 -0.130000 -0.030000 -0.060000 27.840375 0.000000 0.000000 83.080000 83.080000
423.662900 -0.550000 0.150000 0.230000 -0.030000 0.060000 0.030000 27.461709 0.000000 0.000000 81.950000 81.950000
423.701453 0.820000 1.170000 1.170000 -0.160000 -0.010000 0.020000 29.076906 0.000000 0.000000 86.770000 86.770000
423.729131 -0.460000 -0.160000 -1.980000 0.170000 0.050000 -0.060000 27.840375 0.000000 0.000000 83.080000 83.080000
423.766735 -0.450000 -0.240000 2.670000 -0.030000 -0.080000 0.100000 29.385201 0.000000 0.000000 87.690000 87.690000
423.804257 -0.030000 0.540000 0.210000 -0.110000 -0.040000 -0.070000 29.076906 0.000000 0.000000 86.770000 86.770000
423.840501 -0.180000 0.160000 1.260000 -0.040000 -0.130000 -0.020000 29.076906 -0.288428 0.000000 81.950000 91.590000
423.870218 0.410000 -0.870000 -1.840000 0.050000 0.070000 0.060000 28.612788 0.137931 0.000000 87.690000 83.080000
423.899596 -0.800000 -0.280000 -1.550000 0.000000 0.000000 -0.000000 29.076906 0.000000 0.000000 86.770000 86.770000
423.937351 -0.600000 -0.940000 0.060000 -0.060000 0.040000 0.080000 29.076906 0.000000 0.000000 86.770000 86.770000
423.969617 0.570000 0.760000 -1.610000 0.130000 -0.100000 -0.070000 29.076906 0.000000 0.000000 86.770000 86.770000
424.007856 -0.470000 0.350000 -1.100000 0.240000 0.100000 0.020000 28.458641 0.110405 0.000000 86.770000 83.080000
424.044906 1.010000 0.300000 0.290000 -0.150000 -0.090000 -0.020000 29.076906 0.000000 0.000000 86.770000 86.770000
424.078971 -0.630000 -0.500000 -1.360000 0.120000 0.070000 -0.020000 28.612788 -0.137931 0.000000 83.080000 87.690000
424.117453 0.490000 0.210000 0.870000 -0.030000 -0.020000 0.120000 27.461709 0.000000 0.000000 81.950000 81.950000
424.149904 1.350000 -0.120000 -1.580000 0.200000 0.120000 -0.110000 29.076906 0.000000 0.000000 86.770000 86.770000
424.180536 -0.410000 0.170000 2.260000 0.070000 -0.070000 0.060000 28.612788 0.137931 0.000000 87.690000 83.080000
424.208780 0.550000 -0.080000 -0.820000 -0.120000 0.080000 -0.010000 27.840375 0.000000 0.000000 83.080000 83.080000
424.245015 -0.250000 -0.030000 -0.360000 0.050000 -0.000000 -0.060000 29.076906 0.000000 0.000000 86.770000 86.770000
424.281203 0.080000 -0.650000 0.700000 -0.050000 0.060000 0.100000 29.884505 -0.144214 0.000000 86.770000 91.590000
424.311268 -0.300000 -0.460000 0.120000 0.020000 -0.050000 -0.060000 28.612788 0.137931 0.000000 87.690000 83.080000
424.341232 -0.780000 0.010000 1.620000 -0.270000 -0.030000 0.080000 29.076906 0.000000 0.000000 86.770000 86.770000
424.369007 0.560000 0.400000 -2.160000 0.040000 -0.070000 0.000000 29.076906 0.000000 0.000000 86.770000 86.770000
424.401629 0.090000 -0.700000 -0.230000 0.130000 0.000000 0.030000 29.076906 0.000000 0.000000 86.770000 86.770000
424.437413 0.080000 -0.080000 -1.330000 0.050000 -0.000000 -0.000000 27.066287 0.138230 0.000000 83.080000 78.460000
424.475116 -0.590000 0.020000 -0.070000 -0.030000 0.030000 -0.010000 29.884505 -0.144214 0.000000 86.770000 91.590000
424.507147 0.420000 0.200000 0.750000 -0.000000 -0.060000 0.080000 28.612788 0.137931 0.000000 87.690000 83.080000
424.541381 0.260000 0.700000 -0.440000 0.080000 0.000000 -0.020000 27.461709 0.000000 0.000000 81.950000 81.950000
424.570104 0.340000 -0.160000 0.140000 0.110000 -0.050000 -0.010000 29.076906 0.000000 0.000000 86.770000 86.770000
424.600503 0.070000 -0.520000 0.780000 -0.060000 0.080000 0.040000 28.458641 -0.110405 0.000000 83.080000 86.770000
424.628625 0.360000 1.150000 1.600000 -0.080000 -0.010000 -0.090000 27.840375 0.000000 0.000000 83.080000 83.080000
424.665252 -0.970000 0.100000 1.710000 -0.230000 0.010000 0.050000 29.076906 0.000000 0.000000 86.770000 86.770000
424.697918 -0.030000 0.380000 0.740000 -0.170000 -0.080000 -0.100000 29.076906 0.000000 0.000000 86.770000 86.770000
424.736188 -0.500000 0.090000 -0.170000 -0.060000 -0.000000 0.020000 28.612788 0.137931 0.000000 87.690000 83.080000
424.771239 0.870000 1.080000 -0.610000 -0.140000 -0.080000 0.060000 29.076906 0.000000 0.000000 86.770000 86.770000
424.807475 -0.400000 -0.160000 -2.230000 0.110000 0.050000 -0.020000 29.884505 -0.144214 0.000000 86.770000 91.590000
424.847492 0.000000 -0.170000 1.510000 -0.070000 -0.040000 0.150000 28.269307 0.144214 0.000000 86.770000 81.950000
424.884362 -0.100000 0.490000 -0.550000 -0.110000 -0.040000 -0.130000 27.840375 0.000000 0.000000 83.080000 83.080000
424.917155 -0.040000 0.050000 0.320000 -0.040000 -0.120000 -0.010000 29.076906 0.000000 0.000000 86.770000 86.770000
424.950249 0.000000 -1.040000 -0.550000 0.080000 0.080000 0.030000 28.612788 -0.137931 0.000000 83.080000 87.690000
424.984638 -0.600000 -0.090000 -0.440000 -0.020000 0.040000 0.000000 28.269307 0.144214 0.000000 86.770000 81.950000
425.020645 -0.580000 -0.500000 1.680000 -0.080000 0.100000 0.060000 29.076906 0.000000 0.000000 86.770000 86.770000
425.049906 0.670000 0.220000 -2.270000 0.290000 -0.010000 -0.030000 29.076906 0.576856 0.000000 96.410000 77.130000
425.084084 -0.310000 -1.180000 -0.150000 0.210000 0.100000 -0.030000 28.612788 -0.137931 0.000000 83.080000 87.690000
425.120955 1.020000 1.280000 -0.310000 0.060000 0.040000 -0.040000 29.076906 0.000000 0.000000 86.770000 86.770000
425.148741 -0.090000 -1.280000 0.680000 0.020000 0.080000 -0.030000 29.884505 0.144214 0.000000 91.590000 86.770000
425.181342 -0.180000 0.150000 0.570000 0.030000 -0.040000 0.130000 27.840375 0.000000 0.000000 83.080000 83.080000
425.212325 0.420000 -0.940000 -1.010000 0.110000 0.050000 -0.130000 28.458641 0.110405 0.000000 86.770000 83.080000
425.241727 -0.680000 -0.150000 1.080000 0.070000 -0.100000 0.110000 29.076906 0.000000 0.000000 86.770000 86.770000
425.271167 0.730000 1.020000 -0.940000 -0.160000 0.010000 -0.090000 29.076906 0.000000 0.000000 86.770000 86.770000
425.301768 0.050000 -0.230000 -0.460000 -0.000000 0.020000 -0.050000 27.840375 0.000000 0.000000 83.080000 83.080000
425.330535 0.790000 0.540000 -0.310000 -0.070000 0.020000 0.070000 29.076906 0.000000 0.000000 86.770000 86.770000
425.359751 -0.230000 0.030000 -0.190000 0.060000 -0.030000 -0.060000 28.612788 -0.137931 0.000000 83.080000 87.690000
425.388961 -0.830000 -0.070000 1.810000 -0.310000 -0.010000 0.080000 27.461709 0.000000 0.000000 81.950000 81.950000
425.424124 0.700000 0.600000 -1.180000 -0.010000 -0.070000 0.010000 29.076906 0.000000 0.000000 86.770000 86.770000
425.459911 0.470000 -0.070000 -0.430000 0.180000 0.050000 0.010000 29.884505 0.144214 0.000000 91.590000 86.770000
425.488980 -0.190000 -0.070000 0.480000 0.040000 -0.010000 0.020000 27.840375 0.000000 0.000000 83.080000 83.080000
425.523370 -0.300000 -0.170000 0.530000 -0.050000 0.040000 -0.110000 29.076906 0.000000 0.000000 86.770000 86.770000
425.557683 -0.080000 -0.220000 0.310000 -0.050000 -0.080000 0.050000 29.884505 -0.144214 0.000000 86.770000 91.590000
425.590762 0.530000 0.500000 0.040000 0.050000 -0.030000 -0.060000 28.612788 0.137931 0.000000 87.690000 83.080000
425.629211 0.030000 -0.290000 -0.230000 0.130000 -0.100000 0.020000 28.612788 -0.137931 0.000000 83.080000 87.690000
425.656475 0.160000 -0.960000 1.550000 -0.100000 0.090000 0.040000 29.076906 0.000000 0.000000 86.770000 86.770000
425.693436 0.230000 1.260000 -0.480000 -0.060000 -0.050000 -0.100000 28.269307 0.144214 0.000000 86.770000 81.950000
425.733419 -0.550000 0.170000 1.570000 -0.230000 -0.050000 0.080000 25.519785 0.137931 0.000000 78.460000 73.850000
425.765799 0.310000 0.200000 0.020000 -0.100000 -0.070000 0.000000 26.654110 0.432642 0.000000 86.770000 72.310000
425.802016 -0.160000 -0.430000 -0.660000 -0.010000 0.030000 0.020000 21.223762 0.905078 0.000000 78.460000 48.210000
425.831484 0.620000 -0.530000 -0.610000 -0.170000 0.000000 0.310000 19.384046 0.865584 0.000000 72.310000 43.380000
425.860684 -0.450000 -1.440000 0.920000 0.060000 -0.000000 0.550000 17.768848 1.154012 0.000000 72.310000 33.740000
425.889785 -0.330000 -0.650000 -0.220000 0.010000 -0.030000 0.580000 13.730854 1.298226 0.000000 62.670000 19.280000
425.917884 0.190000 -0.640000 -0.350000 0.140000 0.040000 0.930000 11.599598 1.519035 0.000000 60.000000 9.230000
425.953745 -0.240000 -0.270000 -0.330000 0.010000 0.040000 1.200000 8.885262 1.586654 0.000000 53.030000 0.000000
425.986676 -0.590000 0.530000 -0.350000 0.030000 0.010000 1.490000 8.077663 1.442440 0.000000 48.210000 0.000000
426.019145 -0.090000 0.700000 0.030000 0.030000 0.030000 1.370000 6.958418 1.519035 0.000000 46.150000 -4.620000
426.057181 -0.360000 -0.280000 -0.630000 0.010000 0.020000 1.280000 6.958418 1.519035 0.000000 46.150000 -4.620000
426.094674 -0.370000 1.580000 0.200000 -0.000000 -0.010000 1.430000 7.270064 1.586654 0.000000 48.210000 -4.820000
426.126906 -0.280000 -0.250000 -0.180000 0.020000 0.060000 1.550000 4.845593 1.442141 0.000000 38.560000 -9.640000
426.163023 -0.010000 0.700000 -0.260000 0.010000 0.040000 1.560000 4.639504 1.657265 0.000000 41.540000 -13.850000
426.196950 0.280000 0.220000 0.650000 0.010000 0.050000 1.660000 4.845593 1.730569 0.000000 43.380000 -14.460000
426.233763 0.090000 0.190000 -0.350000 0.000000 0.050000 1.790000 3.230395 2.018997 0.000000 43.380000 -24.100000
426.270292 -0.030000 0.200000 0.210000 0.010000 0.040000 1.770000 2.422796 1.874783 0.000000 38.560000 -24.100000
426.299440 0.270000 -0.060000 0.040000 -0.000000 0.050000 1.870000 4.039669 2.163510 0.000000 48.210000 -24.100000
426.337270 0.660000 0.100000 -0.030000 -0.010000 0.030000 1.920000 2.422796 2.163211 0.000000 43.380000 -28.920000
426.369255 0.030000 0.120000 0.290000 -0.000000 0.020000 1.950000 2.320590 2.071357 0.000000 41.540000 -27.690000
426.398681 -0.190000 -0.050000 -0.060000 -0.010000 0.050000 1.960000 2.422796 2.163211 0.000000 43.380000 -28.920000
426.431290 0.090000 0.400000 -0.410000 0.030000 0.020000 2.040000 1.615198 2.307425 0.000000 43.380000 -33.740000
426.460203 0.260000 -0.130000 0.290000 -0.000000 0.020000 2.110000 1.546501 2.209587 0.000000 41.540000 -32.310000
426.487413 0.250000 -0.090000 -0.120000 0.010000 0.040000 2.140000 2.318914 2.347518 0.000000 46.150000 -32.310000
426.522060 0.020000 0.370000 0.210000 0.020000 0.020000 2.190000 1.615198 2.307425 0.000000 43.380000 -33.740000
426.549331 0.060000 -0.080000 0.020000 -0.010000 0.020000 2.260000 0.807599 2.451639 0.000000 43.380000 -38.560000
426.586531 0.240000 -0.170000 -0.090000 0.010000 0.030000 2.160000 0.774088 2.347518 0.000000 41.540000 -36.920000
426.620943 0.160000 -0.470000 0.240000 -0.020000 0.010000 2.190000 2.424472 2.451938 0.000000 48.210000 -33.740000
426.652566 -0.300000 0.430000 -0.320000 -0.010000 0.050000 2.210000 0.807599 2.451639 0.000000 43.380000 -38.560000
426.682213 0.270000 -0.390000 0.130000 0.010000 0.040000 2.080000 1.615198 2.307425 0.000000 43.380000 -33.740000
426.709878 -0.190000 -0.010000 -0.200000 0.000000 0.030000 2.110000 1.615198 2.307425 0.000000 43.380000 -33.740000
426.742414 0.370000 0.020000 0.170000 0.010000 0.020000 2.130000 1.615198 2.307425 0.000000 43.380000 -33.740000
426.773421 -0.340000 -0.000000 -0.260000 0.010000 -0.010000 2.140000 1.546501 2.209587 0.000000 41.540000 -32.310000
426.808394 -0.310000 0.110000 -0.070000 -0.020000 0.020000 2.120000 1.615198 2.307425 0.000000 43.380000 -33.740000
426.844095 0.370000 0.100000 0.100000 0.020000 0.020000 2.030000 0.807599 2.451639 0.000000 43.380000 -38.560000
426.878520 -0.320000 -0.470000 -0.090000 -0.010000 -0.010000 2.070000 1.546501 2.209587 0.000000 41.540000 -32.310000
426.913950 -0.060000 0.460000 0.260000 0.040000 0.020000 2.070000 2.320590 2.071357 0.000000 41.540000 -27.690000
426.949786 0.250000 -0.560000 0.270000 0.010000 0.000000 2.050000 1.615198 2.307425 0.000000 43.380000 -33.740000
426.980438 -0.420000 0.510000 -0.350000 0.040000 0.020000 2.120000 1.615198 2.307425 0.000000 43.380000 -33.740000
427.008703 0.320000 -0.480000 -0.040000 0.010000 0.000000 2.080000 1.546501 2.209587 0.000000 41.540000 -32.310000
427.044150 -0.310000 0.130000 -0.260000 0.020000 0.010000 2.100000 2.424472 2.451938 0.000000 48.210000 -33.740000
427.076290 0.390000 -0.040000 0.080000 0.030000 0.030000 2.070000 1.615198 2.307425 0.000000 43.380000 -33.740000
427.112518 -0.400000 -0.090000 -0.290000 0.030000 0.040000 2.010000 0.807599 2.163211 0.000000 38.560000 -33.740000
427.139869 -0.360000 -0.020000 0.280000 0.030000 0.020000 2.000000 2.628885 2.126409 0.000000 43.380000 -27.690000
427.177025 -0.080000 -0.190000 -0.240000 0.010000 0.010000 1.990000 1.615198 2.307425 0.000000 43.380000 -33.740000
427.211408 -0.420000 -0.170000 -0.020000 0.010000 0.030000 2.040000 0.772413 2.071357 0.000000 36.920000 -32.310000
427.238699 -0.030000 -0.200000 0.110000 0.010000 0.030000 1.960000 2.422796 2.163211 0.000000 43.380000 -28.920000
427.272548 -0.180000 -0.100000 -0.150000 0.010000 0.000000 1.990000 1.615198 2.307425 0.000000 43.380000 -33.740000
427.311934 -0.040000 -0.040000 0.330000 0.010000 0.040000 2.020000 1.546501 2.209587 0.000000 41.540000 -32.310000
427.340096 0.070000 -0.520000 0.070000 0.020000 0.040000 2.030000 1.546501 2.209587 0.000000 41.540000 -32.310000
427.369805 0.010000 0.260000 0.230000 -0.000000 0.030000 2.010000 2.422796 2.163211 0.000000 43.380000 -28.920000
427.405692 0.300000 0.270000 -0.100000 0.020000 0.040000 1.980000 1.615198 2.307425 0.000000 43.380000 -33.740000
427.438366 0.070000 0.100000 0.000000 0.000000 0.030000 2.040000 2.320590 2.071357 0.000000 41.540000 -27.690000
427.475617 0.240000 0.160000 0.090000 0.020000 0.040000 2.000000 0.807599 2.163211 0.000000 38.560000 -33.740000
427.511993 -0.150000 0.140000 -0.050000 0.020000 0.010000 2.040000 1.615198 2.307425 0.000000 43.380000 -33.740000
427.541396 0.370000 0.300000 0.160000 0.020000 0.040000 2.020000 2.422796 2.163211 0.000000 43.380000 -28.920000
427.568787 0.280000 -0.380000 -0.290000 0.040000 0.050000 1.960000 2.320590 2.071357 0.000000 41.540000 -27.690000
427.605033 -0.440000 0.150000 -0.170000 0.020000 0.020000 1.960000 1.615198 2.307425 0.000000 43.380000 -33.740000
427.637406 0.250000 0.050000 0.240000 0.030000 0.050000 1.870000 1.546501 2.209587 0.000000 41.540000 -32.310000
427.670984 0.040000 -0.420000 0.710000 -0.010000 0.010000 1.940000 1.615198 2.018997 0.000000 38.560000 -28.920000
427.699956 -0.270000 0.700000 -0.480000 0.020000 0.060000 1.880000 1.615198 2.018997 0.000000 38.560000 -28.920000
427.729682 -0.190000 -0.490000 -0.210000 0.020000 0.030000 1.870000 0.807599 2.163211 0.000000 38.560000 -33.740000
427.765299 -0.300000 0.310000 0.180000 -0.000000 0.030000 1.930000 2.320590 2.071357 0.000000 41.540000 -27.690000
427.802447 0.290000 -0.450000 -0.360000 0.000000 0.050000 1.900000 1.615198 2.018997 0.000000 38.560000 -28.920000
427.832470 -0.050000 0.380000 -0.040000 -0.000000 0.030000 1.840000 2.422796 2.163211 0.000000 43.380000 -28.920000
427.860982 0.440000 0.310000 0.270000 0.000000 0.050000 1.860000 2.320590 2.071357 0.000000 41.540000 -27.690000
427.889588 0.000000 0.130000 -0.130000 0.010000 0.060000 1.920000 0.807599 2.163211 0.000000 38.560000 -33.740000
427.924757 0.300000 -0.240000 -0.170000 0.010000 0.040000 1.850000 1.615198 2.018997 0.000000 38.560000 -28.920000
427.961385 0.090000 -0.150000 -0.210000 0.010000 -0.000000 1.870000 2.422796 2.163211 0.000000 43.380000 -28.920000
427.995353 -0.340000 -0.010000 0.250000 0.000000 0.010000 1.880000 2.320590 2.071357 0.000000 41.540000 -27.690000
428.033437 -0.260000 -0.190000 0.120000 -0.000000 0.040000 1.920000 0.807599 2.163211 0.000000 38.560000 -33.740000
428.068876 -0.080000 0.020000 0.010000 0.010000 0.040000 1.890000 2.320590 2.071357 0.000000 41.540000 -27.690000
428.105791 -0.180000 -0.230000 0.120000 -0.000000 0.030000 1.890000 1.615198 2.018997 0.000000 38.560000 -28.920000
428.143033 -0.360000 -0.140000 -0.690000 -0.000000 0.040000 1.990000 2.422796 2.163211 0.000000 43.380000 -28.920000
428.170373 0.170000 0.060000 -0.130000 0.010000 0.010000 1.910000 1.615198 2.307425 0.000000 43.380000 -33.740000
428.205678 0.030000 0.300000 0.410000 0.000000 0.010000 1.880000 1.546501 1.933127 0.000000 36.920000 -27.690000
428.238253 0.130000 0.360000 0.310000 0.000000 0.050000 1.890000 1.615198 2.307425 0.000000 43.380000 -33.740000
428.273350 0.020000 0.030000 -0.070000 -0.000000 0.020000 1.960000 2.422796 2.163211 0.000000 43.380000 -28.920000
428.307685 0.300000 0.040000 0.260000 0.000000 0.020000 1.900000 0.772413 2.071357 0.000000 36.920000 -32.310000
428.342595 0.400000 -0.020000 -0.190000 0.000000 0.030000 1.870000 2.320590 2.071357 0.000000 41.540000 -27.690000
428.370904 0.100000 0.200000 -0.080000 -0.000000 0.020000 1.900000 0.807599 2.163211 0.000000 38.560000 -33.740000
428.400995 0.030000 -0.440000 -0.340000 0.010000 0.030000 1.830000 1.615198 2.018997 0.000000 38.560000 -28.920000
428.430251 -0.410000 -0.090000 0.350000 -0.020000 0.020000 1.890000 0.772413 2.071357 0.000000 36.920000 -32.310000
428.458267 -0.510000 0.030000 0.370000 0.020000 0.070000 1.880000 2.422796 2.163211 0.000000 43.380000 -28.920000
428.491987 -0.320000 -0.450000 0.400000 -0.030000 0.030000 1.990000 0.532814 2.114142 0.000000 36.920000 -33.740000
428.526533 0.220000 0.300000 -0.140000 0.000000 0.020000 1.870000 2.422796 2.163211 0.000000 43.380000 -28.920000
428.564735 0.030000 -0.310000 -0.140000 -0.000000 -0.000000 1.900000 0.807599 2.163211 0.000000 38.560000 -33.740000
428.599347 0.330000 0.550000 -0.070000 0.000000 0.020000 1.980000 2.422796 2.163211 0.000000 43.380000 -28.920000
428.632142 0.360000 -0.010000 0.000000 -0.000000 0.020000 1.930000 0.772413 2.071357 0.000000 36.920000 -32.310000
428.660100 0.040000 0.230000 -0.070000 0.000000 0.020000 1.920000 0.807599 2.163211 0.000000 38.560000 -33.740000
428.694138 -0.020000 0.140000 -0.080000 0.020000 0.020000 1.970000 1.615198 2.307425 0.000000 43.380000 -33.740000
428.729746 0.140000 0.110000 0.030000 -0.000000 0.030000 2.030000 1.546501 1.933127 0.000000 36.920000 -27.690000
428.758075 0.050000 -0.460000 -0.190000 0.010000 -0.000000 1.990000 0.772413 2.071357 0.000000 36.920000 -32.310000
428.794951 -0.300000 0.100000 -0.040000 -0.000000 -0.000000 1.990000 1.615198 2.307425 0.000000 43.380000 -33.740000
428.832218 0.000000 -0.220000 0.000000 0.020000 0.060000 2.000000 2.422796 2.163211 0.000000 43.380000 -28.920000
428.867048 -0.520000 -0.200000 -0.010000 0.000000 0.020000 2.030000 0.774088 2.347518 0.000000 41.540000 -36.920000
428.900417 0.110000 -0.290000 -0.030000 0.020000 0.020000 2.050000 1.615198 2.307425 0.000000 43.380000 -33.740000
428.936532 0.060000 0.430000 -0.080000 -0.000000 0.000000 2.070000 1.615198 2.307425 0.000000 43.380000 -33.740000
428.969585 0.110000 0.140000 -0.280000 -0.010000 0.020000 2.090000 0.807599 2.163211 0.000000 38.560000 -33.740000
429.004890 0.320000 -0.050000 0.130000 0.020000 0.020000 2.030000 0.807599 2.163211 0.000000 38.560000 -33.740000
429.039437 0.160000 0.260000 0.440000 0.030000 0.020000 2.040000 1.615198 2.307425 0.000000 43.380000 -33.740000
429.074030 -0.060000 0.450000 -0.010000 0.040000 0.020000 2.100000 1.546501 2.209587 0.000000 41.540000 -32.310000
429.109512 0.100000 -0.130000 0.150000 0.010000 0.030000 2.060000 0.807599 2.163211 0.000000 38.560000 -33.740000
429.138772 -0.130000 -0.120000 -0.220000 0.030000 0.030000 2.030000 1.615198 2.307425 0.000000 43.380000 -33.740000
429.174442 0.650000 -0.050000 -0.080000 0.030000 0.010000 2.010000 1.546501 2.209587 0.000000 41.540000 -32.310000
429.211641 -0.200000 -0.290000 0.030000 0.020000 0.020000 2.110000 1.546501 2.209587 0.000000 41.540000 -32.310000
429.239039 0.160000 -0.470000 0.210000 0.020000 0.030000 2.000000 1.615198 2.307425 0.000000 43.380000 -33.740000
429.275181 -0.480000 -0.220000 0.130000 0.010000 0.030000 1.950000 0.807599 2.163211 0.000000 38.560000 -33.740000
429.307429 -0.160000 0.260000 0.150000 0.020000 0.030000 2.000000 1.546501 2.209587 0.000000 41.540000 -32.310000
429.342729 -0.080000 -0.560000 -0.320000 0.030000 0.020000 2.010000 0.807599 2.163211 0.000000 38.560000 -33.740000
429.371128 -0.400000 0.460000 0.110000 0.030000 0.040000 2.030000 1.615198 2.018997 0.000000 38.560000 -28.920000
429.399934 0.260000 -0.150000 0.050000 0.020000 0.040000 1.960000 0.807599 2.163211 0.000000 38.560000 -33.740000
429.427921 -0.040000 0.430000 -0.220000 0.010000 0.050000 2.040000 1.615198 2.307425 0.000000 43.380000 -33.740000
429.462533 0.650000 -0.100000 0.400000 0.020000 0.040000 1.940000 1.615198 2.307425 0.000000 43.380000 -33.740000
429.492808 0.100000 -0.030000 -0.170000 0.020000 0.030000 1.980000 1.546501 2.209587 0.000000 41.540000 -32.310000
429.522044 0.140000 0.230000 -0.060000 0.020000 0.040000 2.000000 2.422796 2.163211 0.000000 43.380000 -28.920000
429.551200 -0.050000 -0.310000 -0.340000 0.010000 0.040000 1.990000 0.807599 2.163211 0.000000 38.560000 -33.740000
429.581031 -0.000000 -0.060000 0.030000 0.030000 0.020000 1.970000 1.546501 2.209587 0.000000 41.540000 -32.310000
429.609514 -0.150000 -0.200000 -0.100000 0.010000 0.030000 1.980000 1.546501 2.209587 0.000000 41.540000 -32.310000
429.645959 -0.110000 -0.060000 0.130000 -0.010000 0.060000 2.110000 1.615198 2.018997 0.000000 38.560000 -28.920000
429.678107 -0.100000 -0.190000 0.250000 0.010000 0.060000 2.060000 0.807599 2.163211 0.000000 38.560000 -33.740000
429.714529 -0.190000 0.010000 -0.010000 0.020000 0.020000 2.050000 2.318914 2.347518 0.000000 46.150000 -32.310000
429.749644 -0.020000 -0.180000 -0.150000 0.020000 0.040000 2.080000 1.615198 2.307425 0.000000 43.380000 -33.740000
429.779274 -0.160000 -0.060000 -0.150000 0.000000 0.060000 2.130000 1.615198 2.307425 0.000000 43.380000 -33.740000
429.815177 0.380000 0.270000 0.030000 0.000000 0.060000 2.060000 0.807599 2.163211 0.000000 38.560000 -33.740000
429.848937 0.200000 -0.130000 -0.070000 0.010000 0.050000 2.030000 1.546501 2.209587 0.000000 41.540000 -32.310000
429.884344 -0.210000 0.230000 -0.310000 0.010000 0.040000 2.110000 1.615198 2.307425 0.000000 43.380000 -33.740000
429.916411 0.250000 -0.100000 -0.090000 0.010000 0.020000 2.120000 0.774088 2.347518 0.000000 41.540000 -36.920000
429.953698 0.130000 0.320000 -0.100000 0.000000 0.030000 2.110000 1.615198 2.307425 0.000000 43.380000 -33.740000
429.987375 0.260000 0.370000 0.140000 0.000000 0.050000 2.140000 0.807599 2.451639 0.000000 43.380000 -38.560000
430.024395 -0.200000 -0.340000 0.020000 -0.020000 0.040000 2.140000 1.546501 2.209587 0.000000 41.540000 -32.310000
430.062667 -0.220000 -0.190000 -0.010000 -0.020000 0.030000 2.190000 1.546501 2.209587 0.000000 41.540000 -32.310000
430.095101 0.470000 0.510000 0.170000 0.010000 0.010000 2.140000 2.424472 2.451938 0.000000 48.210000 -33.740000
430.131911 -0.170000 -0.290000 0.220000 -0.020000 0.020000 2.130000 1.615198 2.307425 0.000000 43.380000 -33.740000
430.159777 -0.270000 0.480000 0.410000 0.000000 0.050000 2.110000 1.546501 2.209587 0.000000 41.540000 -32.310000
430.189218 0.190000 -0.480000 -0.250000 0.010000 0.060000 2.060000 2.424472 2.451938 0.000000 48.210000 -33.740000
430.221478 -0.770000 0.240000 0.310000 -0.010000 0.050000 2.160000 2.422796 2.163211 0.000000 43.380000 -28.920000
430.256552 0.030000 -0.120000 -0.080000 0.010000 0.040000 2.110000 1.615198 2.307425 0.000000 43.380000 -33.740000
430.292132 -0.090000 -0.040000 -0.210000 -0.010000 0.020000 2.080000 1.546501 2.209587 0.000000 41.540000 -32.310000
430.322277 0.420000 0.130000 0.060000 0.000000 0.040000 2.100000 1.615198 2.307425 0.000000 43.380000 -33.740000
430.351542 0.320000 -0.200000 -0.180000 -0.000000 0.050000 2.060000 1.546501 2.209587 0.000000 41.540000 -32.310000
430.380399 -0.310000 -0.140000 -0.060000 -0.000000 0.020000 2.090000 1.615198 2.307425 0.000000 43.380000 -33.740000
430.411000 0.380000 0.030000 0.130000 -0.000000 0.010000 2.100000 2.422796 2.163211 0.000000 43.380000 -28.920000
430.441314 0.210000 -0.270000 -0.460000 -0.010000 0.040000 2.100000 1.616873 2.596152 0.000000 48.210000 -38.560000
430.477710 0.060000 -0.050000 0.250000 0.010000 0.010000 2.080000 1.546501 2.209587 0.000000 41.540000 -32.310000
430.510727 -0.040000 0.160000 0.040000 0.010000 0.010000 2.050000 2.424472 2.451938 0.000000 48.210000 -33.740000
430.549008 -0.270000 0.210000 0.170000 -0.000000 0.040000 2.060000 1.615198 2.307425 0.000000 43.380000 -33.740000
430.584866 -0.120000 0.040000 -0.310000 0.030000 0.050000 1.950000 1.546501 2.209587 0.000000 41.540000 -32.310000
430.620517 -0.130000 -0.210000 0.040000 0.010000 0.000000 1.940000 2.628885 2.126409 0.000000 43.380000 -27.690000
430.650289 -0.390000 0.010000 -0.060000 0.000000 0.000000 2.000000 2.422796 2.163211 0.000000 43.380000 -28.920000
430.677493 0.240000 -0.270000 -0.590000 0.020000 0.000000 1.920000 1.615198 2.018997 0.000000 38.560000 -28.920000
430.712262 -0.150000 0.230000 0.070000 0.020000 0.010000 1.870000 2.320590 2.071357 0.000000 41.540000 -27.690000
430.742035 -0.650000 0.110000 0.150000 0.020000 0.010000 1.890000 1.615198 2.307425 0.000000 43.380000 -33.740000
430.771312 -0.160000 -0.150000 -0.180000 0.000000 0.010000 1.920000 1.546501 1.933127 0.000000 36.920000 -27.690000
430.800895 0.320000 0.210000 -0.270000 0.030000 0.020000 1.930000 1.615198 2.018997 0.000000 38.560000 -28.920000
430.830231 0.020000 -0.330000 0.320000 0.000000 0.020000 1.860000 1.615198 2.018997 0.000000 38.560000 -28.920000
430.859964 -0.270000 0.420000 -0.270000 -0.030000 0.030000 1.950000 1.615198 2.018997 0.000000 38.560000 -28.920000
430.895565 0.290000 -0.180000 0.250000 0.040000 0.040000 1.850000 1.546501 2.209587 0.000000 41.540000 -32.310000
430.927603 0.090000 0.300000 -0.320000 0.020000 0.020000 1.890000 1.615198 2.018997 0.000000 38.560000 -28.920000
430.964126 0.150000 -0.030000 0.340000 0.030000 0.020000 1.900000 2.422796 2.163211 0.000000 43.380000 -28.920000
431.000388 0.100000 -0.170000 0.360000 0.020000 0.050000 1.940000 1.546501 1.933127 0.000000 36.920000 -27.690000
431.028590 -0.120000 -0.060000 -0.070000 0.030000 0.020000 1.830000 1.546501 1.933127 0.000000 36.920000 -27.690000
431.066085 -0.070000 -0.110000 0.010000 0.010000 0.020000 1.880000 1.615198 2.307425 0.000000 43.380000 -33.740000
431.101026 -0.290000 0.070000 0.110000 0.020000 0.030000 1.920000 1.615198 2.018997 0.000000 38.560000 -28.920000
431.132536 -0.330000 -0.300000 -0.220000 0.010000 0.020000 1.970000 1.546501 1.933127 0.000000 36.920000 -27.690000
431.161375 -0.180000 0.170000 0.010000 0.010000 0.060000 1.920000 2.422796 2.163211 0.000000 43.380000 -28.920000
431.190132 0.450000 0.120000 0.340000 -0.010000 0.030000 1.860000 1.340413 1.969928 0.000000 36.920000 -28.920000
431.218071 -0.160000 0.340000 -0.120000 0.010000 0.020000 1.960000 1.615198 2.018997 0.000000 38.560000 -28.920000
431.253172 0.440000 -0.050000 0.060000 0.020000 0.050000 1.860000 1.615198 2.018997 0.000000 38.560000 -28.920000
431.282807 0.010000 0.240000 0.260000 0.030000 0.030000 1.870000 1.615198 2.018997 0.000000 38.560000 -28.920000
431.311391 0.230000 0.320000 0.150000 0.020000 0.030000 1.870000 1.546501 2.209587 0.000000 41.540000 -32.310000
431.338923 0.190000 -0.300000 -0.270000 0.020000 0.040000 1.850000 1.615198 2.018997 0.000000 38.560000 -28.920000
431.376271 -0.230000 -0.010000 -0.000000 0.010000 0.010000 1.830000 2.422796 2.163211 0.000000 43.380000 -28.920000
431.409627 -0.140000 -0.390000 0.170000 -0.000000 0.000000 1.850000 1.546501 1.933127 0.000000 36.920000 -27.690000
431.439911 -0.540000 0.220000 -0.420000 0.020000 0.040000 1.930000 1.546501 1.933127 0.000000 36.920000 -27.690000
431.473172 -0.040000 -0.240000 -0.050000 0.020000 0.050000 1.910000 1.615198 2.018997 0.000000 38.560000 -28.920000
431.510214 -0.040000 -0.030000 0.140000 0.000000 0.040000 1.930000 2.422796 2.163211 0.000000 43.380000 -28.920000
431.538784 0.170000 0.160000 -0.230000 0.010000 0.040000 1.910000 1.546501 1.933127 0.000000 36.920000 -27.690000
431.575640 0.260000 -0.080000 0.380000 -0.020000 0.010000 1.930000 1.615198 2.307425 0.000000 43.380000 -33.740000
431.610719 -0.010000 0.450000 0.190000 0.020000 0.030000 1.870000 2.422796 2.163211 0.000000 43.380000 -28.920000
431.644336 0.440000 -0.170000 -0.130000 0.020000 0.040000 1.800000 1.615198 2.018997 0.000000 38.560000 -28.920000
431.681153 0.020000 0.590000 0.160000 0.010000 0.020000 1.850000 1.615198 2.018997 0.000000 38.560000 -28.920000
431.710260 -0.180000 -0.460000 -0.190000 0.010000 0.040000 1.810000 0.807599 2.163211 0.000000 38.560000 -33.740000
431.739354 -0.660000 0.150000 -0.010000 -0.000000 0.010000 1.860000 1.546501 1.933127 0.000000 36.920000 -27.690000
431.772403 0.090000 -0.270000 0.390000 0.000000 0.030000 1.840000 2.422796 1.874783 0.000000 38.560000 -24.100000
431.801455 -0.020000 0.150000 -0.650000 -0.010000 0.060000 1.910000 1.615198 2.307425 0.000000 43.380000 -33.740000
431.828572 0.280000 -0.050000 -0.080000 0.020000 0.050000 1.890000 1.546501 1.933127 0.000000 36.920000 -27.690000
431.865971 0.280000 0.120000 0.290000 0.000000 0.050000 1.850000 2.320590 2.071357 0.000000 41.540000 -27.690000
431.902222 0.370000 0.200000 -0.090000 0.010000 0.030000 1.870000 1.615198 2.307425 0.000000 43.380000 -33.740000
431.931181 0.130000 0.060000 0.280000 0.000000 0.000000 1.910000 0.807599 1.874783 0.000000 33.740000 -28.920000
431.960990 0.130000 -0.160000 0.220000 0.010000 0.020000 1.830000 2.320590 2.071357 0.000000 41.540000 -27.690000
431.998730 -0.180000 -0.100000 -0.330000 0.000000 0.000000 1.850000 0.807599 2.163211 0.000000 38.560000 -33.740000
432.036252 -0.120000 -0.170000 0.200000 -0.000000 0.010000 1.940000 0.807599 2.163211 0.000000 38.560000 -33.740000
432.068956 -0.100000 -0.410000 -0.170000 0.000000 -0.000000 1.970000 1.615198 2.018997 0.000000 38.560000 -28.920000
432.105172 -0.590000 0.190000 0.220000 0.000000 0.020000 1.930000 1.615198 2.018997 0.000000 38.560000 -28.920000
432.140269 0.250000 0.160000 -0.330000 -0.000000 0.040000 1.910000 1.615198 2.018997 0.000000 38.560000 -28.920000
432.177929 0.030000 0.360000 -0.070000 0.010000 0.030000 1.970000 1.546501 2.209587 0.000000 41.540000 -32.310000
432.215609 0.100000 0.050000 -0.020000 0.020000 0.010000 1.920000 1.615198 2.018997 0.000000 38.560000 -28.920000
432.252078 -0.070000 0.120000 0.090000 0.030000 0.000000 1.970000 2.422796 2.163211 0.000000 43.380000 -28.920000
432.289428 0.430000 0.080000 -0.120000 0.020000 0.030000 1.920000 0.772413 2.071357 0.000000 36.920000 -32.310000
432.326626 -0.150000 -0.040000 -0.300000 0.010000 0.040000 1.930000 1.546501 1.933127 0.000000 36.920000 -27.690000
432.358964 0.110000 -0.340000 -0.170000 0.020000 0.050000 1.890000 0.807599 2.163211 0.000000 38.560000 -33.740000
432.398894 0.110000 -0.480000 0.150000 -0.000000 0.010000 1.940000 0.807599 2.163211 0.000000 38.560000 -33.740000
432.436710 -0.260000 0.230000 0.170000 -0.020000 0.020000 1.980000 2.320590 2.071357 0.000000 41.540000 -27.690000
432.471755 -0.260000 -0.210000 -0.050000 -0.000000 0.040000 1.950000 0.807599 2.163211 0.000000 38.560000 -33.740000
432.499635 -0.250000 0.220000 0.060000 0.030000 0.060000 1.960000 0.807599 2.163211 0.000000 38.560000 -33.740000
432.537782 0.690000 0.090000 0.220000 0.010000 0.030000 1.930000 0.807599 2.163211 0.000000 38.560000 -33.740000
432.574739 -0.110000 -0.240000 0.300000 -0.000000 0.030000 2.040000 0.772413 2.071357 0.000000 36.920000 -32.310000
432.606507 0.280000 0.130000 0.140000 0.020000 0.030000 1.940000 1.615198 2.307425 0.000000 43.380000 -33.740000
432.639209 0.120000 -0.370000 0.040000 -0.000000 0.020000 1.930000 1.546501 1.933127 0.000000 36.920000 -27.690000
432.677542 0.060000 0.470000 -0.000000 0.020000 0.030000 1.950000 0.807599 2.163211 0.000000 38.560000 -33.740000
432.714540 0.040000 -0.630000 -0.150000 -0.000000 0.020000 1.980000 2.422796 2.163211 0.000000 43.380000 -28.920000
432.748470 -0.260000 0.090000 0.220000 0.020000 0.030000 1.980000 0.772413 2.071357 0.000000 36.920000 -32.310000
432.781986 -0.250000 0.010000 0.010000 0.020000 0.040000 1.960000 1.546501 1.933127 0.000000 36.920000 -27.690000
432.821009 -0.120000 0.150000 -0.370000 0.010000 0.030000 2.000000 1.615198 2.307425 0.000000 43.380000 -33.740000
432.850924 0.040000 -0.080000 0.200000 0.020000 0.030000 1.900000 0.807599 2.163211 0.000000 38.560000 -33.740000
432.884588 0.230000 0.120000 -0.320000 -0.010000 0.060000 1.880000 2.320590 2.071357 0.000000 41.540000 -27.690000
432.919324 -0.100000 0.350000 0.270000 0.010000 0.060000 1.830000 1.615198 2.018997 0.000000 38.560000 -28.920000
432.948034 0.420000 0.150000 -0.070000 0.010000 0.030000 1.860000 1.615198 2.018997 0.000000 38.560000 -28.920000
432.984391 0.050000 -0.020000 -0.090000 0.010000 0.040000 1.790000 0.807599 1.874783 0.000000 33.740000 -28.920000
433.021055 -0.240000 -0.250000 0.000000 0.000000 0.020000 1.860000 1.546501 1.933127 0.000000 36.920000 -27.690000
433.050477 -0.150000 -0.030000 -0.210000 0.020000 0.020000 1.960000 1.615198 2.018997 0.000000 38.560000 -28.920000
433.077583 0.020000 -0.150000 0.090000 0.010000 0.030000 1.970000 1.546501 2.209587 0.000000 41.540000 -32.310000
433.113290 0.240000 0.160000 -0.080000 0.010000 0.040000 1.920000 0.807599 2.163211 0.000000 38.560000 -33.740000
433.149491 0.060000 -0.110000 0.030000 -0.010000 0.030000 1.940000 2.422796 2.163211 0.000000 43.380000 -28.920000
433.180102 0.170000 0.090000 0.280000 -0.000000 0.060000 2.000000 1.615198 2.307425 0.000000 43.380000 -33.740000
433.209325 0.210000 0.070000 0.090000 0.010000 0.050000 1.950000 1.546501 1.933127 0.000000 36.920000 -27.690000
433.243923 -0.230000 0.030000 -0.050000 0.010000 0.030000 1.940000 1.615198 2.307425 0.000000 43.380000 -33.740000
433.275620 0.020000 0.070000 0.030000 0.020000 0.010000 1.920000 0.807599 2.163211 0.000000 38.560000 -33.740000
433.311270 0.120000 -0.130000 -0.420000 -0.000000 0.040000 1.980000 1.546501 2.209587 0.000000 41.540000 -32.310000
433.338295 0.390000 0.040000 -0.090000 0.020000 0.050000 1.980000 0.807599 2.163211 0.000000 38.560000 -33.740000
433.373189 -0.170000 -0.090000 -0.130000 0.010000 0.020000 1.940000 2.422796 2.163211 0.000000 43.380000 -28.920000
433.409498 -0.450000 0.060000 0.260000 -0.010000 0.050000 2.030000 1.615198 2.307425 0.000000 43.380000 -33.740000
433.437179 -0.130000 -0.320000 0.210000 0.010000 0.020000 1.960000 1.546501 2.209587 0.000000 41.540000 -32.310000
433.473361 -0.280000 -0.330000 0.170000 -0.020000 0.020000 2.000000 1.615198 2.307425 0.000000 43.380000 -33.740000
433.508347 -0.200000 0.190000 0.150000 0.020000 0.050000 2.040000 2.320590 2.071357 0.000000 41.540000 -27.690000
433.543060 0.040000 -0.240000 -0.180000 -0.020000 0.030000 2.090000 1.615198 2.018997 0.000000 38.560000 -28.920000
433.571385 0.320000 0.050000 0.010000 -0.010000 0.010000 2.030000 0.807599 2.451639 0.000000 43.380000 -38.560000
433.601628 0.090000 -0.080000 0.040000 -0.010000 0.030000 2.100000 1.615198 2.307425 0.000000 43.380000 -33.740000
433.629088 0.240000 0.370000 -0.140000 -0.000000 0.050000 2.170000 1.546501 2.209587 0.000000 41.540000 -32.310000
433.665571 0.110000 -0.150000 -0.020000 0.010000 0.030000 2.090000 1.615198 2.307425 0.000000 43.380000 -33.740000
433.701023 0.270000 0.160000 -0.230000 -0.010000 0.020000 2.090000 2.424472 2.451938 0.000000 48.210000 -33.740000
433.730927 -0.020000 0.290000 -0.040000 0.010000 0.030000 2.090000 1.546501 2.209587 0.000000 41.540000 -32.310000
433.765915 0.320000 -0.280000 -0.130000 -0.010000 0.010000 2.070000 1.546501 2.209587 0.000000 41.540000 -32.310000
433.801639 -0.220000 0.350000 0.080000 0.010000 0.000000 2.000000 1.615198 2.307425 0.000000 43.380000 -33.740000
433.830695 -0.080000 -0.050000 0.160000 0.000000 0.010000 2.000000 2.422796 2.163211 0.000000 43.380000 -28.920000
433.858218 -0.280000 -0.080000 0.110000 0.000000 0.000000 2.040000 0.772413 2.071357 0.000000 36.920000 -32.310000
433.892896 -0.180000 0.100000 0.060000 0.030000 0.020000 1.930000 1.615198 2.307425 0.000000 43.380000 -33.740000
433.922457 -0.080000 -0.410000 -0.130000 0.020000 -0.010000 1.940000 2.114501 2.108158 0.000000 41.540000 -28.920000
433.958473 -0.080000 0.270000 0.160000 -0.000000 0.010000 1.970000 1.615198 2.018997 0.000000 38.560000 -28.920000
433.992713 -0.150000 -0.720000 -0.210000 -0.010000 0.020000 1.900000 0.807599 2.163211 0.000000 38.560000 -33.740000
434.028509 -0.150000 0.020000 -0.150000 0.010000 0.020000 1.930000 1.615198 2.307425 0.000000 43.380000 -33.740000
434.066116 -0.090000 -0.110000 0.160000 0.000000 0.030000 1.970000 1.546501 1.933127 0.000000 36.920000 -27.690000
434.098602 -0.330000 0.050000 0.120000 0.010000 0.050000 2.080000 1.615198 2.307425 0.000000 43.380000 -33.740000
434.132321 0.480000 0.400000 -0.290000 0.030000 0.060000 2.000000 2.422796 2.163211 0.000000 43.380000 -28.920000
434.182942 0.250000 -0.140000 0.090000 0.000000 0.010000 1.940000 1.546501 2.209587 0.000000 41.540000 -32.310000
434.241218 -0.760000 0.540000 -0.240000 -0.030000 -0.030000 2.020000 1.546501 2.209587 0.000000 41.540000 -32.310000
434.291579 -0.030000 -0.570000 -0.470000 0.000000 0.050000 1.970000 0.807599 2.163211 0.000000 38.560000 -33.740000
434.325046 -0.010000 0.500000 0.020000 0.010000 0.020000 1.950000 3.230395 2.018997 0.000000 43.380000 -24.100000
434.358449 0.480000 0.050000 0.250000 0.030000 0.020000 1.900000 2.320590 2.071357 0.000000 41.540000 -27.690000
434.393929 -0.460000 -0.070000 0.240000 0.010000 0.040000 1.980000 0.807599 2.163211 0.000000 38.560000 -33.740000
434.430889 0.250000 -0.350000 -0.240000 0.030000 0.030000 1.880000 2.422796 2.163211 0.000000 43.380000 -28.920000
434.458359 0.000000 0.080000 -0.180000 0.020000 -0.000000 1.900000 1.615198 2.018997 0.000000 38.560000 -28.920000
434.493979 -0.420000 0.070000 0.120000 0.020000 0.040000 1.930000 1.615198 2.018997 0.000000 38.560000 -28.920000
434.530971 -0.290000 -0.340000 -0.010000 0.020000 0.020000 1.880000 1.615198 2.018997 0.000000 38.560000 -28.920000
434.559629 -0.100000 0.160000 0.260000 0.020000 0.030000 1.870000 1.546501 1.933127 0.000000 36.920000 -27.690000
434.593622 0.130000 -0.030000 0.030000 0.030000 0.060000 1.870000 1.615198 2.018997 0.000000 38.560000 -28.920000
434.627400 0.260000 0.280000 0.030000 0.030000 0.030000 1.930000 1.615198 2.018997 0.000000 38.560000 -28.920000
434.661199 0.500000 -0.080000 0.070000 0.030000 0.040000 1.840000 1.546501 1.933127 0.000000 36.920000 -27.690000
434.690908 -0.030000 0.410000 0.050000 0.030000 0.030000 1.780000 1.546501 1.933127 0.000000 36.920000 -27.690000
434.726307 0.060000 -0.010000 0.230000 0.020000 0.040000 1.790000 1.615198 2.307425 0.000000 43.380000 -33.740000
434.759967 0.020000 -0.140000 0.140000 0.010000 0.020000 1.860000 0.807599 1.874783 0.000000 33.740000 -28.920000
434.789653 0.150000 -0.150000 -0.340000 0.020000 0.050000 1.820000 1.546501 1.933127 0.000000 36.920000 -27.690000
434.825871 -0.040000 -0.100000 -0.130000 0.000000 0.020000 1.800000 1.615198 2.018997 0.000000 38.560000 -28.920000
434.861257 -0.140000 0.310000 0.150000 0.010000 0.030000 1.840000 2.422796 2.163211 0.000000 43.380000 -28.920000
434.890216 -0.250000 -0.100000 0.170000 0.010000 0.050000 1.840000 0.807599 1.874783 0.000000 33.740000 -28.920000
434.918690 0.100000 0.160000 0.100000 0.010000 0.040000 1.790000 2.422796 2.163211 0.000000 43.380000 -28.920000
434.951654 0.100000 -0.120000 0.200000 0.010000 0.060000 1.790000 2.422796 2.163211 0.000000 43.380000 -28.920000
434.982741 -0.110000 0.200000 0.160000 -0.000000 0.040000 1.830000 2.318914 1.795196 0.000000 36.920000 -23.080000
435.010174 0.020000 0.110000 -0.020000 0.010000 0.020000 1.760000 1.615198 2.018997 0.000000 38.560000 -28.920000
435.041268 -0.380000 -0.470000 0.230000 -0.000000 0.040000 1.820000 1.615198 2.018997 0.000000 38.560000 -28.920000
435.069052 -0.280000 -0.010000 -0.120000 0.010000 0.060000 1.780000 2.320590 2.071357 0.000000 41.540000 -27.690000
435.105885 0.110000 -0.520000 -0.110000 0.010000 0.070000 1.910000 1.546501 1.933127 0.000000 36.920000 -27.690000
435.140918 0.420000 0.170000 0.340000 0.000000 0.050000 1.850000 2.422796 2.163211 0.000000 43.380000 -28.920000
435.168959 0.080000 0.130000 -0.150000 -0.000000 0.030000 1.890000 1.615198 2.018997 0.000000 38.560000 -28.920000
435.205886 -0.150000 0.250000 0.190000 0.010000 0.010000 1.930000 1.546501 2.209587 0.000000 41.540000 -32.310000
435.239291 0.020000 -0.170000 -0.220000 0.010000 0.040000 1.880000 2.422796 2.163211 0.000000 43.380000 -28.920000
435.275402 0.260000 0.100000 -0.340000 0.010000 0.040000 1.840000 1.615198 2.307425 0.000000 43.380000 -33.740000
435.310957 0.070000 0.310000 0.050000 0.000000 0.020000 1.820000 1.615198 2.018997 0.000000 38.560000 -28.920000
435.339566 0.150000 0.070000 -0.160000 0.000000 0.040000 1.820000 2.628885 2.126409 0.000000 43.380000 -27.690000
435.375433 -0.030000 -0.120000 -0.080000 -0.000000 0.020000 1.770000 1.615198 2.018997 0.000000 38.560000 -28.920000
435.410243 -0.200000 -0.210000 0.180000 -0.000000 0.050000 1.820000 1.546501 2.209587 0.000000 41.540000 -32.310000
435.439133 0.030000 0.140000 -0.280000 -0.010000 0.040000 1.860000 1.615198 2.018997 0.000000 38.560000 -28.920000
435.476382 -0.050000 -0.130000 -0.250000 0.000000 0.050000 1.870000 1.615198 2.018997 0.000000 38.560000 -28.920000
435.511816 0.320000 0.260000 0.040000 -0.020000 0.030000 1.820000 1.546501 1.933127 0.000000 36.920000 -27.690000
435.539688 -0.090000 0.250000 -0.040000 0.010000 0.030000 1.800000 1.546501 1.933127 0.000000 36.920000 -27.690000
435.575618 0.230000 0.240000 0.140000 0.010000 0.030000 1.850000 0.807599 2.163211 0.000000 38.560000 -33.740000
435.611728 0.270000 -0.320000 -0.200000 0.010000 0.020000 1.850000 1.615198 2.018997 0.000000 38.560000 -28.920000
435.640274 -0.200000 0.290000 -0.220000 -0.010000 0.010000 1.830000 2.320590 2.071357 0.000000 41.540000 -27.690000
435.667891 -0.510000 -0.290000 0.100000 -0.020000 0.010000 1.680000 1.615198 2.018997 0.000000 38.560000 -28.920000
435.704982 -0.360000 0.440000 0.130000 -0.000000 0.050000 1.620000 0.807599 1.586355 0.000000 28.920000 -24.100000
435.740944 0.660000 -0.020000 -0.040000 0.020000 0.020000 1.260000 1.615198 1.442141 0.000000 28.920000 -19.280000
435.770541 -0.140000 0.120000 -0.090000 -0.010000 -0.010000 1.140000 0.774088 1.242874 0.000000 23.080000 -18.460000
435.800217 -0.460000 -0.100000 0.020000 0.010000 -0.020000 0.890000 1.615198 1.153713 0.000000 24.100000 -14.460000
435.829465 -0.450000 -0.250000 0.110000 -0.000000 0.010000 0.330000 0.774088 0.138230 0.000000 4.620000 0.000000
435.861281 0.720000 -0.140000 0.130000 -0.000000 0.010000 -0.070000 0.000000 0.288428 0.000000 4.820000 -4.820000
435.888261 0.180000 0.230000 0.020000 -0.000000 -0.010000 -0.030000 0.807599 0.144214 0.000000 4.820000 0.000000
435.922150 -0.270000 -0.160000 0.040000 0.000000 0.000000 -0.000000 0.000000 0.000000 0.000000 0.000000 0.000000
435.951784 0.050000 -0.030000 0.130000 -0.000000 0.000000 0.010000 0.000000 0.000000 0.000000 0.000000 0.000000
435.978462 0.290000 0.040000 -0.050000 0.000000 -0.000000 0.010000 0.000000 0.000000 0.000000 0.000000 0.000000
436.016805 -0.030000 -0.040000 -0.050000 -0.000000 -0.010000 -0.000000 0.000000 0.000000 0.000000 0.000000 0.000000
436.051573 -0.140000 0.030000 0.060000 0.000000 -0.000000 -0.000000 0.000000 0.000000 0.000000 0.000000 0.000000
436.080244 0.030000 0.010000 -0.020000 0.000000 0.000000 0.000000 0.000000 0.000000 0.000000 0.000000 0.000000
436.108223 0.070000 -0.000000 0.010000 0.000000 -0.000000 0.000000 0.000000 0.000000 0.000000 0.000000 0.000000
436.142600 -0.050000 -0.030000 0.010000 -0.000000 -0.000000 -0.000000 0.000000 0.000000 0.000000 0.000000 0.000000
436.172691 -0.080000 -0.030000 0.030000 -0.000000 0.000000 -0.000000 0.000000 0.000000 0.000000 0.000000 0.000000
436.199120 -0.010000 -0.010000 0.050000 0.000000 0.000000 0.000000 0.000000 0.000000 0.000000 0.000000 0.000000
436.234144 0.000000 0.010000 -0.020000 -0.000000 -0.000000 0.000000 0.000000 0.000000 0.000000 0.000000 0.000000
436.267469 -0.000000 0.010000 -0.020000 0.000000 -0.000000 -0.000000 0.000000 0.000000 0.000000 0.000000 0.000000
436.302572 -0.050000 0.010000 -0.000000 0.000000 0.000000 0.000000 0.000000 0.000000 0.000000 0.000000 0.000000
436.333293 -0.020000 0.010000 0.040000 -0.000000 0.000000 0.000000 0.000000 0.000000 0.000000 0.000000 0.000000
436.362165 -0.010000 -0.000000 -0.020000 0.000000 0.000000 -0.000000 0.000000 0.000000 0.000000 0.000000 0.000000
436.392065 -0.010000 -0.030000 -0.040000 0.000000 -0.000000 -0.000000 0.000000 0.000000 0.000000 0.000000 0.000000
436.425633 -0.080000 0.000000 -0.070000 -0.000000 -0.000000 0.000000 0.000000 0.000000 0.000000 0.000000 0.000000
436.462017 -0.040000 -0.040000 -0.020000 -0.000000 -0.000000 -0.000000 0.000000 0.000000 0.000000 0.000000 0.000000
436.489345 0.000000 -0.010000 -0.000000 0.000000 -0.000000 0.000000 0.000000 0.000000 0.000000 0.000000 0.000000
436.520659 0.010000 -0.040000 -0.070000 0.000000 0.000000 0.000000 0.000000 0.000000 0.000000 0.000000 0.000000
436.550460 -0.050000 -0.000000 0.030000 -0.000000 -0.000000 -0.000000 0.000000 0.000000 0.000000 0.000000 0.000000
436.580352 -0.010000 0.040000 0.060000 -0.000000 0.000000 -0.000000 0.000000 0.000000 0.000000 0.000000 0.000000
436.608810 0.000000 0.020000 0.060000 -0.000000 0.000000 0.000000 0.000000 0.000000 0.000000 0.000000 0.000000
436.645090 -0.000000 -0.010000 -0.040000 -0.000000 0.000000 -0.000000 0.000000 0.000000 0.000000 0.000000 0.000000
436.679631 0.000000 0.010000 0.000000 0.000000 -0.000000 -0.000000 0.000000 0.000000 0.000000 0.000000 0.000000
436.716360 0.010000 -0.010000 0.000000 -0.000000 0.000000 0.000000 0.000000 0.000000 0.000000 0.000000 0.000000
436.749577 0.000000 0.010000 -0.010000 0.000000 0.000000 0.000000 0.000000 0.000000 0.000000 0.000000 0.000000
436.778574 -0.030000 0.060000 -0.010000 0.000000 0.000000 -0.000000 0.000000 0.000000 0.000000 0.000000 0.000000
436.813984 -0.020000 -0.060000 0.030000 -0.000000 0.000000 -0.000000 0.000000 0.000000 0.000000 0.000000 0.000000
436.848115 -0.010000 -0.040000 -0.040000 -0.000000 0.000000 -0.000000 0.000000 0.000000 0.000000 0.000000 0.000000
436.882318 -0.010000 -0.040000 0.080000 -0.000000 -0.000000 -0.000000 0.000000 0.000000 0.000000 0.000000 0.000000
436.909107 0.010000 0.010000 -0.110000 0.000000 0.000000 0.000000 0.000000 0.000000 0.000000 0.000000 0.000000
436.943555 -0.040000 -0.030000 0.030000 -0.000000 0.000000 0.000000 0.000000 0.000000 0.000000 0.000000 0.000000
436.978600 -0.010000 -0.000000 -0.020000 0.000000 -0.000000 -0.000000 0.000000 0.000000 0.000000 0.000000 0.000000
437.013893 0.010000 0.040000 0.010000 -0.000000 0.000000 -0.000000 0.000000 0.000000 0.000000 0.000000 0.000000
437.047122 -0.020000 -0.000000 0.040000 0.000000 -0.000000 0.000000 0.000000 0.000000 0.000000 0.000000 0.000000
437.084297 -0.020000 0.010000 -0.000000 -0.000000 -0.000000 -0.000000 0.000000 0.000000 0.000000 0.000000 0.000000
437.117307 0.010000 -0.000000 -0.010000 0.000000 0.000000 0.000000 0.000000 0.000000 0.000000 0.000000 0.000000
437.150469 0.010000 -0.020000 0.020000 0.000000 0.000000 0.000000 0.000000 0.000000 0.000000 0.000000 0.000000
437.177062 -0.030000 -0.000000 -0.040000 0.000000 0.000000 0.000000 0.000000 0.000000 0.000000 0.000000 0.000000
437.214467 0.030000 -0.000000 -0.050000 -0.000000 0.000000 -0.000000 0.000000 0.000000 0.000000 0.000000 0.000000
437.248802 -0.040000 -0.010000 0.010000 -0.000000 0.000000 0.000000 0.000000 0.000000 0.000000 0.000000 0.000000
437.286118 -0.020000 -0.050000 0.010000 0.000000 -0.000000 -0.000000 0.000000 0.000000 0.000000 0.000000 0.000000
437.320588 0.010000 0.050000 0.030000 -0.000000 -0.000000 -0.000000 0.000000 0.000000 0.000000 0.000000 0.000000
437.350128 -0.010000 0.020000 -0.030000 -0.000000 -0.000000 -0.000000 0.000000 0.000000 0.000000 0.000000 0.000000
437.381007 -0.050000 -0.030000 0.030000 -0.000000 -0.000000 -0.000000 0.000000 0.000000 0.000000 0.000000 0.000000
437.409816 -0.000000 -0.020000 -0.010000 -0.000000 -0.000000 -0.000000 0.000000 0.000000 0.000000 0.000000 0.000000
437.446994 -0.000000 0.020000 0.010000 0.000000 -0.000000 -0.000000 0.000000 0.000000 0.000000 0.000000 0.000000
437.482096 -0.030000 0.000000 0.010000 -0.000000 -0.000000 0.000000 0.000000 0.000000 0.000000 0.000000 0.000000
437.511029 -0.010000 -0.050000 -0.020000 -0.000000 -0.000000 0.000000 0.000000 0.000000 0.000000 0.000000 0.000000
437.538352 -0.000000 0.010000 -0.020000 -0.000000 -0.000000 -0.000000 0.000000 0.000000 0.000000 0.000000 0.000000
437.575411 -0.010000 -0.030000 -0.020000 0.000000 0.000000 0.000000 0.000000 0.000000 0.000000 0.000000 0.000000
437.611107 -0.020000 0.030000 0.000000 -0.000000 0.000000 0.000000 0.000000 0.000000 0.000000 0.000000 0.000000
437.637312 0.020000 0.030000 0.060000 -0.000000 0.000000 0.000000 0.000000 0.000000 0.000000 0.000000 0.000000
437.672075 -0.010000 0.040000 -0.040000 -0.000000 -0.000000 -0.000000 0.000000 0.000000 0.000000 0.000000 0.000000
437.700422 0.000000 0.020000 0.000000 -0.000000 -0.000000 0.000000 0.000000 0.000000 0.000000 0.000000 0.000000
437.729143 -0.030000 0.000000 0.060000 -0.000000 -0.000000 -0.000000 0.000000 0.000000 0.000000 0.000000 0.000000
437.756809 0.020000 0.030000 -0.030000 0.000000 0.000000 0.000000 0.000000 0.000000 0.000000 0.000000 0.000000
437.791617 -0.020000 -0.020000 0.000000 0.000000 -0.000000 -0.000000 0.000000 0.000000 0.000000 0.000000 0.000000
437.821883 0.030000 -0.030000 0.040000 -0.000000 0.000000 0.000000 0.000000 0.000000 0.000000 0.000000 0.000000
437.856053 0.010000 -0.020000 -0.020000 -0.000000 0.000000 -0.000000 0.000000 0.000000 0.000000 0.000000 0.000000
437.890761 -0.030000 -0.030000 0.020000 -0.000000 0.000000 -0.000000 0.000000 0.000000 0.000000 0.000000 0.000000
437.919945 0.010000 0.000000 -0.040000 -0.000000 -0.000000 -0.000000 0.000000 0.000000 0.000000 0.000000 0.000000
437.955065 0.010000 -0.020000 -0.030000 0.000000 0.000000 -0.000000 0.000000 0.000000 0.000000 0.000000 0.000000
437.989342 -0.040000 -0.020000 -0.060000 0.000000 0.000000 0.000000 0.000000 0.000000 0.000000 0.000000 0.000000
438.026696 0.010000 -0.040000 -0.000000 0.000000 -0.000000 0.000000 0.000000 0.000000 0.000000 0.000000 0.000000
438.060987 0.020000 0.020000 0.060000 0.000000 -0.000000 0.000000 0.000000 0.000000 0.000000 0.000000 0.000000
438.092778 -0.000000 0.020000 0.050000 0.000000 0.000000 0.000000 0.000000 0.000000 0.000000 0.000000 0.000000
438.121638 -0.020000 0.060000 -0.060000 0.000000 -0.000000 -0.000000 0.000000 0.000000 0.000000 0.000000 0.000000
438.151062 -0.010000 -0.000000 -0.000000 0.000000 -0.000000 0.000000 0.000000 0.000000 0.000000 0.000000 0.000000
438.177920 -0.000000 0.030000 -0.040000 0.000000 -0.000000 0.000000 0.000000 0.000000 0.000000 0.000000 0.000000
438.215234 0.050000 0.020000 0.020000 0.000000 0.000000 -0.000000 0.000000 0.000000 0.000000 0.000000 0.000000
438.247300 -0.040000 -0.010000 0.020000 0.000000 -0.000000 0.000000 0.000000 0.000000 0.000000 0.000000 0.000000
438.285170 0.000000 0.030000 0.050000 -0.000000 0.000000 0.000000 0.000000 0.000000 0.000000 0.000000 0.000000
438.317932 -0.020000 0.040000 -0.060000 0.000000 0.000000 -0.000000 0.000000 0.000000 0.000000 0.000000 0.000000
438.352734 0.030000 -0.030000 0.020000 -0.000000 0.000000 0.000000 0.000000 0.000000 0.000000 0.000000 0.000000
438.382924 -0.030000 -0.010000 0.030000 0.000000 0.000000 0.000000 0.000000 0.000000 0.000000 0.000000 0.000000
438.412971 -0.000000 -0.060000 -0.040000 0.000000 0.000000 -0.000000 0.000000 0.000000 0.000000 0.000000 0.000000
438.439715 -0.020000 0.020000 -0.010000 0.000000 -0.000000 -0.000000 0.000000 0.000000 0.000000 0.000000 0.000000
438.475169 -0.000000 0.000000 -0.020000 0.000000 0.000000 0.000000 0.000000 0.000000 0.000000 0.000000 0.000000
438.509997 -0.000000 0.030000 -0.020000 0.000000 -0.000000 0.000000 0.000000 0.000000 0.000000 0.000000 0.000000
438.545147 0.010000 -0.020000 -0.000000 -0.000000 0.000000 -0.000000 0.000000 0.000000 0.000000 0.000000 0.000000
438.580832 0.050000 0.000000 0.010000 0.000000 -0.000000 0.000000 0.000000 0.000000 0.000000 0.000000 0.000000
438.607926 0.040000 0.040000 0.020000 -0.000000 0.000000 -0.000000 0.000000 0.000000 0.000000 0.000000 0.000000
438.645791 0.000000 -0.030000 0.030000 0.000000 0.000000 -0.000000 0.000000 0.000000 0.000000 0.000000 0.000000
438.679451 0.020000 -0.030000 0.010000 -0.000000 0.000000 0.000000 0.000000 0.000000 0.000000 0.000000 0.000000
438.708760 -0.020000 -0.040000 0.060000 -0.000000 -0.000000 0.000000 0.000000 0.000000 0.000000 0.000000 0.000000
438.745010 -0.010000 -0.030000 -0.020000 -0.000000 0.000000 0.000000 0.000000 0.000000 0.000000 0.000000 0.000000
438.776326 -0.020000 -0.000000 0.030000 -0.000000 0.000000 0.000000 0.000000 0.000000 0.000000 0.000000 0.000000
438.813474 -0.040000 0.030000 0.010000 -0.000000 -0.000000 -0.000000 0.000000 0.000000 0.000000 0.000000 0.000000
438.847238 0.000000 0.050000 0.030000 0.000000 -0.000000 0.000000 0.000000 0.000000 0.000000 0.000000 0.000000
438.882016 -0.030000 0.020000 0.020000 0.000000 -0.000000 0.000000 0.000000 0.000000 0.000000 0.000000 0.000000
438.910730 0.020000 0.010000 -0.070000 0.000000 0.000000 0.000000 0.000000 0.000000 0.000000 0.000000 0.000000
438.939640 0.010000 -0.020000 -0.020000 0.000000 -0.000000 0.000000 0.000000 0.000000 0.000000 0.000000 0.000000
438.971726 0.010000 0.020000 -0.010000 -0.000000 -0.000000 -0.000000 0.000000 0.000000 0.000000 0.000000 0.000000
438.999689 0.010000 0.010000 0.010000 0.000000 -0.000000 0.000000 0.000000 0.000000 0.000000 0.000000 0.000000
439.026513 0.010000 -0.030000 0.090000 0.000000 -0.000000 -0.000000 0.000000 0.000000 0.000000 0.000000 0.000000
439.057912 0.040000 -0.070000 -0.030000 -0.000000 0.000000 0.000000 0.000000 0.000000 0.000000 0.000000 0.000000
439.091502 -0.000000 -0.020000 -0.030000 0.000000 0.000000 0.000000 0.000000 0.000000 0.000000 0.000000 0.000000
439.131131 -0.060000 -0.020000 -0.020000 -0.000000 -0.000000 0.000000 0.000000 0.000000 0.000000 0.000000 0.000000
439.158983 0.010000 0.010000 0.040000 0.000000 -0.000000 0.000000 0.000000 0.000000 0.000000 0.000000 0.000000
439.193746 0.010000 0.040000 -0.020000 -0.000000 -0.000000 0.000000 0.000000 0.000000 0.000000 0.000000 0.000000
439.229618 0.010000 0.050000 -0.000000 0.000000 -0.000000 0.000000 0.000000 0.000000 0.000000 0.000000 0.000000
439.258228 -0.010000 -0.000000 -0.070000 0.000000 0.000000 -0.000000 0.000000 0.000000 0.000000 0.000000 0.000000
439.294014 -0.010000 0.040000 0.020000 0.000000 -0.000000 -0.000000 0.000000 0.000000 0.000000 0.000000 0.000000
439.325683 -0.030000 -0.000000 -0.040000 0.000000 0.000000 0.000000 0.000000 0.000000 0.000000 0.000000 0.000000
439.360093 0.000000 -0.000000 -0.010000 -0.000000 -0.000000 -0.000000 0.000000 0.000000 0.000000 0.000000 0.000000
439.396613 0.050000 -0.080000 -0.010000 -0.000000 0.000000 0.000000 0.000000 0.000000 0.000000 0.000000 0.000000
439.432939 -0.030000 0.010000 -0.010000 0.000000 0.000000 0.000000 0.000000 0.000000 0.000000 0.000000 0.000000
439.462032 -0.020000 -0.000000 0.000000 -0.000000 -0.000000 -0.000000 0.000000 0.000000 0.000000 0.000000 0.000000
439.490272 -0.020000 0.000000 0.070000 -0.000000 -0.000000 -0.000000 0.000000 0.000000 0.000000 0.000000 0.000000
439.518241 -0.020000 0.000000 0.020000 -0.000000 0.000000 -0.000000 0.000000 0.000000 0.000000 0.000000 0.000000
439.551603 -0.010000 0.010000 0.020000 -0.000000 0.000000 0.000000 0.000000 0.000000 0.000000 0.000000 0.000000
439.581835 0.020000 0.020000 -0.040000 -0.000000 -0.000000 0.000000 0.000000 0.000000 0.000000 0.000000 0.000000
439.609486 0.030000 -0.030000 -0.050000 -0.000000 -0.000000 0.000000 0.000000 0.000000 0.000000 0.000000 0.000000
439.644236 0.030000 -0.030000 -0.010000 0.000000 0.000000 0.000000 0.000000 0.000000 0.000000 0.000000 0.000000
439.677129 -0.010000 0.000000 -0.050000 0.000000 0.000000 -0.000000 0.000000 0.000000 0.000000 0.000000 0.000000
439.709728 0.010000 0.030000 0.050000 0.000000 -0.000000 0.000000 0.000000 0.000000 0.000000 0.000000 0.000000
439.736598 -0.030000 0.020000 0.030000 -0.000000 0.000000 0.000000 0.000000 0.000000 0.000000 0.000000 0.000000
439.772229 0.010000 0.000000 -0.000000 -0.000000 -0.000000 0.000000 0.000000 0.000000 0.000000 0.000000 0.000000
439.799959 -0.000000 -0.010000 -0.000000 0.000000 0.000000 -0.000000 0.000000 0.000000 0.000000 0.000000 0.000000
439.835501 -0.040000 -0.000000 0.070000 -0.000000 0.000000 0.000000 0.000000 0.000000 0.000000 0.000000 0.000000
439.871308 0.040000 -0.030000 0.080000 0.000000 -0.000000 -0.000000 0.000000 0.000000 0.000000 0.000000 0.000000
439.898900 -0.040000 0.000000 0.010000 -0.000000 -0.000000 -0.000000 0.000000 0.000000 0.000000 0.000000 0.000000
439.929805 0.010000 0.020000 0.060000 0.000000 -0.000000 0.000000 0.000000 0.000000 0.000000 0.000000 0.000000
439.966231 -0.020000 -0.000000 -0.040000 -0.000000 0.000000 -0.000000 0.000000 0.000000 0.000000 0.000000 0.000000
440.002534 -0.040000 -0.030000 -0.110000 -0.000000 -0.000000 -0.000000 0.000000 0.000000 0.000000 0.000000 0.000000
440.031040 0.030000 0.030000 -0.030000 -0.000000 0.000000 -0.000000 0.000000 0.000000 0.000000 0.000000 0.000000
440.059090 -0.010000 0.010000 0.040000 -0.000000 0.000000 0.000000 0.000000 0.000000 0.000000 0.000000 0.000000
440.092644 -0.040000 0.020000 0.030000 0.000000 -0.000000 0.000000 0.000000 0.000000 0.000000 0.000000 0.000000
440.120760 0.000000 0.050000 -0.070000 -0.000000 0.000000 0.000000 0.000000 0.000000 0.000000 0.000000 0.000000
440.157430 0.020000 -0.020000 -0.020000 0.000000 -0.000000 0.000000 0.000000 0.000000 0.000000 0.000000 0.000000
440.193032 -0.000000 -0.010000 0.020000 0.000000 -0.000000 0.000000 0.000000 0.000000 0.000000 0.000000 0.000000
440.221020 0.060000 0.020000 -0.050000 0.000000 0.000000 -0.000000 0.000000 0.000000 0.000000 0.000000 0.000000
440.256022 0.020000 -0.040000 0.000000 0.000000 0.000000 -0.000000 0.000000 0.000000 0.000000 0.000000 0.000000
440.289019 -0.050000 0.010000 0.010000 0.000000 -0.000000 0.000000 0.000000 0.000000 0.000000 0.000000 0.000000
440.326770 0.040000 -0.020000 0.020000 -0.000000 0.000000 0.000000 0.000000 0.000000 0.000000 0.000000 0.000000
440.358489 -0.010000 -0.000000 0.030000 0.000000 -0.000000 -0.000000 0.000000 0.000000 0.000000 0.000000 0.000000
440.392621 0.020000 0.010000 0.000000 0.000000 -0.000000 0.000000 0.000000 0.000000 0.000000 0.000000 0.000000
440.423651 0.040000 -0.020000 0.040000 -0.000000 0.000000 0.000000 0.000000 0.000000 0.000000 0.000000 0.000000
440.459276 -0.020000 0.000000 -0.060000 -0.000000 -0.000000 0.000000 0.000000 0.000000 0.000000 0.000000 0.000000
440.495713 -0.010000 0.000000 0.040000 -0.000000 0.000000 0.000000 0.000000 0.000000 0.000000 0.000000 0.000000
440.532741 0.020000 -0.020000 -0.010000 -0.000000 -0.000000 0.000000 0.000000 0.000000 0.000000 0.000000 0.000000
440.561631 0.020000 -0.020000 0.030000 -0.000000 -0.000000 0.000000 0.000000 0.000000 0.000000 0.000000 0.000000
440.588690 0.010000 -0.020000 0.020000 0.000000 -0.000000 -0.000000 0.000000 0.000000 0.000000 0.000000 0.000000
440.625369 0.010000 0.020000 -0.040000 0.000000 -0.000000 0.000000 0.000000 0.000000 0.000000 0.000000 0.000000
440.661154 -0.030000 -0.000000 0.040000 -0.000000 -0.000000 -0.000000 0.000000 0.000000 0.000000 0.000000 0.000000
440.690229 0.030000 -0.020000 -0.010000 -0.000000 0.000000 -0.000000 0.000000 0.000000 0.000000 0.000000 0.000000
440.718925 0.050000 0.010000 -0.030000 -0.000000 0.000000 0.000000 0.000000 0.000000 0.000000 0.000000 0.000000
440.753078 0.020000 -0.020000 0.080000 0.000000 -0.000000 0.000000 0.000000 0.000000 0.000000 0.000000 0.000000
440.782202 0.000000 0.000000 0.060000 -0.000000 -0.000000 -0.000000 0.000000 0.000000 0.000000 0.000000 0.000000
440.809606 -0.030000 0.030000 -0.040000 0.000000 -0.000000 0.000000 0.000000 0.000000 0.000000 0.000000 0.000000
440.843159 -0.020000 0.040000 0.040000 -0.000000 0.000000 0.000000 0.000000 0.000000 0.000000 0.000000 0.000000
440.870953 -0.020000 0.020000 -0.040000 -0.000000 0.000000 0.000000 0.000000 0.000000 0.000000 0.000000 0.000000
440.899665 -0.030000 -0.030000 -0.010000 -0.000000 0.000000 -0.000000 0.000000 0.000000 0.000000 0.000000 0.000000
440.936962 0.030000 0.000000 -0.120000 -0.000000 -0.000000 -0.000000 0.000000 0.000000 0.000000 0.000000 0.000000
440.969926 -0.020000 0.020000 -0.010000 0.000000 0.000000 0.000000 0.000000 0.000000 0.000000 0.000000 0.000000
440.997595 0.000000 -0.020000 -0.010000 0.000000 0.000000 -0.000000 0.000000 0.000000 0.000000 0.000000 0.000000
441.033795 0.020000 -0.010000 -0.040000 0.000000 0.000000 0.000000 0.000000 0.000000 0.000000 0.000000 0.000000
441.069772 0.000000 -0.010000 0.060000 -0.000000 0.000000 0.000000 0.000000 0.000000 0.000000 0.000000 0.000000
441.097281 0.010000 0.030000 0.020000 -0.000000 -0.000000 0.000000 0.000000 0.000000 0.000000 0.000000 0.000000
441.128825 0.030000 -0.040000 0.030000 -0.000000 -0.000000 0.000000 0.000000 0.000000 0.000000 0.000000 0.000000
441.162418 -0.010000 0.030000 -0.020000 -0.000000 -0.000000 0.000000 0.000000 0.000000 0.000000 0.000000 0.000000
441.190384 -0.000000 -0.010000 0.060000 0.000000 0.000000 -0.000000 0.000000 0.000000 0.000000 0.000000 0.000000
441.221241 -0.060000 -0.020000 0.050000 -0.000000 0.000000 0.000000 0.000000 0.000000 0.000000 0.000000 0.000000
441.255174 -0.040000 -0.020000 0.000000 -0.000000 -0.000000 -0.000000 0.000000 0.000000 0.000000 0.000000 0.000000
441.292122 -0.070000 -0.010000 0.020000 -0.000000 0.000000 -0.000000 0.000000 0.000000 0.000000 0.000000 0.000000
441.319777 -0.030000 0.020000 0.030000 0.000000 0.000000 0.000000 0.000000 0.000000 0.000000 0.000000 0.000000
441.352774 0.000000 0.030000 0.040000 0.000000 0.000000 -0.000000 0.000000 0.000000 0.000000 0.000000 0.000000
441.379663 -0.050000 0.010000 0.000000 0.000000 0.000000 0.000000 0.000000 0.000000 0.000000 0.000000 0.000000
441.416594 0.010000 0.010000 -0.040000 0.000000 -0.000000 -0.000000 0.000000 0.000000 0.000000 0.000000 0.000000
441.453285 0.020000 -0.050000 -0.030000 0.000000 0.000000 -0.000000 0.000000 0.000000 0.000000 0.000000 0.000000
441.480754 0.030000 0.070000 -0.090000 -0.000000 0.000000 0.000000 0.000000 0.000000 0.000000 0.000000 0.000000
441.511549 0.040000 -0.030000 -0.050000 0.000000 0.000000 -0.000000 0.000000 0.000000 0.000000 0.000000 0.000000
441.539350 0.050000 0.030000 0.010000 -0.000000 0.000000 0.000000 0.000000 0.000000 0.000000 0.000000 0.000000
441.573907 0.050000 0.020000 0.020000 0.000000 0.000000 0.000000 0.000000 0.000000 0.000000 0.000000 0.000000
441.608496 -0.010000 -0.030000 0.050000 0.000000 -0.000000 0.000000 0.000000 0.000000 0.000000 0.000000 0.000000
441.643386 -0.010000 -0.030000 -0.090000 0.000000 -0.000000 0.000000 0.000000 0.000000 0.000000 0.000000 0.000000
441.675937 0.010000 0.020000 0.010000 -0.000000 0.000000 0.000000 0.000000 0.000000 0.000000 0.000000 0.000000
441.712339 -0.000000 -0.050000 -0.010000 0.000000 -0.000000 -0.000000 0.000000 0.000000 0.000000 0.000000 0.000000
441.739042 0.020000 -0.020000 0.000000 -0.000000 0.000000 -0.000000 0.000000 0.000000 0.000000 0.000000 0.000000
441.775155 -0.030000 0.010000 0.020000 -0.000000 -0.000000 0.000000 0.000000 0.000000 0.000000 0.000000 0.000000
441.811273 -0.000000 0.030000 -0.040000 -0.000000 0.000000 -0.000000 0.000000 0.000000 0.000000 0.000000 0.000000
441.837953 -0.060000 -0.020000 -0.010000 0.000000 0.000000 0.000000 0.000000 0.000000 0.000000 0.000000 0.000000
441.872449 0.030000 0.050000 0.040000 0.000000 0.000000 -0.000000 0.000000 0.000000 0.000000 0.000000 0.000000
441.900972 0.010000 0.030000 0.010000 -0.000000 -0.000000 0.000000 0.000000 0.000000 0.000000 0.000000 0.000000
441.929275 0.000000 -0.020000 0.030000 -0.000000 -0.000000 -0.000000 0.000000 0.000000 0.000000 0.000000 0.000000
441.966050 -0.000000 -0.000000 0.020000 0.000000 0.000000 -0.000000 0.000000 0.000000 0.000000 0.000000 0.000000
442.000461 -0.010000 0.020000 -0.010000 -0.000000 0.000000 0.000000 0.000000 0.000000 0.000000 0.000000 0.000000
442.028353 0.030000 -0.000000 0.010000 -0.000000 0.000000 0.000000 0.000000 0.000000 0.000000 0.000000 0.000000
442.063365 0.020000 -0.000000 -0.010000 -0.000000 0.000000 0.000000 0.000000 0.000000 0.000000 0.000000 0.000000
442.092006 0.030000 0.030000 -0.060000 0.000000 -0.000000 -0.000000 0.000000 0.000000 0.000000 0.000000 0.000000
442.119308 -0.030000 0.020000 -0.060000 0.000000 0.000000 0.000000 0.000000 0.000000 0.000000 0.000000 0.000000
442.151106 0.000000 -0.010000 -0.000000 0.000000 -0.000000 -0.000000 0.000000 0.000000 0.000000 0.000000 0.000000
442.180116 -0.000000 0.000000 0.050000 0.000000 -0.000000 -0.000000 0.000000 0.000000 0.000000 0.000000 0.000000
442.207108 -0.010000 -0.020000 -0.050000 -0.000000 0.000000 0.000000 0.000000 0.000000 0.000000 0.000000 0.000000
442.243317 0.020000 -0.010000 0.020000 -0.000000 -0.000000 0.000000 0.000000 0.000000 0.000000 0.000000 0.000000
442.270301 -0.020000 -0.030000 0.000000 0.000000 0.000000 -0.000000 0.000000 0.000000 0.000000 0.000000 0.000000
442.297342 -0.010000 0.030000 -0.050000 -0.000000 -0.000000 0.000000 0.000000 0.000000 0.000000 0.000000 0.000000
442.332721 -0.030000 -0.010000 -0.030000 -0.000000 0.000000 -0.000000 0.000000 0.000000 0.000000 0.000000 0.000000
442.361355 0.020000 0.030000 0.030000 -0.000000 -0.000000 -0.000000 0.000000 0.000000 0.000000 0.000000 0.000000
