444.074174 0.560000 0.340000 -8.690000 -0.080000 0.110000 0.070000 0.000000 0.000000 0.000000 0.000000 0.000000
444.117245 1.070000 0.280000 -7.320000 0.000000 -0.030000 -0.200000 0.000000 0.000000 0.000000 0.000000 0.000000
444.155005 0.810000 0.440000 -6.410000 -0.010000 0.000000 -0.160000 6.186005 0.000000 0.000000 18.460000 18.460000
444.191558 0.570000 0.460000 -6.180000 -0.100000 -0.060000 -0.010000 8.883586 -0.144214 0.000000 24.100000 28.920000
444.221563 0.230000 0.320000 -4.510000 -0.040000 0.120000 -0.020000 13.146099 -0.138230 0.000000 36.920000 41.540000
444.252493 0.390000 0.090000 -4.420000 -0.030000 0.050000 -0.080000 22.616116 -0.288428 0.000000 62.670000 72.310000
444.283525 0.430000 0.030000 -3.150000 0.040000 -0.110000 -0.070000 27.461709 0.576856 0.000000 91.590000 72.310000
444.316924 0.110000 0.880000 -1.870000 0.100000 -0.250000 0.050000 36.345295 -0.144214 0.000000 106.050000 110.870000
444.355553 1.060000 0.300000 0.620000 0.040000 -0.050000 -0.040000 37.891796 -0.137931 0.000000 110.770000 115.380000
444.392043 -1.150000 2.440000 -0.190000 0.020000 0.040000 -0.200000 37.152894 0.288428 0.000000 115.690000 106.050000
444.422886 1.550000 4.560000 0.130000 0.490000 0.170000 -0.810000 39.575690 -0.432642 0.000000 110.870000 125.330000
444.452659 1.230000 3.210000 9.050000 -0.070000 -0.390000 -0.450000 34.798794 -0.690253 0.000000 92.310000 115.380000
444.483802 -1.400000 -3.140000 -6.190000 0.400000 0.320000 -0.190000 38.664209 0.000000 0.000000 115.380000 115.380000
444.521153 -1.530000 -1.140000 0.990000 0.090000 0.040000 -0.070000 43.613684 -0.288428 0.000000 125.330000 134.970000
444.550166 -1.050000 -1.950000 -1.590000 -0.150000 0.020000 0.000000 42.806085 -0.144214 0.000000 125.330000 130.150000
444.580475 -0.480000 -0.120000 -0.290000 -0.170000 -0.050000 -0.020000 47.944893 -0.276161 0.000000 138.460000 147.690000
444.612133 -0.800000 -3.280000 -1.080000 0.260000 -0.010000 0.000000 56.538615 -0.288428 0.000000 163.900000 173.540000
444.649506 -0.240000 -0.680000 -0.380000 -0.120000 0.010000 -0.010000 59.769010 0.000000 0.000000 178.360000 178.360000
444.689389 -0.130000 -1.900000 -1.520000 -0.080000 -0.010000 -0.000000 62.999405 0.288428 0.000000 192.820000 183.180000
444.726983 0.940000 -1.230000 -2.080000 0.240000 0.170000 0.070000 62.191806 -0.144214 0.000000 183.180000 188.000000
444.766014 -1.230000 0.960000 5.380000 -0.100000 -0.230000 -0.060000 65.422201 -0.144214 0.000000 192.820000 197.640000
444.804247 1.060000 -0.530000 0.260000 -0.200000 -0.090000 0.030000 61.866756 0.000000 0.000000 184.620000 184.620000
444.842397 0.460000 -1.210000 -2.170000 0.210000 0.210000 0.020000 62.191806 1.009498 0.000000 202.460000 168.720000
444.873351 -3.130000 0.410000 0.010000 0.030000 -0.100000 0.010000 67.844997 -0.576856 0.000000 192.820000 212.100000
444.914021 0.910000 -0.390000 0.170000 -0.450000 0.030000 -0.030000 62.639169 0.137931 0.000000 189.230000 184.620000
444.951057 0.530000 0.110000 1.130000 -0.100000 -0.010000 0.020000 64.959758 -0.552322 0.000000 184.620000 203.080000
444.982402 2.140000 0.770000 -1.770000 -0.030000 0.150000 -0.120000 65.422201 -0.144214 0.000000 192.820000 197.640000
445.014274 -1.940000 -2.300000 -1.730000 0.270000 0.180000 0.080000 71.882991 -0.432642 0.000000 207.280000 221.740000
445.049548 -0.840000 0.410000 -3.350000 -0.010000 0.200000 -0.050000 67.278673 -0.138230 0.000000 198.460000 203.080000
445.087302 1.530000 0.380000 0.880000 0.040000 0.160000 -0.060000 67.844997 -1.153713 0.000000 183.180000 221.740000
445.124050 0.200000 0.330000 0.860000 0.390000 -0.060000 -0.050000 69.460195 0.000000 0.000000 207.280000 207.280000
445.158813 -1.040000 -0.340000 0.760000 0.050000 -0.110000 0.030000 66.229800 -0.865284 0.000000 183.180000 212.100000
445.195635 -1.440000 2.520000 3.820000 -0.010000 -0.010000 -0.050000 74.237091 -0.276161 0.000000 216.920000 226.150000
445.230406 -0.130000 2.380000 3.770000 -0.070000 -0.290000 0.090000 73.498188 -0.432642 0.000000 212.100000 226.560000
445.270461 -1.320000 -0.850000 -1.310000 0.110000 -0.170000 0.010000 69.599263 -0.276161 0.000000 203.080000 212.310000
445.302352 -0.030000 -1.650000 -1.290000 0.160000 -0.070000 0.130000 69.460195 -0.288428 0.000000 202.460000 212.100000
445.331375 1.550000 0.840000 0.650000 -0.110000 -0.150000 -0.040000 75.113386 -0.144214 0.000000 221.740000 226.560000
445.362664 -0.640000 -2.190000 -0.680000 -0.440000 0.010000 0.030000 69.564077 -0.269878 0.000000 203.080000 212.100000
445.396311 -0.940000 1.090000 0.580000 -0.150000 -0.080000 0.060000 70.371675 -0.138230 0.000000 207.690000 212.310000
445.435827 0.950000 -0.520000 0.350000 0.210000 0.020000 -0.020000 73.498188 0.144214 0.000000 221.740000 216.920000
445.472890 0.330000 2.020000 3.540000 0.240000 -0.230000 0.070000 73.498188 0.144214 0.000000 221.740000 216.920000
445.504712 0.300000 -0.180000 -1.210000 -0.200000 0.030000 -0.020000 67.278673 0.414092 0.000000 207.690000 193.850000
445.544056 -0.510000 -2.080000 -1.930000 -0.230000 -0.060000 -0.200000 67.037398 1.009498 0.000000 216.920000 183.180000
445.578832 -0.050000 -1.860000 -4.440000 0.090000 0.250000 -0.690000 60.574933 3.028795 0.000000 231.380000 130.150000
445.616241 0.290000 -1.640000 -5.220000 0.120000 -0.070000 -0.760000 52.498945 2.451938 0.000000 197.640000 115.690000
445.649817 0.270000 -1.650000 -2.350000 -0.450000 0.040000 -0.750000 43.305389 4.142714 0.000000 198.460000 60.000000
445.686660 1.330000 -0.260000 5.050000 0.230000 0.200000 -0.680000 36.345295 4.759662 0.000000 188.000000 28.920000
445.724948 -0.880000 1.090000 0.040000 -0.360000 -0.170000 -0.820000 29.385201 4.695035 0.000000 166.150000 9.230000
445.763212 0.140000 -1.710000 1.260000 0.050000 0.080000 -0.830000 25.038912 5.048091 0.000000 159.080000 -9.640000
445.799530 1.000000 1.920000 0.210000 0.070000 0.160000 -0.810000 23.423715 4.759662 0.000000 149.440000 -9.640000
445.828464 -0.330000 0.010000 2.800000 0.040000 -0.360000 -1.130000 19.385721 5.192305 0.000000 144.620000 -28.920000
445.867274 -0.510000 -0.750000 0.150000 0.020000 0.300000 -0.060000 16.239102 4.280944 0.000000 120.000000 -23.080000
445.906168 0.280000 -0.300000 -2.530000 -0.060000 0.010000 -1.310000 17.768848 5.192005 0.000000 139.790000 -33.740000
445.945251 -0.640000 -0.230000 -0.320000 -0.090000 0.020000 -1.440000 13.730854 4.759363 0.000000 120.510000 -38.560000
445.981373 -0.340000 -0.110000 0.200000 -0.070000 0.120000 -1.650000 13.920188 4.695035 0.000000 120.000000 -36.920000
446.013416 1.190000 2.440000 -0.250000 -0.210000 -0.070000 -1.960000 9.279008 4.695035 0.000000 106.150000 -50.770000
446.050991 1.530000 1.420000 1.110000 -0.070000 0.090000 -1.950000 7.268389 5.048091 0.000000 106.050000 -62.670000
446.082425 -0.490000 0.320000 -2.420000 0.030000 0.000000 -2.300000 8.075988 4.327020 0.000000 96.410000 -48.210000
446.113428 -0.380000 -0.410000 -4.780000 -0.050000 0.230000 -2.620000 8.506595 5.109426 0.000000 110.770000 -60.000000
446.149487 1.830000 0.950000 -4.130000 -0.250000 0.220000 -2.710000 10.498784 5.336519 0.000000 120.510000 -57.850000
446.177926 4.920000 7.370000 2.760000 -5.850000 0.020000 1.520000 8.506595 3.728322 0.000000 87.690000 -36.920000
446.218567 -0.840000 0.790000 -0.040000 -0.280000 -0.020000 -3.570000 6.460790 4.327020 0.000000 91.590000 -53.030000
446.255226 0.130000 0.120000 -7.660000 -0.010000 -0.060000 -0.060000 7.268389 4.759662 0.000000 101.230000 -57.850000
446.294305 -0.890000 0.030000 3.620000 -0.110000 0.000000 -3.920000 2.422796 5.336519 0.000000 96.410000 -81.950000
446.331150 -1.250000 -0.690000 2.420000 -0.010000 -0.220000 -4.080000 2.320590 4.557105 0.000000 83.080000 -69.230000
446.360501 -1.460000 -0.690000 0.540000 -0.030000 -0.080000 -4.190000 8.883586 5.048091 0.000000 110.870000 -57.850000
446.392398 -0.950000 -0.780000 0.940000 -0.030000 -0.050000 -4.250000 6.460790 6.057589 0.000000 120.510000 -81.950000
446.421937 -0.040000 -0.920000 4.110000 -0.020000 -0.080000 -4.350000 5.411917 5.385587 0.000000 106.150000 -73.850000
446.461137 -0.590000 -1.060000 1.860000 -0.050000 -0.050000 -4.540000 3.867091 4.833265 0.000000 92.310000 -69.230000
446.491024 -0.370000 -0.700000 0.770000 -0.090000 0.020000 -4.410000 2.422796 5.913375 0.000000 106.050000 -91.590000
446.527915 -0.750000 0.230000 0.260000 -0.000000 -0.140000 -4.310000 8.883586 4.759662 0.000000 106.050000 -53.030000
446.562995 0.180000 -0.680000 -8.410000 -0.210000 -0.260000 -0.270000 3.093003 5.247357 0.000000 96.920000 -78.460000
446.598301 -0.450000 -0.310000 -0.230000 -0.010000 -0.040000 -4.340000 5.653191 5.913375 0.000000 115.690000 -81.950000
446.638913 0.270000 -0.360000 0.900000 0.070000 -0.130000 -4.330000 5.653191 5.624947 0.000000 110.870000 -77.130000
446.676411 0.630000 0.360000 2.190000 -0.030000 -0.090000 -4.280000 5.653191 5.913375 0.000000 115.690000 -81.950000
446.712209 0.190000 -0.340000 1.300000 0.010000 -0.050000 -4.370000 4.845593 5.769161 0.000000 110.870000 -81.950000
446.751568 0.220000 0.210000 -0.720000 -0.080000 0.060000 -4.360000 2.422796 6.490231 0.000000 115.690000 -101.230000
446.783053 -0.100000 0.180000 2.120000 -0.030000 -0.090000 -4.450000 4.639504 5.799978 0.000000 110.770000 -83.080000
446.821374 -0.260000 -0.410000 3.000000 -0.070000 -0.050000 -4.460000 4.037994 5.048091 0.000000 96.410000 -72.310000
446.853280 -0.170000 -0.120000 0.440000 0.000000 -0.040000 -4.570000 2.422796 5.048091 0.000000 91.590000 -77.130000
446.888063 -0.440000 0.200000 -1.370000 -0.030000 0.010000 -4.590000 5.411917 4.833265 0.000000 96.920000 -64.620000
446.926274 -0.630000 0.390000 -0.070000 -0.020000 -0.020000 -4.550000 6.960094 5.385587 0.000000 110.770000 -69.230000
446.964455 -0.430000 0.070000 -0.090000 -0.040000 -0.020000 -4.580000 4.845593 6.057589 0.000000 115.690000 -86.770000
447.002246 0.070000 -0.590000 1.690000 0.090000 -0.150000 -4.590000 7.268389 6.201803 0.000000 125.330000 -81.950000
447.033925 -0.480000 -0.430000 -1.450000 0.010000 -0.110000 -4.730000 5.413592 4.557105 0.000000 92.310000 -60.000000
447.072872 -0.080000 -0.100000 0.260000 -0.000000 -0.060000 -4.850000 6.460790 5.769161 0.000000 115.690000 -77.130000
447.103508 -0.480000 -0.170000 0.820000 0.010000 -0.050000 -4.810000 1.615198 6.057589 0.000000 106.050000 -96.410000
447.139371 1.170000 0.320000 0.980000 -0.020000 -0.060000 -4.920000 8.075988 5.480733 0.000000 115.690000 -67.490000
447.177832 -0.150000 0.030000 -0.990000 0.010000 -0.010000 -5.000000 10.105037 5.118402 0.000000 115.690000 -55.380000
447.216363 -0.120000 0.530000 0.630000 -0.020000 -0.060000 -5.050000 4.845593 5.769161 0.000000 110.870000 -81.950000
447.254671 -0.930000 -0.000000 0.510000 -0.060000 -0.160000 -5.020000 5.413592 5.109426 0.000000 101.540000 -69.230000
447.294795 -0.030000 0.070000 -0.560000 0.010000 -0.090000 -5.030000 4.037994 6.201803 0.000000 115.690000 -91.590000
447.328329 0.380000 -0.200000 0.540000 0.030000 -0.130000 -5.020000 6.460790 5.769161 0.000000 115.690000 -77.130000
447.364040 0.370000 -0.110000 0.440000 -0.030000 -0.090000 -5.070000 3.093003 5.247357 0.000000 96.920000 -78.460000
447.402716 0.280000 0.120000 -0.320000 -0.020000 -0.150000 -5.080000 6.186005 6.076139 0.000000 120.000000 -83.080000
447.440886 -0.800000 0.460000 0.340000 -0.020000 -0.020000 -5.080000 7.268389 6.490231 0.000000 130.150000 -86.770000
447.471595 -0.310000 -0.310000 -0.400000 -0.060000 -0.090000 -5.030000 1.615198 5.769161 0.000000 101.230000 -91.590000
447.502275 0.490000 -0.440000 0.690000 -0.060000 -0.070000 -4.980000 2.318914 5.937909 0.000000 106.150000 -92.310000
447.533963 -0.120000 -0.110000 -1.040000 -0.050000 -0.070000 -5.000000 9.691185 6.634445 0.000000 139.790000 -81.950000
447.571913 -0.140000 0.270000 -0.300000 -0.020000 -0.060000 -5.000000 7.268389 6.490231 0.000000 130.150000 -86.770000
447.603780 -0.360000 0.050000 -0.410000 -0.030000 -0.060000 -4.970000 2.422796 6.201803 0.000000 110.870000 -96.410000
447.641569 -0.110000 0.150000 0.050000 -0.050000 -0.060000 -4.930000 1.546501 5.799978 0.000000 101.540000 -92.310000
447.673458 -0.090000 -0.260000 -8.830000 -0.010000 -0.060000 -0.060000 7.268389 5.624947 0.000000 115.690000 -72.310000
447.707156 -0.030000 0.200000 1.890000 0.010000 -0.070000 -4.910000 3.865416 5.661748 0.000000 106.150000 -83.080000
447.745076 -0.140000 -0.530000 0.870000 -0.090000 -0.100000 -4.920000 3.230395 5.480733 0.000000 101.230000 -81.950000
447.782640 -0.660000 -0.290000 0.380000 0.020000 0.000000 -4.870000 5.653191 6.490231 0.000000 125.330000 -91.590000
447.822370 0.300000 0.140000 1.270000 -0.010000 -0.040000 -4.900000 4.037994 5.913375 0.000000 110.870000 -86.770000
447.856707 0.590000 0.180000 0.470000 -0.020000 0.000000 -4.840000 3.093003 5.247357 0.000000 96.920000 -78.460000
447.894976 -0.150000 0.120000 0.130000 0.030000 -0.040000 -4.790000 6.460790 6.057589 0.000000 120.510000 -81.950000
447.929590 0.150000 -0.170000 1.630000 0.030000 -0.060000 -4.750000 4.845593 6.634445 0.000000 125.330000 -96.410000
447.966955 -0.120000 0.070000 1.530000 -0.020000 -0.060000 -4.740000 5.413592 6.214070 0.000000 120.000000 -87.690000
448.007309 0.330000 -0.200000 0.720000 -0.030000 -0.080000 -4.800000 1.546501 5.247657 0.000000 92.310000 -83.080000
448.041387 0.770000 -0.040000 -0.140000 0.000000 -0.070000 -4.830000 6.460790 5.192305 0.000000 106.050000 -67.490000
448.072624 -0.200000 -0.360000 -0.230000 0.000000 -0.070000 -4.910000 8.075988 5.769161 0.000000 120.510000 -72.310000
448.101842 0.300000 -0.050000 0.360000 -0.030000 -0.130000 -4.910000 6.186005 6.076139 0.000000 120.000000 -83.080000
448.138135 -0.170000 -0.540000 0.870000 -0.020000 -0.090000 -4.980000 7.268389 5.336519 0.000000 110.870000 -67.490000
448.173152 0.420000 0.330000 -0.850000 -0.010000 -0.030000 -4.870000 7.732507 5.799978 0.000000 120.000000 -73.850000
448.209903 -0.540000 0.210000 -0.120000 -0.000000 -0.180000 -4.970000 5.653191 5.624947 0.000000 110.870000 -77.130000
448.248856 0.330000 -0.180000 0.180000 0.010000 -0.070000 -4.930000 7.268389 5.913375 0.000000 120.510000 -77.130000
448.284986 -0.410000 0.750000 1.210000 0.030000 -0.100000 -4.890000 5.653191 5.336519 0.000000 106.050000 -72.310000
448.323116 0.300000 -0.300000 0.300000 -0.040000 -0.050000 -4.870000 5.411917 5.385587 0.000000 106.150000 -73.850000
448.358652 0.420000 -0.220000 0.710000 0.040000 -0.110000 -4.950000 7.268389 5.913375 0.000000 120.510000 -77.130000
448.394222 -0.690000 0.020000 -0.420000 0.020000 -0.120000 -4.980000 1.615198 5.192305 0.000000 91.590000 -81.950000
448.430140 -0.140000 0.190000 -0.560000 -0.050000 -0.130000 -4.960000 8.504920 5.385587 0.000000 115.380000 -64.620000
448.459803 -0.870000 0.060000 0.430000 -0.030000 -0.070000 -4.880000 6.271457 6.091399 0.000000 120.510000 -83.080000
448.495432 0.510000 -0.050000 -0.060000 -0.030000 -0.090000 -4.810000 8.075988 6.346017 0.000000 130.150000 -81.950000
448.533124 0.520000 -0.130000 -0.270000 -0.030000 -0.010000 -4.880000 7.268389 5.336519 0.000000 110.870000 -67.490000
448.570107 -0.010000 0.030000 -1.440000 0.000000 -0.090000 -4.870000 4.639504 5.799978 0.000000 110.770000 -83.080000
448.601032 0.360000 0.050000 0.200000 0.000000 -0.060000 -4.870000 8.075988 6.346017 0.000000 130.150000 -81.950000
448.638974 -1.170000 0.330000 -0.550000 -0.030000 -0.010000 -4.870000 3.093003 5.247357 0.000000 96.920000 -78.460000
448.677332 0.260000 0.870000 -1.970000 -0.040000 0.010000 -4.870000 4.845593 5.480733 0.000000 106.050000 -77.130000
448.714358 0.210000 -0.290000 -0.580000 -0.000000 -0.110000 -4.910000 4.845593 5.769161 0.000000 110.870000 -81.950000
448.751788 0.450000 -0.150000 1.530000 -0.010000 -0.090000 -4.970000 3.230395 5.192305 0.000000 96.410000 -77.130000
448.783106 0.000000 0.140000 -0.070000 -0.020000 -0.050000 -5.040000 5.411917 5.937909 0.000000 115.380000 -83.080000
448.816945 -0.680000 0.200000 1.060000 -0.010000 -0.080000 -4.840000 5.653191 5.336519 0.000000 106.050000 -72.310000
448.855849 0.470000 -0.100000 -0.030000 -0.020000 -0.050000 -4.880000 3.230395 6.057589 0.000000 110.870000 -91.590000
448.892076 -0.470000 -0.270000 0.090000 0.010000 -0.090000 -4.960000 4.639504 5.799978 0.000000 110.770000 -83.080000
448.923613 -0.100000 -0.380000 -0.580000 -0.020000 -0.090000 -5.050000 6.960094 5.385587 0.000000 110.770000 -69.230000
448.959525 -0.730000 -0.070000 0.710000 -0.030000 -0.070000 -5.080000 6.460790 5.769161 0.000000 115.690000 -77.130000
448.988369 -0.070000 0.060000 0.590000 -0.030000 -0.110000 -5.040000 6.460790 5.480733 0.000000 110.870000 -72.310000
449.024801 0.760000 -0.270000 0.240000 -0.000000 -0.050000 -5.120000 5.411917 5.385587 0.000000 106.150000 -73.850000
449.061028 -0.340000 -0.210000 0.340000 -0.020000 -0.050000 -5.210000 8.883586 5.624947 0.000000 120.510000 -67.490000
449.099210 -0.170000 0.260000 -0.090000 -0.020000 -0.090000 -5.260000 7.268389 5.048091 0.000000 106.050000 -62.670000
449.136823 -0.670000 0.280000 0.610000 -0.030000 -0.080000 -5.220000 8.075988 6.057589 0.000000 125.330000 -77.130000
449.176986 -0.010000 -0.150000 0.460000 -0.020000 -0.070000 -5.210000 9.691185 5.480733 0.000000 120.510000 -62.670000
449.215206 0.060000 0.150000 -0.630000 -0.030000 -0.080000 -5.130000 8.075988 6.057589 0.000000 125.330000 -77.130000
449.249179 0.380000 -0.520000 0.170000 0.000000 -0.050000 -5.140000 4.639504 5.799978 0.000000 110.770000 -83.080000
449.287051 0.670000 0.130000 -0.110000 -0.030000 -0.060000 -5.180000 6.460790 6.057589 0.000000 120.510000 -81.950000
449.326615 0.200000 0.020000 -0.420000 -0.040000 -0.060000 -5.210000 11.306383 4.903877 0.000000 115.690000 -48.210000
449.364434 -0.610000 0.070000 -0.830000 0.020000 -0.100000 -5.130000 6.960094 6.214369 0.000000 124.620000 -83.080000
449.400174 0.300000 0.270000 0.230000 0.010000 -0.120000 -5.030000 6.186005 5.799679 0.000000 115.380000 -78.460000
449.429994 0.530000 -0.400000 -0.190000 -0.060000 -0.180000 -4.940000 7.268389 6.490231 0.000000 130.150000 -86.770000
449.460157 0.100000 -0.420000 -0.010000 -0.060000 -0.030000 -4.920000 11.306383 5.480733 0.000000 125.330000 -57.850000
449.492505 0.570000 -0.100000 -0.340000 -0.070000 -0.100000 -4.830000 3.867091 5.385587 0.000000 101.540000 -78.460000
449.524032 -0.150000 -0.480000 0.840000 -0.020000 -0.020000 -4.840000 6.460790 6.634445 0.000000 130.150000 -91.590000
449.559832 -0.450000 0.250000 -0.550000 -0.060000 -0.030000 -4.740000 5.653191 6.201803 0.000000 120.510000 -86.770000
449.588906 0.490000 -0.090000 1.680000 -0.020000 -0.070000 -4.700000 3.230395 5.769161 0.000000 106.050000 -86.770000
449.624430 -0.090000 -0.040000 -0.590000 -0.080000 -0.010000 -4.750000 7.853144 6.097383 0.000000 125.330000 -78.460000
449.662535 -0.070000 0.050000 -1.330000 -0.090000 -0.000000 -4.750000 4.037994 5.913375 0.000000 110.870000 -86.770000
449.693238 0.270000 0.120000 0.190000 -0.030000 0.050000 -4.810000 6.186005 5.247357 0.000000 106.150000 -69.230000
449.726439 -0.740000 0.410000 -1.130000 -0.040000 -0.020000 -4.650000 4.845593 5.192305 0.000000 101.230000 -72.310000
449.763487 0.000000 -0.020000 1.010000 -0.010000 -0.070000 -4.720000 5.653191 5.336519 0.000000 106.050000 -72.310000
449.800386 0.080000 -0.240000 0.650000 -0.010000 -0.120000 -4.780000 9.279008 5.523817 0.000000 120.000000 -64.620000
449.828924 -0.240000 0.040000 0.290000 0.000000 -0.090000 -4.810000 7.732507 5.523518 0.000000 115.380000 -69.230000
449.863475 -0.140000 0.140000 0.900000 -0.010000 -0.020000 -4.820000 6.460790 6.057589 0.000000 120.510000 -81.950000
449.900547 0.020000 -0.220000 0.490000 -0.050000 -0.160000 -4.870000 6.460790 5.769161 0.000000 115.690000 -77.130000
449.940812 -0.200000 -0.420000 -0.780000 0.010000 -0.020000 -4.920000 5.411917 5.937909 0.000000 115.380000 -83.080000
449.970679 0.030000 0.340000 -0.280000 0.020000 -0.150000 -4.930000 8.883586 5.913375 0.000000 125.330000 -72.310000
450.000506 0.390000 0.310000 -0.610000 0.020000 -0.120000 -5.110000 6.460790 6.057589 0.000000 120.510000 -81.950000
450.031018 -1.170000 0.350000 -0.060000 0.010000 -0.080000 -4.950000 6.460790 5.480733 0.000000 110.870000 -72.310000
450.067300 -0.350000 0.490000 -0.470000 -0.010000 -0.140000 -5.030000 3.865416 5.661748 0.000000 106.150000 -83.080000
450.105970 -0.100000 -0.340000 0.720000 -0.030000 -0.080000 -5.030000 12.113981 5.624947 0.000000 130.150000 -57.850000
450.139102 0.400000 0.010000 -0.940000 -0.030000 -0.100000 -4.960000 5.413592 6.214070 0.000000 120.000000 -87.690000
450.203599 0.380000 0.080000 -0.270000 -0.040000 -0.060000 -5.030000 5.653191 5.048091 0.000000 101.230000 -67.490000
450.263011 -0.470000 0.130000 -0.020000 -0.070000 -0.070000 -5.040000 4.845593 6.346017 0.000000 120.510000 -91.590000
450.308535 -0.100000 0.040000 -0.940000 -0.040000 -0.020000 -5.060000 5.653191 6.201803 0.000000 120.510000 -86.770000
450.346219 -0.180000 0.190000 -0.040000 -0.040000 -0.050000 -5.060000 6.960094 6.214369 0.000000 124.620000 -83.080000
450.386528 0.300000 -0.030000 -0.620000 -0.070000 -0.070000 -5.010000 4.845593 6.634445 0.000000 125.330000 -96.410000
450.422776 -0.390000 -0.570000 0.570000 -0.010000 -0.060000 -0.060000 3.230395 6.057589 0.000000 110.870000 -91.590000
450.455050 0.420000 0.570000 0.790000 -0.020000 -0.060000 -5.030000 3.867091 5.385587 0.000000 101.540000 -78.460000
450.490406 -0.170000 0.080000 -1.060000 -0.060000 0.030000 -5.000000 10.053096 5.385587 0.000000 120.000000 -60.000000
450.519778 -0.060000 -0.080000 1.140000 -0.030000 -0.010000 -5.040000 4.845593 5.192305 0.000000 101.230000 -72.310000
450.557369 -0.110000 -0.140000 0.600000 -0.030000 -0.070000 -5.150000 7.268389 5.336519 0.000000 110.870000 -67.490000
450.594927 0.020000 0.440000 0.140000 -0.020000 0.010000 -5.080000 6.960094 5.937909 0.000000 120.000000 -78.460000
450.632694 0.300000 -0.050000 8.710000 -0.010000 -0.060000 -0.060000 5.653191 5.913375 0.000000 115.690000 -81.950000
450.664575 0.250000 -0.370000 -1.680000 -0.000000 -0.030000 -5.070000 6.477545 5.195297 0.000000 106.150000 -67.490000
450.699370 0.090000 -0.160000 -0.430000 0.050000 -0.030000 -5.070000 8.075988 5.480733 0.000000 115.690000 -67.490000
450.730312 0.400000 -0.100000 -0.090000 -0.010000 -0.080000 -5.040000 6.460790 6.346017 0.000000 125.330000 -86.770000
450.760573 0.260000 0.140000 -1.710000 0.010000 -0.090000 -5.060000 10.498784 6.201803 0.000000 134.970000 -72.310000
450.789442 0.340000 -0.130000 -0.350000 0.020000 -0.100000 -4.990000 6.960094 5.385587 0.000000 110.770000 -69.230000
450.828004 -0.700000 0.100000 -1.280000 -0.000000 -0.030000 -4.740000 0.000000 5.192305 0.000000 86.770000 -86.770000
450.862525 0.220000 -0.590000 -0.890000 -0.060000 -0.040000 -4.700000 8.883586 5.913375 0.000000 125.330000 -72.310000
450.892668 -0.230000 -0.220000 -1.420000 0.010000 -0.040000 -4.420000 3.867091 5.385587 0.000000 101.540000 -78.460000
450.923675 -0.010000 -0.360000 -0.860000 -0.020000 -0.090000 -4.340000 3.093003 4.971496 0.000000 92.310000 -73.850000
450.963632 -0.260000 0.000000 0.540000 0.010000 -0.050000 -4.300000 8.075988 4.903877 0.000000 106.050000 -57.850000
451.001023 -0.290000 -0.070000 -0.430000 -0.010000 -0.060000 -4.400000 4.845593 4.903877 0.000000 96.410000 -67.490000
451.032485 -0.400000 0.050000 -0.470000 0.010000 -0.030000 -4.300000 5.411917 4.833265 0.000000 96.920000 -64.620000
451.063951 -0.110000 0.210000 0.630000 -0.000000 -0.090000 -4.370000 2.422796 4.471234 0.000000 81.950000 -67.490000
451.099480 0.400000 0.180000 -0.620000 -0.090000 0.020000 -4.410000 3.230395 5.192305 0.000000 96.410000 -77.130000
451.133548 -0.600000 0.510000 -0.130000 0.020000 -0.040000 -4.370000 3.230395 3.750164 0.000000 72.310000 -53.030000
451.167053 0.290000 0.160000 2.100000 0.060000 -0.060000 -0.060000 8.504920 5.385587 0.000000 115.380000 -64.620000
451.204798 -0.100000 0.210000 -0.640000 0.000000 -0.130000 -4.570000 3.230395 4.327020 0.000000 81.950000 -62.670000
451.242096 0.210000 0.280000 1.180000 0.010000 -0.110000 -4.630000 8.506595 5.109426 0.000000 110.770000 -60.000000
451.327337 -0.480000 -0.330000 -0.180000 -0.030000 -0.020000 -4.610000 2.422796 5.624947 0.000000 101.230000 -86.770000
451.370700 0.270000 0.060000 -0.100000 -0.010000 -0.060000 -4.730000 2.422796 5.336519 0.000000 96.410000 -81.950000
451.400169 -0.710000 -0.460000 0.490000 -0.040000 -0.140000 -4.880000 3.230395 5.769161 0.000000 106.050000 -86.770000
451.438191 0.390000 0.380000 -0.510000 0.030000 -0.070000 -4.830000 5.411917 5.385587 0.000000 106.150000 -73.850000
451.471616 5.210000 5.910000 -8.840000 -4.550000 -0.120000 -8.380000 6.460790 5.769161 0.000000 115.690000 -77.130000
451.501874 -0.710000 -0.940000 0.370000 0.030000 -0.150000 -4.950000 1.615198 5.769161 0.000000 101.230000 -91.590000
451.531270 -0.040000 -0.940000 1.650000 0.020000 -0.140000 -4.910000 3.865416 5.661748 0.000000 106.150000 -83.080000
451.568187 -0.850000 -0.860000 0.750000 -0.040000 -0.130000 -4.900000 2.422796 5.624947 0.000000 101.230000 -86.770000
451.601989 0.180000 -1.030000 -0.070000 0.010000 -0.110000 -4.980000 3.230395 6.057589 0.000000 110.870000 -91.590000
451.640500 -0.170000 -0.620000 0.840000 -0.090000 -0.060000 -5.010000 4.037994 4.759662 0.000000 91.590000 -67.490000
451.672651 -0.570000 -0.640000 0.820000 -0.030000 -0.040000 -5.030000 6.186005 5.247357 0.000000 106.150000 -69.230000
451.703906 -1.590000 -0.420000 0.490000 -0.040000 -0.120000 -4.930000 2.422796 5.048091 0.000000 91.590000 -77.130000
451.741656 -0.830000 -1.160000 1.970000 -0.050000 -0.110000 -4.890000 0.000000 6.628461 0.000000 110.770000 -110.770000
451.771792 12.020000 -1.570000 62.200000 -0.050000 -0.100000 -4.940000 2.422796 5.624947 0.000000 101.230000 -86.770000
451.802117 -1.880000 0.470000 -6.420000 -0.030000 -0.050000 -4.980000 -0.807599 5.336519 0.000000 86.770000 -91.590000
451.833074 -1.760000 0.320000 -7.130000 -0.060000 -0.010000 -4.910000 8.075988 6.634445 0.000000 134.970000 -86.770000
451.864903 -1.330000 0.120000 -4.940000 -0.050000 -0.080000 -4.930000 5.411917 5.937909 0.000000 115.380000 -83.080000
451.898311 -1.790000 0.200000 -8.000000 -0.050000 -0.050000 -4.910000 5.653191 6.201803 0.000000 120.510000 -86.770000
451.935167 -1.670000 0.100000 -6.790000 -0.020000 -0.050000 -4.900000 5.653191 6.201803 0.000000 120.510000 -86.770000
454.574681 -1.080000 -0.170000 -6.880000 0.010000 -0.060000 -4.850000 5.653191 6.490231 0.000000 125.330000 -91.590000
454.615674 -1.070000 0.460000 -7.480000 -0.030000 -0.050000 -4.680000 4.845593 5.480733 0.000000 106.050000 -77.130000
454.650513 -1.410000 0.560000 -6.390000 -0.100000 -0.120000 -4.880000 3.093003 5.523817 0.000000 101.540000 -83.080000
454.683505 -0.800000 0.360000 -8.510000 -0.030000 0.020000 -4.720000 5.653191 5.913375 0.000000 115.690000 -81.950000
454.722168 -0.700000 -0.920000 0.080000 -0.010000 0.030000 -4.500000 4.845593 4.615448 0.000000 91.590000 -62.670000
454.751243 0.500000 0.270000 -0.550000 -0.040000 -0.070000 -4.440000 5.653191 5.048091 0.000000 101.230000 -67.490000
454.783178 -0.440000 0.130000 0.590000 -0.010000 -0.080000 -4.410000 4.639504 4.971196 0.000000 96.920000 -69.230000
454.820661 0.120000 0.570000 -0.370000 -0.040000 -0.050000 -4.310000 4.845593 4.903877 0.000000 96.410000 -67.490000
454.851336 0.260000 0.100000 0.690000 -0.030000 -0.090000 -4.530000 6.186005 4.695035 0.000000 96.920000 -60.000000
454.880829 -0.020000 0.380000 0.310000 -0.020000 -0.050000 -4.410000 3.230395 5.192305 0.000000 96.410000 -77.130000
454.919266 1.300000 -0.080000 -0.220000 -0.010000 -0.090000 -4.440000 4.037994 5.336519 0.000000 101.230000 -77.130000
454.956700 0.310000 -0.150000 0.250000 -0.040000 -0.090000 -4.520000 5.653191 5.048091 0.000000 101.230000 -67.490000
454.992997 -0.130000 0.150000 0.740000 0.010000 -0.100000 -4.560000 3.865416 5.109426 0.000000 96.920000 -73.850000
455.024944 0.330000 0.080000 -1.460000 -0.020000 -0.060000 -4.600000 8.075988 4.615448 0.000000 101.230000 -53.030000
455.063002 -0.430000 -0.320000 0.860000 -0.000000 -0.110000 -4.740000 6.460790 4.327020 0.000000 91.590000 -53.030000
455.097260 -0.390000 0.250000 1.150000 0.000000 -0.180000 -4.720000 3.867091 4.833265 0.000000 92.310000 -69.230000
455.133332 0.080000 -0.320000 -0.290000 -0.020000 -0.140000 -4.700000 7.784448 5.532793 0.000000 115.690000 -69.230000
455.169383 0.910000 -0.200000 -0.440000 -0.030000 -0.060000 -4.750000 3.230395 5.192305 0.000000 96.410000 -77.130000
455.205651 0.040000 -0.060000 -0.220000 -0.020000 -0.070000 -4.810000 8.883586 5.336519 0.000000 115.690000 -62.670000
455.243827 -0.190000 0.100000 0.370000 -0.030000 -0.040000 -4.760000 6.958418 5.661748 0.000000 115.380000 -73.850000
455.283609 0.340000 -0.150000 -0.540000 -0.310000 -0.400000 -18.580000 4.037994 5.336519 0.000000 101.230000 -77.130000
455.320431 -0.230000 -0.420000 0.330000 0.010000 -0.090000 -4.600000 7.732507 5.523518 0.000000 115.380000 -69.230000
455.350551 0.640000 0.080000 -1.130000 -0.050000 0.010000 -4.630000 4.845593 5.192305 0.000000 101.230000 -72.310000
455.379362 -0.210000 0.250000 0.300000 -0.060000 -0.030000 -4.640000 4.037994 5.624947 0.000000 106.050000 -81.950000
455.417892 0.120000 -0.230000 0.740000 -0.110000 -0.040000 -4.640000 0.807599 5.624947 0.000000 96.410000 -91.590000
455.456799 -0.570000 0.030000 -0.850000 0.110000 -0.130000 -4.640000 7.732507 5.247657 0.000000 110.770000 -64.620000
455.495811 -0.410000 -0.400000 -0.820000 -0.010000 -0.030000 -4.590000 4.845593 6.057589 0.000000 115.690000 -86.770000
455.531632 0.700000 0.070000 1.050000 -0.030000 0.060000 -4.570000 9.691185 5.192305 0.000000 115.690000 -57.850000
455.564152 0.060000 0.310000 0.140000 -0.070000 0.030000 -4.470000 3.093003 5.799679 0.000000 106.150000 -87.690000
455.601172 0.830000 -0.050000 0.350000 0.020000 -0.040000 -4.460000 9.279008 5.247357 0.000000 115.380000 -60.000000
455.642421 -0.530000 -0.430000 -0.640000 -0.030000 -0.180000 -4.520000 8.075988 5.192305 0.000000 110.870000 -62.670000
455.673169 0.100000 0.160000 1.290000 0.000000 0.040000 -4.540000 6.460790 4.903877 0.000000 101.230000 -62.670000
455.706430 -0.380000 0.040000 -0.150000 0.020000 -0.190000 -4.590000 8.506595 5.109426 0.000000 110.770000 -60.000000
455.743256 -0.450000 -0.110000 -0.150000 0.080000 -0.140000 -4.660000 4.037994 4.471234 0.000000 86.770000 -62.670000
455.777578 -0.000000 -0.250000 -0.910000 -0.020000 -0.100000 -4.760000 5.653191 5.913375 0.000000 115.690000 -81.950000
455.814448 -0.630000 0.710000 -0.680000 0.020000 -0.090000 -4.770000 4.037994 5.048091 0.000000 96.410000 -72.310000
455.849217 -0.340000 -0.450000 0.950000 -0.030000 -0.160000 -4.760000 5.653191 5.048091 0.000000 101.230000 -67.490000
455.887563 0.130000 -0.300000 0.260000 -0.040000 -0.090000 -4.790000 5.653191 6.201803 0.000000 120.510000 -86.770000
455.927097 0.510000 0.380000 -0.450000 -0.070000 -0.070000 -4.800000 6.186005 5.247357 0.000000 106.150000 -69.230000
455.960700 0.570000 0.140000 1.000000 0.020000 -0.110000 -4.740000 3.230395 5.769161 0.000000 106.050000 -86.770000
455.991364 0.070000 -0.100000 0.610000 -0.090000 -0.100000 -4.740000 6.460790 5.769161 0.000000 115.690000 -77.130000
456.020842 -1.060000 0.280000 -1.560000 0.010000 -0.130000 -4.750000 5.413592 5.109426 0.000000 101.540000 -69.230000
456.049270 -0.360000 0.470000 0.410000 -0.070000 -0.080000 -4.830000 4.639504 5.523518 0.000000 106.150000 -78.460000
456.089065 -0.510000 0.350000 -0.930000 -0.020000 -0.020000 -4.790000 5.653191 5.624947 0.000000 110.870000 -77.130000
456.119927 0.700000 -0.560000 1.450000 -0.110000 -0.120000 -4.800000 3.230395 5.769161 0.000000 106.050000 -86.770000
456.156178 -0.080000 -0.360000 -1.740000 -0.020000 -0.040000 -4.860000 0.772413 5.661748 0.000000 96.920000 -92.310000
456.192670 0.440000 0.050000 -0.020000 -0.060000 0.070000 -4.860000 8.883586 5.048091 0.000000 110.870000 -57.850000
456.223141 -0.030000 0.350000 -1.360000 -0.080000 -0.020000 -4.890000 5.653191 5.624947 0.000000 110.870000 -77.130000
456.258356 -0.030000 -0.220000 0.240000 -0.070000 -0.020000 -4.920000 1.615198 5.192305 0.000000 91.590000 -81.950000
456.296200 0.670000 -0.300000 0.970000 -0.010000 -0.040000 -4.970000 4.845593 5.769161 0.000000 110.870000 -81.950000
456.785174 2.600000 0.000000 63.250000 -0.160000 -0.190000 -19.620000 4.845593 6.634445 0.000000 125.330000 -96.410000
456.827280 -0.470000 -0.340000 -6.100000 0.040000 -0.100000 -4.580000 3.865416 5.661748 0.000000 106.150000 -83.080000
456.860946 0.020000 0.240000 -6.830000 0.050000 -0.050000 -4.570000 4.639504 5.247657 0.000000 101.540000 -73.850000
456.901523 -0.050000 0.010000 -6.760000 0.010000 -0.120000 -4.590000 7.268389 5.624947 0.000000 115.690000 -72.310000
456.933040 0.280000 0.150000 -7.520000 -0.050000 -0.110000 -4.590000 4.037994 5.913375 0.000000 110.870000 -86.770000
456.965574 -0.090000 0.030000 -6.210000 0.020000 -0.030000 -4.570000 8.506595 5.109426 0.000000 110.770000 -60.000000
457.000161 -0.260000 0.170000 -6.470000 -0.050000 -0.050000 -4.490000 8.075988 5.480733 0.000000 115.690000 -67.490000
457.033055 -0.630000 -0.120000 -5.770000 0.020000 -0.140000 -4.500000 3.230395 5.769161 0.000000 106.050000 -86.770000
457.798832 4.600000 6.050000 -15.990000 -2.850000 0.020000 1.520000 7.268389 5.336519 0.000000 110.870000 -67.490000
457.836872 -0.560000 -1.100000 -5.870000 0.010000 -0.050000 -4.780000 3.865416 5.109426 0.000000 96.920000 -73.850000
457.873842 -0.380000 -0.700000 0.370000 0.010000 -0.090000 -4.760000 5.653191 5.624947 0.000000 110.870000 -77.130000
457.912548 -0.810000 -1.340000 -0.200000 -0.010000 -0.020000 -4.310000 9.691185 4.903877 0.000000 110.870000 -53.030000
457.942504 -0.780000 -1.120000 0.920000 0.010000 -0.040000 -4.230000 9.692861 4.326721 0.000000 101.230000 -43.380000
457.974831 -0.590000 -0.520000 0.420000 -0.010000 -0.020000 -4.190000 8.883586 4.471234 0.000000 101.230000 -48.210000
458.011458 -1.110000 -1.050000 1.830000 0.000000 -0.070000 -4.120000 4.037994 4.759662 0.000000 91.590000 -67.490000
458.042550 0.090000 -0.570000 1.140000 -0.020000 -0.040000 -4.170000 5.413592 4.557105 0.000000 92.310000 -60.000000
458.073345 -0.920000 -0.260000 0.760000 -0.020000 -0.100000 -4.230000 5.653191 4.471234 0.000000 91.590000 -57.850000
458.110594 -0.100000 -0.210000 0.380000 0.020000 -0.090000 -4.210000 5.653191 4.759662 0.000000 96.410000 -62.670000
458.140680 -0.250000 -0.580000 0.550000 0.010000 -0.070000 -4.350000 6.960094 4.556805 0.000000 96.920000 -55.380000
458.170859 0.480000 0.990000 -0.350000 -0.100000 0.000000 -4.470000 4.639504 5.247657 0.000000 101.540000 -73.850000
458.202129 0.030000 0.290000 -1.390000 -0.020000 -0.080000 -4.420000 3.230395 6.057589 0.000000 110.870000 -91.590000
458.234323 -0.050000 -0.200000 0.270000 0.050000 -0.120000 -4.470000 6.460790 5.192305 0.000000 106.050000 -67.490000
458.270416 -0.040000 -0.040000 0.240000 -0.130000 -0.060000 -4.550000 2.318914 4.833265 0.000000 87.690000 -73.850000
458.301691 -0.410000 0.580000 -1.350000 -0.070000 -0.010000 -4.520000 5.653191 4.759662 0.000000 96.410000 -62.670000
458.332024 -0.140000 0.010000 0.240000 -0.030000 -0.050000 -4.640000 3.230395 5.192305 0.000000 96.410000 -77.130000
458.362486 -0.070000 0.210000 0.190000 -0.080000 -0.100000 -4.690000 3.230395 5.192305 0.000000 96.410000 -77.130000
458.393724 0.560000 0.240000 1.890000 -0.060000 -0.040000 -4.720000 5.395162 5.382595 0.000000 106.050000 -73.850000
458.428920 -0.220000 0.440000 -0.710000 -0.070000 -0.040000 -4.700000 1.615198 5.480733 0.000000 96.410000 -86.770000
458.463376 -0.530000 0.010000 0.240000 0.010000 -0.110000 -4.710000 9.279008 4.695035 0.000000 106.150000 -50.770000
458.500891 -0.590000 -0.090000 -0.290000 -0.080000 -0.070000 -4.700000 5.653191 5.048091 0.000000 101.230000 -67.490000
458.529866 0.250000 0.180000 0.140000 -0.060000 -0.050000 -4.760000 5.653191 5.624947 0.000000 110.870000 -77.130000
458.568136 0.330000 -0.170000 0.600000 -0.070000 -0.030000 -4.780000 6.958418 5.661748 0.000000 115.380000 -73.850000
458.602119 0.460000 -0.480000 -0.660000 -0.040000 0.010000 -4.760000 6.186005 5.247357 0.000000 106.150000 -69.230000
458.633851 0.220000 -0.060000 -0.610000 -0.080000 -0.010000 -4.790000 5.653191 5.913375 0.000000 115.690000 -81.950000
458.668389 -0.440000 1.090000 -1.550000 0.050000 0.010000 -4.750000 9.691185 5.192305 0.000000 115.690000 -57.850000
458.710165 0.530000 -0.880000 0.700000 -0.070000 -0.100000 -4.790000 1.546501 5.247657 0.000000 92.310000 -83.080000
458.741674 -0.970000 0.260000 0.240000 0.040000 -0.120000 -4.820000 4.037994 6.201803 0.000000 115.690000 -91.590000
458.772584 0.240000 -0.110000 0.810000 0.060000 -0.140000 -4.890000 5.653191 5.336519 0.000000 106.050000 -72.310000
458.803172 0.170000 -0.050000 0.600000 0.020000 -0.070000 -4.870000 4.845593 6.057589 0.000000 115.690000 -86.770000
458.841026 -0.440000 -0.340000 -0.160000 -0.010000 -0.080000 -4.860000 8.506595 5.661748 0.000000 120.000000 -69.230000
458.872266 0.260000 -0.350000 0.270000 -0.040000 -0.040000 -4.920000 8.075988 5.480733 0.000000 115.690000 -67.490000
458.901179 0.550000 0.040000 0.800000 -0.050000 -0.110000 -4.870000 5.413592 5.661748 0.000000 110.770000 -78.460000
458.939073 -0.350000 -0.110000 -0.800000 -0.060000 -0.030000 -4.930000 11.306383 4.903877 0.000000 115.690000 -48.210000
458.976978 -0.390000 -0.040000 -0.350000 -0.080000 -0.020000 -4.910000 5.653191 6.201803 0.000000 120.510000 -86.770000
459.012682 -0.210000 -0.390000 -0.640000 -0.000000 -0.040000 -4.960000 7.320330 4.768938 0.000000 101.540000 -57.850000
459.045286 -0.370000 -0.100000 0.810000 -0.030000 -0.130000 -4.890000 10.053096 5.662048 0.000000 124.620000 -64.620000
459.079227 0.370000 0.450000 -0.750000 -0.020000 -0.050000 -4.950000 5.653191 5.624947 0.000000 110.870000 -77.130000
459.117490 0.300000 -0.340000 0.230000 -0.030000 -0.060000 -4.970000 4.845593 6.057589 0.000000 115.690000 -86.770000
459.153691 -0.380000 0.210000 -0.690000 -0.010000 -0.160000 -5.010000 8.504920 5.385587 0.000000 115.380000 -64.620000
459.189641 0.100000 -0.620000 1.620000 -0.020000 -0.030000 -4.860000 9.691185 4.903877 0.000000 110.870000 -53.030000
459.219321 0.250000 0.730000 0.060000 -0.040000 -0.070000 -4.820000 5.653191 5.048091 0.000000 101.230000 -67.490000
459.258833 0.600000 -0.250000 -0.080000 -0.050000 -0.080000 -4.880000 4.037994 5.336519 0.000000 101.230000 -77.130000
459.298736 0.560000 0.050000 0.220000 -0.060000 -0.090000 -4.870000 6.958418 5.661748 0.000000 115.380000 -73.850000
459.337531 -0.660000 0.200000 -0.400000 -0.040000 -0.030000 -4.870000 5.653191 5.624947 0.000000 110.870000 -77.130000
459.372691 -0.410000 0.360000 0.280000 0.020000 -0.090000 -4.750000 3.867091 5.385587 0.000000 101.540000 -78.460000
459.404060 0.720000 -0.200000 1.040000 -0.060000 -0.120000 -4.750000 6.460790 4.903877 0.000000 101.230000 -62.670000
459.438052 0.070000 -0.450000 -1.880000 -0.060000 -0.050000 -4.650000 4.037994 5.048091 0.000000 96.410000 -72.310000
459.477818 -0.140000 0.020000 0.360000 0.040000 -0.110000 -4.690000 5.653191 5.624947 0.000000 110.870000 -77.130000
459.514835 -0.490000 0.260000 -0.080000 -0.020000 -0.050000 -4.610000 7.732507 5.523518 0.000000 115.380000 -69.230000
459.551339 0.330000 -0.020000 0.020000 -0.050000 -0.110000 -4.670000 4.037994 5.336519 0.000000 101.230000 -77.130000
459.582258 -0.270000 -0.370000 -0.820000 -0.040000 -0.050000 -4.680000 9.691185 4.615448 0.000000 106.050000 -48.210000
459.611359 9.180000 -2.170000 68.610000 -0.050000 -0.050000 -4.580000 5.413592 5.661748 0.000000 110.770000 -78.460000
459.642084 -0.920000 0.180000 -7.550000 -0.040000 -0.030000 -4.500000 6.186005 4.971496 0.000000 101.540000 -64.620000
459.673341 -1.500000 0.260000 -8.760000 0.020000 -0.050000 -4.570000 5.653191 5.336519 0.000000 106.050000 -72.310000
459.711503 -1.160000 0.250000 -8.560000 -0.070000 -0.000000 -4.600000 6.460790 5.480733 0.000000 110.870000 -72.310000
459.743267 -1.010000 0.750000 -7.270000 -0.020000 0.000000 -4.520000 6.186005 4.695035 0.000000 96.920000 -60.000000
459.780351 -0.260000 0.690000 -6.540000 0.010000 -0.030000 -4.440000 6.460790 6.057589 0.000000 120.510000 -81.950000
459.811735 -1.460000 0.200000 -7.620000 0.080000 -0.120000 -4.420000 4.862348 5.483725 0.000000 106.150000 -77.130000
459.842695 -1.490000 -0.150000 -8.890000 -0.030000 -0.000000 -4.480000 6.460790 5.769161 0.000000 115.690000 -77.130000
459.873312 -0.190000 0.540000 -6.280000 -0.090000 0.000000 -4.570000 5.653191 5.336519 0.000000 106.050000 -72.310000
459.910846 -0.150000 -0.110000 -8.120000 -0.160000 0.030000 -4.400000 4.037994 5.048091 0.000000 96.410000 -72.310000
459.941006 0.060000 -0.030000 -0.520000 0.030000 -0.080000 -4.160000 4.639504 4.418874 0.000000 87.690000 -60.000000
459.969187 0.060000 0.180000 0.850000 -0.010000 -0.050000 -4.050000 6.460790 4.327020 0.000000 91.590000 -53.030000
460.004069 -0.770000 -0.920000 -0.040000 -0.060000 -0.030000 -3.570000 5.653191 4.182806 0.000000 86.770000 -53.030000
460.041726 0.220000 0.310000 0.120000 -0.010000 -0.030000 -3.270000 6.186005 3.590392 0.000000 78.460000 -41.540000
460.072419 -0.050000 -0.470000 0.340000 -0.000000 -0.060000 -2.830000 4.641180 3.038070 0.000000 64.620000 -36.920000
460.102103 -0.620000 0.490000 0.610000 0.020000 -0.050000 -2.310000 5.654867 3.028795 0.000000 67.490000 -33.740000
460.140232 -0.060000 -0.710000 0.490000 -0.000000 -0.020000 -1.880000 4.039669 2.451938 0.000000 53.030000 -28.920000
460.171298 -0.630000 0.360000 -0.050000 -0.020000 -0.010000 -1.370000 4.639504 1.657265 0.000000 41.540000 -13.850000
460.200980 0.250000 -0.160000 0.160000 -0.010000 0.010000 -0.850000 4.037994 1.009498 0.000000 28.920000 -4.820000
460.229908 0.090000 -0.370000 0.220000 0.000000 -0.010000 -0.240000 1.615198 0.288428 0.000000 9.640000 0.000000
460.266237 -0.410000 -0.300000 -0.190000 0.000000 -0.010000 0.100000 0.807599 0.144214 0.000000 4.820000 0.000000
460.301878 0.230000 0.130000 0.160000 0.000000 -0.010000 0.000000 0.807599 0.144214 0.000000 4.820000 0.000000
460.336509 -0.100000 0.320000 -0.160000 -0.000000 0.000000 -0.020000 0.000000 0.000000 0.000000 0.000000 0.000000
460.371282 -0.050000 0.280000 -0.080000 0.000000 -0.000000 0.020000 0.000000 0.000000 0.000000 0.000000 0.000000
460.399872 0.090000 0.120000 -0.050000 0.000000 0.000000 0.010000 0.000000 0.000000 0.000000 0.000000 0.000000
460.435638 0.060000 0.230000 0.040000 -0.000000 0.000000 -0.000000 0.000000 0.000000 0.000000 0.000000 0.000000
460.468724 0.110000 0.090000 -0.020000 0.000000 -0.000000 -0.000000 0.000000 0.000000 0.000000 0.000000 0.000000
460.504519 0.010000 0.050000 0.060000 0.000000 -0.000000 0.000000 0.000000 0.000000 0.000000 0.000000 0.000000
460.542074 0.100000 0.130000 -0.030000 -0.000000 0.000000 0.000000 0.000000 0.000000 0.000000 0.000000 0.000000
460.571067 0.140000 0.030000 0.020000 -0.000000 -0.000000 0.000000 0.000000 0.000000 0.000000 0.000000 0.000000
460.600251 0.070000 0.060000 -0.060000 -0.000000 -0.000000 -0.000000 0.000000 0.000000 0.000000 0.000000 0.000000
460.630932 0.120000 -0.080000 0.000000 -0.000000 0.000000 0.000000 0.000000 0.000000 0.000000 0.000000 0.000000
460.667185 0.090000 0.020000 -0.030000 -0.000000 -0.000000 0.000000 0.000000 0.000000 0.000000 0.000000 0.000000
460.700416 0.080000 0.020000 -0.010000 0.000000 0.000000 -0.000000 0.000000 0.000000 0.000000 0.000000 0.000000
460.729983 0.090000 0.010000 -0.010000 0.000000 0.000000 -0.000000 0.000000 0.000000 0.000000 0.000000 0.000000
460.763894 0.100000 -0.030000 0.060000 0.000000 0.000000 -0.000000 0.000000 0.000000 0.000000 0.000000 0.000000
460.800473 0.070000 -0.030000 -0.090000 0.000000 -0.000000 -0.000000 0.000000 0.000000 0.000000 0.000000 0.000000
460.829328 0.040000 -0.050000 0.040000 -0.000000 -0.000000 0.000000 0.000000 0.000000 0.000000 0.000000 0.000000
460.864078 0.060000 -0.030000 0.030000 0.000000 -0.000000 0.000000 0.000000 0.000000 0.000000 0.000000 0.000000
460.898349 0.040000 -0.030000 0.030000 0.000000 -0.000000 -0.000000 0.000000 0.000000 0.000000 0.000000 0.000000
460.935360 0.020000 -0.020000 0.000000 -0.000000 -0.000000 -0.000000 0.000000 0.000000 0.000000 0.000000 0.000000
460.971618 0.040000 -0.030000 -0.070000 -0.000000 -0.000000 0.000000 0.000000 0.000000 0.000000 0.000000 0.000000
461.001168 0.040000 0.020000 0.070000 -0.000000 -0.000000 -0.000000 0.000000 0.000000 0.000000 0.000000 0.000000
461.030944 0.060000 -0.000000 -0.030000 -0.000000 0.000000 0.000000 0.000000 0.000000 0.000000 0.000000 0.000000
461.063453 0.020000 -0.010000 -0.000000 -0.000000 0.000000 -0.000000 0.000000 0.000000 0.000000 0.000000 0.000000
461.101190 -0.020000 -0.010000 -0.000000 0.000000 -0.000000 0.000000 0.000000 0.000000 0.000000 0.000000 0.000000
461.129848 0.020000 0.050000 -0.020000 0.000000 -0.000000 0.000000 0.000000 0.000000 0.000000 0.000000 0.000000
461.167720 0.010000 -0.020000 -0.000000 -0.000000 0.000000 -0.000000 0.000000 0.000000 0.000000 0.000000 0.000000
461.205733 -0.000000 0.030000 0.000000 0.000000 -0.000000 0.000000 0.000000 0.000000 0.000000 0.000000 0.000000
461.238308 0.040000 0.030000 -0.010000 -0.000000 -0.000000 -0.000000 0.000000 0.000000 0.000000 0.000000 0.000000
461.277511 0.030000 0.020000 0.000000 -0.000000 -0.000000 0.000000 0.000000 0.000000 0.000000 0.000000 0.000000
461.314976 0.050000 -0.050000 -0.030000 0.000000 -0.000000 0.000000 0.000000 0.000000 0.000000 0.000000 0.000000
461.352379 0.000000 0.010000 -0.030000 -0.000000 -0.000000 0.000000 0.000000 0.000000 0.000000 0.000000 0.000000
461.382543 -0.000000 0.020000 -0.050000 -0.000000 -0.000000 -0.000000 0.000000 0.000000 0.000000 0.000000 0.000000
461.410406 -0.000000 -0.000000 -0.000000 0.000000 -0.000000 -0.000000 0.000000 0.000000 0.000000 0.000000 0.000000
461.438097 -0.010000 -0.040000 -0.040000 -0.000000 -0.000000 0.000000 0.000000 0.000000 0.000000 0.000000 0.000000
461.475414 0.040000 -0.020000 -0.020000 0.000000 -0.000000 0.000000 0.000000 0.000000 0.000000 0.000000 0.000000
461.511439 0.000000 -0.020000 0.030000 -0.000000 -0.000000 0.000000 0.000000 0.000000 0.000000 0.000000 0.000000
461.539733 0.020000 0.010000 -0.010000 -0.000000 -0.000000 0.000000 0.000000 0.000000 0.000000 0.000000 0.000000
461.572177 0.080000 0.020000 0.090000 -0.000000 0.000000 -0.000000 0.000000 0.000000 0.000000 0.000000 0.000000
461.611434 -0.010000 -0.050000 0.020000 -0.000000 -0.000000 -0.000000 0.000000 0.000000 0.000000 0.000000 0.000000
461.638594 0.030000 -0.030000 0.030000 0.000000 -0.000000 0.000000 0.000000 0.000000 0.000000 0.000000 0.000000
461.675329 0.020000 -0.030000 -0.010000 -0.000000 -0.000000 0.000000 0.000000 0.000000 0.000000 0.000000 0.000000
461.708850 -0.010000 0.030000 0.010000 -0.000000 0.000000 0.000000 0.000000 0.000000 0.000000 0.000000 0.000000
461.741386 0.020000 0.020000 0.040000 0.000000 0.000000 -0.000000 0.000000 0.000000 0.000000 0.000000 0.000000
461.776566 0.010000 0.040000 -0.010000 0.000000 0.000000 0.000000 0.000000 0.000000 0.000000 0.000000 0.000000
461.811909 0.020000 -0.080000 0.010000 -0.000000 -0.000000 0.000000 0.000000 0.000000 0.000000 0.000000 0.000000
461.844612 -0.040000 -0.040000 -0.050000 -0.000000 -0.000000 0.000000 0.000000 0.000000 0.000000 0.000000 0.000000
461.880200 0.020000 -0.040000 -0.060000 -0.000000 -0.000000 0.000000 0.000000 0.000000 0.000000 0.000000 0.000000
461.907955 0.060000 0.080000 0.010000 0.000000 -0.000000 0.000000 0.000000 0.000000 0.000000 0.000000 0.000000
461.943061 -0.010000 0.050000 0.030000 0.000000 -0.000000 -0.000000 0.000000 0.000000 0.000000 0.000000 0.000000
461.978346 -0.020000 0.000000 0.010000 0.000000 -0.000000 0.000000 0.000000 0.000000 0.000000 0.000000 0.000000
462.015908 -0.030000 -0.020000 -0.010000 -0.000000 -0.000000 -0.000000 0.000000 0.000000 0.000000 0.000000 0.000000
462.051857 0.020000 -0.020000 0.020000 0.000000 -0.000000 -0.000000 0.000000 0.000000 0.000000 0.000000 0.000000
462.079693 0.040000 -0.000000 -0.030000 -0.000000 -0.000000 -0.000000 0.000000 0.000000 0.000000 0.000000 0.000000
462.119025 -0.010000 0.020000 0.010000 0.000000 -0.000000 -0.000000 0.000000 0.000000 0.000000 0.000000 0.000000
462.151655 0.000000 0.020000 -0.030000 0.000000 0.000000 0.000000 0.000000 0.000000 0.000000 0.000000 0.000000
462.182288 -0.010000 0.020000 0.040000 0.000000 -0.000000 0.000000 0.000000 0.000000 0.000000 0.000000 0.000000
462.212048 0.040000 -0.050000 -0.020000 0.000000 -0.000000 0.000000 0.000000 0.000000 0.000000 0.000000 0.000000
462.242478 0.050000 -0.010000 -0.040000 0.000000 -0.000000 -0.000000 0.000000 0.000000 0.000000 0.000000 0.000000
462.271440 -0.010000 0.020000 0.040000 0.000000 -0.000000 -0.000000 0.000000 0.000000 0.000000 0.000000 0.000000
462.299958 0.030000 0.020000 0.010000 0.000000 -0.000000 -0.000000 0.000000 0.000000 0.000000 0.000000 0.000000
462.335407 -0.000000 -0.030000 -0.080000 0.000000 0.000000 -0.000000 0.000000 0.000000 0.000000 0.000000 0.000000
462.371223 -0.020000 -0.010000 0.030000 0.000000 0.000000 0.000000 0.000000 0.000000 0.000000 0.000000 0.000000
462.400857 -0.030000 0.020000 -0.050000 0.000000 0.000000 -0.000000 0.000000 0.000000 0.000000 0.000000 0.000000
462.431439 -0.010000 -0.030000 0.060000 0.000000 -0.000000 -0.000000 0.000000 0.000000 0.000000 0.000000 0.000000
462.460893 0.030000 -0.040000 -0.020000 -0.000000 -0.000000 0.000000 0.000000 0.000000 0.000000 0.000000 0.000000
462.488921 0.000000 -0.020000 -0.010000 -0.000000 -0.000000 -0.000000 0.000000 0.000000 0.000000 0.000000 0.000000
462.523279 0.050000 0.020000 0.020000 -0.000000 -0.000000 0.000000 0.000000 0.000000 0.000000 0.000000 0.000000
462.554700 0.010000 0.020000 -0.050000 0.000000 0.000000 0.000000 0.000000 0.000000 0.000000 0.000000 0.000000
462.590285 0.030000 0.020000 -0.030000 0.000000 0.000000 -0.000000 0.000000 0.000000 0.000000 0.000000 0.000000
462.617988 -0.000000 -0.040000 -0.000000 0.000000 -0.000000 0.000000 0.000000 0.000000 0.000000 0.000000 0.000000
462.653261 0.030000 0.030000 0.020000 -0.000000 0.000000 -0.000000 0.000000 0.000000 0.000000 0.000000 0.000000
462.690187 -0.030000 0.030000 0.050000 -0.000000 0.000000 -0.000000 0.000000 0.000000 0.000000 0.000000 0.000000
462.720388 -0.070000 -0.050000 -0.070000 -0.000000 0.000000 0.000000 0.000000 0.000000 0.000000 0.000000 0.000000
462.749088 0.010000 0.020000 0.010000 0.000000 -0.000000 0.000000 0.000000 0.000000 0.000000 0.000000 0.000000
462.777581 0.030000 0.010000 0.020000 0.000000 0.000000 0.000000 0.000000 0.000000 0.000000 0.000000 0.000000
462.812596 -0.000000 -0.000000 -0.010000 -0.000000 -0.000000 0.000000 0.000000 0.000000 0.000000 0.000000 0.000000
462.842270 -0.010000 -0.000000 0.080000 0.000000 -0.000000 0.000000 0.000000 0.000000 0.000000 0.000000 0.000000
462.873121 -0.010000 -0.030000 -0.010000 0.000000 -0.000000 -0.000000 0.000000 0.000000 0.000000 0.000000 0.000000
462.902117 0.010000 0.010000 0.060000 0.000000 -0.000000 -0.000000 0.000000 0.000000 0.000000 0.000000 0.000000
462.930983 -0.010000 0.010000 0.020000 0.000000 0.000000 -0.000000 0.000000 0.000000 0.000000 0.000000 0.000000
462.961153 0.000000 -0.030000 -0.060000 -0.000000 0.000000 -0.000000 0.000000 0.000000 0.000000 0.000000 0.000000
462.988117 0.040000 0.020000 0.010000 0.000000 -0.000000 0.000000 0.000000 0.000000 0.000000 0.000000 0.000000
463.024715 0.000000 -0.000000 0.080000 -0.000000 0.000000 -0.000000 0.000000 0.000000 0.000000 0.000000 0.000000
463.059061 -0.020000 -0.030000 -0.030000 -0.000000 0.000000 -0.000000 0.000000 0.000000 0.000000 0.000000 0.000000
463.095595 -0.020000 0.000000 -0.010000 0.000000 -0.000000 -0.000000 0.000000 0.000000 0.000000 0.000000 0.000000
463.131973 0.070000 0.030000 0.000000 -0.000000 0.000000 -0.000000 0.000000 0.000000 0.000000 0.000000 0.000000
463.161439 0.040000 0.020000 0.010000 -0.000000 0.000000 -0.000000 0.000000 0.000000 0.000000 0.000000 0.000000
463.191020 -0.030000 -0.000000 -0.020000 -0.000000 -0.000000 0.000000 0.000000 0.000000 0.000000 0.000000 0.000000
463.220925 0.000000 -0.020000 -0.020000 0.000000 0.000000 0.000000 0.000000 0.000000 0.000000 0.000000 0.000000
463.255060 0.050000 0.040000 -0.070000 0.000000 -0.000000 0.000000 0.000000 0.000000 0.000000 0.000000 0.000000
463.287900 -0.000000 0.000000 0.010000 0.000000 -0.000000 -0.000000 0.000000 0.000000 0.000000 0.000000 0.000000
463.321967 -0.020000 -0.020000 0.010000 0.000000 0.000000 0.000000 0.000000 0.000000 0.000000 0.000000 0.000000
463.353019 -0.020000 -0.020000 -0.020000 -0.000000 0.000000 -0.000000 0.000000 0.000000 0.000000 0.000000 0.000000
463.386299 -0.040000 0.000000 -0.040000 0.000000 0.000000 -0.000000 0.000000 0.000000 0.000000 0.000000 0.000000
463.420992 0.010000 -0.010000 0.020000 0.000000 -0.000000 0.000000 0.000000 0.000000 0.000000 0.000000 0.000000
463.458979 -0.000000 0.020000 0.090000 0.000000 0.000000 -0.000000 0.000000 0.000000 0.000000 0.000000 0.000000
463.495353 -0.020000 0.020000 0.080000 0.000000 -0.000000 -0.000000 0.000000 0.000000 0.000000 0.000000 0.000000
463.532140 0.060000 0.020000 0.000000 -0.000000 -0.000000 -0.000000 0.000000 0.000000 0.000000 0.000000 0.000000
463.561268 -0.030000 -0.050000 0.030000 0.000000 0.000000 -0.000000 0.000000 0.000000 0.000000 0.000000 0.000000
463.589533 -0.050000 0.010000 0.040000 0.000000 0.000000 0.000000 0.000000 0.000000 0.000000 0.000000 0.000000
463.629642 -0.020000 0.020000 0.000000 0.000000 0.000000 0.000000 0.000000 0.000000 0.000000 0.000000 0.000000
463.665922 0.010000 0.010000 -0.110000 -0.000000 0.000000 -0.000000 0.000000 0.000000 0.000000 0.000000 0.000000
463.698728 0.010000 -0.010000 -0.030000 0.000000 -0.000000 -0.000000 0.000000 0.000000 0.000000 0.000000 0.000000
463.734929 -0.010000 -0.030000 -0.030000 -0.000000 0.000000 -0.000000 0.000000 0.000000 0.000000 0.000000 0.000000
463.772264 -0.010000 0.010000 -0.030000 0.000000 -0.000000 0.000000 0.000000 0.000000 0.000000 0.000000 0.000000
463.808858 -0.010000 -0.040000 -0.010000 -0.000000 0.000000 0.000000 0.000000 0.000000 0.000000 0.000000 0.000000
463.845128 -0.030000 -0.010000 0.020000 0.000000 -0.000000 0.000000 0.000000 0.000000 0.000000 0.000000 0.000000
463.879516 0.060000 0.040000 -0.050000 0.000000 0.000000 -0.000000 0.000000 0.000000 0.000000 0.000000 0.000000
463.918058 0.010000 -0.000000 0.020000 0.000000 -0.000000 -0.000000 0.000000 0.000000 0.000000 0.000000 0.000000
463.951165 0.030000 0.010000 0.030000 0.000000 -0.000000 -0.000000 0.000000 0.000000 0.000000 0.000000 0.000000
463.980214 0.040000 -0.000000 -0.030000 0.000000 -0.000000 0.000000 0.000000 0.000000 0.000000 0.000000 0.000000
464.008967 -0.030000 0.010000 0.040000 -0.000000 0.000000 0.000000 0.000000 0.000000 0.000000 0.000000 0.000000
464.043150 0.010000 0.010000 0.030000 0.000000 -0.000000 0.000000 0.000000 0.000000 0.000000 0.000000 0.000000
464.070877 0.010000 0.020000 0.010000 -0.000000 -0.000000 -0.000000 0.000000 0.000000 0.000000 0.000000 0.000000
464.101201 -0.000000 0.060000 -0.040000 0.000000 -0.000000 0.000000 0.000000 0.000000 0.000000 0.000000 0.000000
464.130938 -0.010000 -0.060000 0.020000 -0.000000 -0.000000 -0.000000 0.000000 0.000000 0.000000 0.000000 0.000000
464.161592 -0.040000 -0.010000 -0.030000 -0.000000 -0.000000 0.000000 0.000000 0.000000 0.000000 0.000000 0.000000
464.191255 -0.010000 -0.010000 -0.090000 0.000000 0.000000 -0.000000 0.000000 0.000000 0.000000 0.000000 0.000000
464.219625 0.010000 0.020000 -0.020000 0.000000 0.000000 0.000000 0.000000 0.000000 0.000000 0.000000 0.000000
464.252205 0.040000 -0.040000 0.020000 0.000000 -0.000000 0.000000 0.000000 0.000000 0.000000 0.000000 0.000000
464.282875 -0.020000 -0.060000 0.010000 0.000000 0.000000 -0.000000 0.000000 0.000000 0.000000 0.000000 0.000000
464.310326 -0.060000 0.040000 0.030000 0.000000 0.000000 -0.000000 0.000000 0.000000 0.000000 0.000000 0.000000
464.338426 0.030000 -0.010000 -0.040000 -0.000000 0.000000 -0.000000 0.000000 0.000000 0.000000 0.000000 0.000000
464.375362 -0.010000 -0.020000 0.050000 -0.000000 -0.000000 -0.000000 0.000000 0.000000 0.000000 0.000000 0.000000
464.408197 0.030000 0.020000 0.050000 -0.000000 0.000000 -0.000000 0.000000 0.000000 0.000000 0.000000 0.000000
464.445571 0.020000 0.030000 0.060000 0.000000 -0.000000 -0.000000 0.000000 0.000000 0.000000 0.000000 0.000000
464.483876 -0.020000 -0.040000 0.070000 -0.000000 0.000000 0.000000 0.000000 0.000000 0.000000 0.000000 0.000000
464.520533 -0.010000 0.000000 0.040000 -0.000000 -0.000000 -0.000000 0.000000 0.000000 0.000000 0.000000 0.000000
464.549343 0.020000 -0.020000 -0.010000 0.000000 0.000000 0.000000 0.000000 0.000000 0.000000 0.000000 0.000000
464.583169 0.030000 0.050000 0.020000 -0.000000 0.000000 0.000000 0.000000 0.000000 0.000000 0.000000 0.000000
464.617605 0.050000 0.040000 -0.090000 0.000000 0.000000 0.000000 0.000000 0.000000 0.000000 0.000000 0.000000
464.654164 0.010000 0.030000 -0.030000 0.000000 -0.000000 -0.000000 0.000000 0.000000 0.000000 0.000000 0.000000
464.690272 0.000000 -0.030000 -0.020000 0.000000 -0.000000 -0.000000 0.000000 0.000000 0.000000 0.000000 0.000000
464.717572 0.010000 0.020000 -0.030000 0.000000 -0.000000 0.000000 0.000000 0.000000 0.000000 0.000000 0.000000
464.753106 -0.020000 -0.030000 -0.030000 -0.000000 -0.000000 0.000000 0.000000 0.000000 0.000000 0.000000 0.000000
464.780611 0.020000 0.000000 -0.050000 0.000000 -0.000000 0.000000 0.000000 0.000000 0.000000 0.000000 0.000000
464.817720 0.000000 -0.010000 -0.020000 -0.000000 -0.000000 0.000000 0.000000 0.000000 0.000000 0.000000 0.000000
464.855942 0.010000 -0.010000 -0.000000 -0.000000 -0.000000 0.000000 0.000000 0.000000 0.000000 0.000000 0.000000
464.889412 -0.060000 0.000000 -0.030000 0.000000 0.000000 0.000000 0.000000 0.000000 0.000000 0.000000 0.000000
464.928307 -0.010000 -0.060000 -0.000000 0.000000 -0.000000 -0.000000 0.000000 0.000000 0.000000 0.000000 0.000000
464.962131 -0.050000 -0.010000 0.000000 -0.000000 0.000000 -0.000000 0.000000 0.000000 0.000000 0.000000 0.000000
464.991346 0.030000 0.020000 0.020000 0.000000 -0.000000 -0.000000 0.000000 0.000000 0.000000 0.000000 0.000000
465.020915 -0.010000 -0.020000 0.080000 -0.000000 -0.000000 -0.000000 0.000000 0.000000 0.000000 0.000000 0.000000
465.049940 -0.010000 -0.000000 0.010000 -0.000000 0.000000 -0.000000 0.000000 0.000000 0.000000 0.000000 0.000000
465.085540 -0.030000 0.000000 0.050000 -0.000000 0.000000 -0.000000 0.000000 0.000000 0.000000 0.000000 0.000000
465.122612 0.000000 0.010000 -0.030000 -0.000000 0.000000 -0.000000 0.000000 0.000000 0.000000 0.000000 0.000000
465.152129 -0.040000 0.030000 0.070000 0.000000 0.000000 -0.000000 0.000000 0.000000 0.000000 0.000000 0.000000
465.182091 -0.020000 -0.000000 0.070000 0.000000 -0.000000 0.000000 0.000000 0.000000 0.000000 0.000000 0.000000
465.211970 -0.020000 0.020000 -0.040000 -0.000000 -0.000000 0.000000 0.000000 0.000000 0.000000 0.000000 0.000000
465.240388 0.020000 0.020000 0.030000 -0.000000 0.000000 0.000000 0.000000 0.000000 0.000000 0.000000 0.000000
465.268031 0.000000 -0.010000 -0.050000 -0.000000 -0.000000 0.000000 0.000000 0.000000 0.000000 0.000000 0.000000
465.306081 -0.030000 0.050000 -0.060000 -0.000000 -0.000000 0.000000 0.000000 0.000000 0.000000 0.000000 0.000000
465.339857 0.030000 0.020000 -0.020000 -0.000000 0.000000 0.000000 0.000000 0.000000 0.000000 0.000000 0.000000
465.368429 -0.010000 -0.020000 -0.080000 -0.000000 0.000000 -0.000000 0.000000 0.000000 0.000000 0.000000 0.000000
465.403820 0.030000 0.040000 -0.020000 -0.000000 -0.000000 0.000000 0.000000 0.000000 0.000000 0.000000 0.000000
465.436935 0.030000 -0.040000 -0.060000 -0.000000 -0.000000 -0.000000 0.000000 0.000000 0.000000 0.000000 0.000000
465.473109 0.010000 -0.020000 0.090000 0.000000 0.000000 -0.000000 0.000000 0.000000 0.000000 0.000000 0.000000
465.504210 -0.010000 0.010000 0.010000 0.000000 -0.000000 0.000000 0.000000 0.000000 0.000000 0.000000 0.000000
465.539564 0.010000 -0.020000 -0.010000 -0.000000 0.000000 0.000000 0.000000 0.000000 0.000000 0.000000 0.000000
465.569233 0.030000 -0.000000 -0.020000 -0.000000 -0.000000 -0.000000 0.000000 0.000000 0.000000 0.000000 0.000000
465.598701 -0.020000 -0.020000 0.030000 0.000000 0.000000 0.000000 0.000000 0.000000 0.000000 0.000000 0.000000
465.632500 -0.030000 0.060000 0.010000 0.000000 0.000000 -0.000000 0.000000 0.000000 0.000000 0.000000 0.000000
465.662314 0.020000 0.020000 -0.000000 -0.000000 0.000000 -0.000000 0.000000 0.000000 0.000000 0.000000 0.000000
465.692729 -0.030000 0.010000 -0.010000 0.000000 -0.000000 -0.000000 0.000000 0.000000 0.000000 0.000000 0.000000
465.726977 0.020000 0.000000 0.020000 0.000000 -0.000000 -0.000000 0.000000 0.000000 0.000000 0.000000 0.000000
465.763896 0.000000 -0.010000 -0.020000 0.000000 0.000000 -0.000000 0.000000 0.000000 0.000000 0.000000 0.000000
465.798298 0.020000 -0.020000 -0.030000 -0.000000 -0.000000 0.000000 0.000000 0.000000 0.000000 0.000000 0.000000
465.836398 0.030000 0.050000 -0.020000 -0.000000 -0.000000 -0.000000 0.000000 0.000000 0.000000 0.000000 0.000000
465.872403 -0.010000 0.000000 0.010000 0.000000 -0.000000 -0.000000 0.000000 0.000000 0.000000 0.000000 0.000000
465.901966 0.010000 -0.010000 -0.030000 -0.000000 -0.000000 -0.000000 0.000000 0.000000 0.000000 0.000000 0.000000
465.931267 -0.020000 -0.010000 -0.010000 0.000000 -0.000000 -0.000000 0.000000 0.000000 0.000000 0.000000 0.000000
465.962126 0.020000 -0.010000 0.010000 -0.000000 0.000000 -0.000000 0.000000 0.000000 0.000000 0.000000 0.000000
465.991275 -0.030000 0.010000 0.010000 0.000000 0.000000 0.000000 0.000000 0.000000 0.000000 0.000000 0.000000
466.020680 0.000000 -0.030000 -0.040000 -0.000000 -0.000000 -0.000000 0.000000 0.000000 0.000000 0.000000 0.000000
466.049966 -0.020000 0.010000 0.070000 0.000000 0.000000 0.000000 0.000000 0.000000 0.000000 0.000000 0.000000
466.086106 -0.030000 -0.030000 -0.030000 -0.000000 -0.000000 0.000000 0.000000 0.000000 0.000000 0.000000 0.000000
466.121260 -0.020000 0.000000 -0.060000 0.000000 -0.000000 0.000000 0.000000 0.000000 0.000000 0.000000 0.000000
466.150719 -0.050000 0.000000 -0.090000 -0.000000 0.000000 -0.000000 0.000000 0.000000 0.000000 0.000000 0.000000
466.179841 0.010000 -0.030000 0.040000 -0.000000 -0.000000 -0.000000 0.000000 0.000000 0.000000 0.000000 0.000000
466.216052 0.050000 -0.020000 0.010000 -0.000000 -0.000000 0.000000 0.000000 0.000000 0.000000 0.000000 0.000000
466.252833 -0.020000 0.000000 0.000000 -0.000000 0.000000 0.000000 0.000000 0.000000 0.000000 0.000000 0.000000
466.281731 0.010000 -0.010000 0.020000 0.000000 -0.000000 -0.000000 0.000000 0.000000 0.000000 0.000000 0.000000
466.310376 0.010000 0.030000 0.010000 0.000000 0.000000 -0.000000 0.000000 0.000000 0.000000 0.000000 0.000000
466.339853 -0.020000 -0.020000 0.030000 -0.000000 0.000000 -0.000000 0.000000 0.000000 0.000000 0.000000 0.000000
466.376166 -0.040000 0.010000 0.080000 -0.000000 0.000000 -0.000000 0.000000 0.000000 0.000000 0.000000 0.000000
466.413087 -0.000000 -0.010000 -0.010000 0.000000 0.000000 -0.000000 0.000000 0.000000 0.000000 0.000000 0.000000
466.444134 -0.010000 0.020000 0.070000 -0.000000 -0.000000 -0.000000 0.000000 0.000000 0.000000 0.000000 0.000000
466.478169 -0.040000 0.020000 0.020000 -0.000000 0.000000 -0.000000 0.000000 0.000000 0.000000 0.000000 0.000000
466.513285 0.010000 0.030000 -0.050000 0.000000 0.000000 -0.000000 0.000000 0.000000 0.000000 0.000000 0.000000
466.547095 0.010000 0.000000 0.010000 -0.000000 -0.000000 -0.000000 0.000000 0.000000 0.000000 0.000000 0.000000
466.582896 0.010000 0.050000 -0.000000 0.000000 -0.000000 0.000000 0.000000 0.000000 0.000000 0.000000 0.000000
466.619349 0.020000 -0.010000 0.010000 0.000000 -0.000000 -0.000000 0.000000 0.000000 0.000000 0.000000 0.000000
466.648957 0.030000 0.020000 -0.010000 0.000000 -0.000000 -0.000000 0.000000 0.000000 0.000000 0.000000 0.000000
466.684221 0.010000 0.020000 0.020000 0.000000 -0.000000 -0.000000 0.000000 0.000000 0.000000 0.000000 0.000000
466.718642 -0.050000 -0.050000 0.060000 0.000000 0.000000 0.000000 0.000000 0.000000 0.000000 0.000000 0.000000
466.756405 0.000000 -0.000000 -0.040000 0.000000 -0.000000 -0.000000 0.000000 0.000000 0.000000 0.000000 0.000000
466.794413 -0.030000 -0.030000 -0.020000 0.000000 -0.000000 -0.000000 0.000000 0.000000 0.000000 0.000000 0.000000
466.829950 -0.010000 0.030000 0.020000 0.000000 -0.000000 0.000000 0.000000 0.000000 0.000000 0.000000 0.000000
466.860973 0.050000 -0.020000 -0.040000 -0.000000 -0.000000 -0.000000 0.000000 0.000000 0.000000 0.000000 0.000000
466.893507 -0.000000 -0.010000 -0.040000 -0.000000 -0.000000 -0.000000 0.000000 0.000000 0.000000 0.000000 0.000000
466.929605 0.000000 -0.020000 -0.080000 0.000000 -0.000000 0.000000 0.000000 0.000000 0.000000 0.000000 0.000000
466.962518 -0.010000 0.010000 -0.070000 -0.000000 -0.000000 0.000000 0.000000 0.000000 0.000000 0.000000 0.000000
466.996591 0.040000 0.000000 -0.050000 0.000000 0.000000 0.000000 0.000000 0.000000 0.000000 0.000000 0.000000
467.036044 -0.000000 -0.010000 0.100000 0.000000 0.000000 0.000000 0.000000 0.000000 0.000000 0.000000 0.000000
467.072122 0.060000 0.030000 0.100000 0.000000 0.000000 -0.000000 0.000000 0.000000 0.000000 0.000000 0.000000
467.102077 0.000000 -0.010000 0.020000 -0.000000 -0.000000 -0.000000 0.000000 0.000000 0.000000 0.000000 0.000000
467.130917 0.020000 0.010000 0.010000 -0.000000 0.000000 -0.000000 0.000000 0.000000 0.000000 0.000000 0.000000
467.160235 -0.030000 -0.040000 0.010000 0.000000 -0.000000 -0.000000 0.000000 0.000000 0.000000 0.000000 0.000000
467.188660 0.030000 0.040000 -0.020000 0.000000 0.000000 0.000000 0.000000 0.000000 0.000000 0.000000 0.000000
467.225713 -0.000000 0.010000 -0.010000 -0.000000 -0.000000 0.000000 0.000000 0.000000 0.000000 0.000000 0.000000
467.259880 -0.010000 0.020000 -0.060000 -0.000000 -0.000000 -0.000000 0.000000 0.000000 0.000000 0.000000 0.000000
467.299378 -0.010000 -0.020000 0.040000 0.000000 -0.000000 -0.000000 0.000000 0.000000 0.000000 0.000000 0.000000
467.328550 -0.020000 0.010000 -0.030000 -0.000000 0.000000 0.000000 0.000000 0.000000 0.000000 0.000000 0.000000
467.365171 0.000000 0.040000 -0.030000 0.000000 0.000000 -0.000000 0.000000 0.000000 0.000000 0.000000 0.000000
467.402076 -0.040000 -0.010000 0.040000 0.000000 0.000000 0.000000 0.000000 0.000000 0.000000 0.000000 0.000000
467.431646 0.010000 -0.040000 -0.000000 0.000000 -0.000000 0.000000 0.000000 0.000000 0.000000 0.000000 0.000000
467.462170 0.030000 0.000000 0.020000 -0.000000 0.000000 -0.000000 0.000000 0.000000 0.000000 0.000000 0.000000
467.492096 -0.040000 -0.030000 -0.010000 -0.000000 0.000000 -0.000000 0.000000 0.000000 0.000000 0.000000 0.000000
467.521723 -0.020000 -0.010000 0.010000 0.000000 0.000000 -0.000000 0.000000 0.000000 0.000000 0.000000 0.000000
467.550538 0.020000 0.040000 0.060000 -0.000000 -0.000000 -0.000000 0.000000 0.000000 0.000000 0.000000 0.000000
467.587003 0.010000 -0.010000 0.000000 0.000000 -0.000000 -0.000000 0.000000 0.000000 0.000000 0.000000 0.000000
467.621264 0.020000 0.020000 -0.030000 0.000000 0.000000 0.000000 0.000000 0.000000 0.000000 0.000000 0.000000
467.650287 -0.020000 -0.030000 -0.010000 0.000000 0.000000 0.000000 0.000000 0.000000 0.000000 0.000000 0.000000
467.679415 -0.000000 -0.020000 -0.040000 0.000000 0.000000 -0.000000 0.000000 0.000000 0.000000 0.000000 0.000000
467.713617 0.010000 0.040000 0.030000 0.000000 -0.000000 -0.000000 0.000000 0.000000 0.000000 0.000000 0.000000
467.751291 -0.020000 0.020000 0.110000 -0.000000 -0.000000 -0.000000 0.000000 0.000000 0.000000 0.000000 0.000000
467.780177 -0.000000 -0.000000 -0.030000 0.000000 -0.000000 -0.000000 0.000000 0.000000 0.000000 0.000000 0.000000
467.817174 -0.060000 -0.000000 0.020000 0.000000 -0.000000 -0.000000 0.000000 0.000000 0.000000 0.000000 0.000000
467.850906 -0.010000 -0.020000 -0.030000 -0.000000 -0.000000 -0.000000 0.000000 0.000000 0.000000 0.000000 0.000000
467.883743 -0.010000 0.010000 0.030000 0.000000 -0.000000 -0.000000 0.000000 0.000000 0.000000 0.000000 0.000000
467.921630 -0.020000 -0.010000 0.050000 -0.000000 0.000000 0.000000 0.000000 0.000000 0.000000 0.000000 0.000000
467.955107 -0.000000 0.010000 0.040000 0.000000 -0.000000 -0.000000 0.000000 0.000000 0.000000 0.000000 0.000000
467.993719 0.000000 0.020000 -0.010000 0.000000 0.000000 -0.000000 0.000000 0.000000 0.000000 0.000000 0.000000
468.028523 0.000000 -0.000000 -0.050000 -0.000000 0.000000 -0.000000 0.000000 0.000000 0.000000 0.000000 0.000000
468.068142 0.050000 -0.040000 -0.080000 -0.000000 -0.000000 -0.000000 0.000000 0.000000 0.000000 0.000000 0.000000
468.104086 0.020000 -0.010000 -0.040000 -0.000000 -0.000000 -0.000000 0.000000 0.000000 0.000000 0.000000 0.000000
468.139224 0.000000 0.020000 -0.050000 -0.000000 -0.000000 0.000000 0.000000 0.000000 0.000000 0.000000 0.000000
468.173468 0.000000 -0.000000 0.020000 0.000000 0.000000 0.000000 0.000000 0.000000 0.000000 0.000000 0.000000
468.205974 0.060000 -0.020000 -0.050000 0.000000 0.000000 0.000000 0.000000 0.000000 0.000000 0.000000 0.000000
468.242692 0.000000 -0.010000 0.090000 -0.000000 -0.000000 -0.000000 0.000000 0.000000 0.000000 0.000000 0.000000
468.270587 -0.030000 0.020000 -0.000000 -0.000000 -0.000000 0.000000 0.000000 0.000000 0.000000 0.000000 0.000000
468.301633 -0.030000 -0.010000 -0.060000 -0.000000 0.000000 0.000000 0.000000 0.000000 0.000000 0.000000 0.000000
468.330541 0.020000 -0.020000 0.060000 0.000000 -0.000000 -0.000000 0.000000 0.000000 0.000000 0.000000 0.000000
468.360366 0.010000 0.010000 0.070000 0.000000 -0.000000 -0.000000 0.000000 0.000000 0.000000 0.000000 0.000000
468.389747 -0.020000 0.010000 -0.060000 -0.000000 -0.000000 0.000000 0.000000 0.000000 0.000000 0.000000 0.000000
