345.224536 -0.060000 -0.000000 -8.690000 -0.000000 -0.000000 0.000000 0.000000 0.000000 0.000000 0.000000 0.000000
345.265995 -0.060000 -0.000000 -7.750000 0.000000 0.000000 -0.000000 0.000000 0.000000 0.000000 0.000000 0.000000
345.302464 -0.020000 0.030000 -6.800000 -0.000000 -0.000000 -0.000000 0.774088 0.138230 0.000000 4.620000 0.000000
345.357266 -0.020000 0.010000 -5.810000 -0.000000 -0.000000 0.000000 3.230395 0.000000 0.000000 9.640000 9.640000
345.408790 -0.160000 1.630000 -5.410000 0.050000 -0.010000 0.020000 9.691185 0.000000 0.000000 28.920000 28.920000
345.451009 -0.170000 0.180000 -1.680000 -0.050000 -0.160000 0.020000 6.460790 0.000000 0.000000 19.280000 19.280000
345.482264 0.090000 -0.720000 -2.820000 -0.090000 -0.030000 0.020000 8.643987 -0.389857 0.000000 19.280000 32.310000
345.512136 0.130000 1.250000 -2.660000 -0.030000 0.010000 -0.030000 12.921580 0.000000 0.000000 38.560000 38.560000
345.541464 -0.260000 0.020000 -1.370000 -0.030000 0.010000 0.050000 12.372011 0.000000 0.000000 36.920000 36.920000
345.571771 -0.150000 0.210000 -0.480000 -0.060000 0.030000 0.010000 15.346052 -0.144513 0.000000 43.380000 48.210000
345.601013 0.020000 -0.030000 -0.300000 0.050000 0.110000 -0.010000 18.578122 0.144214 0.000000 57.850000 53.030000
345.630884 0.110000 -0.240000 -0.550000 0.040000 0.040000 0.010000 18.558016 0.000000 0.000000 55.380000 55.380000
345.658909 0.580000 -1.460000 -0.200000 0.140000 0.060000 -0.000000 20.106193 0.000000 0.000000 60.000000 60.000000
345.694172 0.430000 1.090000 -0.740000 0.030000 -0.050000 0.020000 23.423715 0.144214 0.000000 72.310000 67.490000
345.727538 0.180000 -0.410000 -0.420000 0.020000 -0.010000 -0.060000 22.616116 0.000000 0.000000 67.490000 67.490000
345.764412 -0.130000 -0.170000 -1.860000 0.030000 0.040000 -0.020000 24.747373 0.000000 0.000000 73.850000 73.850000
345.797714 -0.100000 -1.510000 -0.350000 0.200000 0.120000 0.000000 24.231314 0.000000 0.000000 72.310000 72.310000
345.836061 0.410000 0.410000 0.350000 0.120000 0.020000 -0.010000 26.654110 -0.144214 0.000000 77.130000 81.950000
345.871777 -0.520000 -0.880000 0.960000 0.170000 0.000000 0.050000 25.038912 0.144214 0.000000 77.130000 72.310000
345.900210 -0.540000 -0.390000 1.180000 0.080000 -0.030000 0.030000 26.292198 0.000000 0.000000 78.460000 78.460000
345.936716 -0.450000 -0.400000 -0.750000 -0.090000 0.030000 0.010000 27.461709 0.000000 0.000000 81.950000 81.950000
345.969068 -0.880000 0.810000 0.860000 -0.030000 0.010000 0.010000 27.066287 0.138230 0.000000 83.080000 78.460000
345.999242 0.180000 -0.630000 0.570000 0.070000 0.020000 0.020000 26.654110 0.144214 0.000000 81.950000 77.130000
346.027336 0.900000 -0.030000 -0.440000 -0.010000 0.110000 -0.050000 29.076906 0.000000 0.000000 86.770000 86.770000
346.063942 0.130000 -0.190000 2.160000 -0.110000 0.000000 0.040000 27.840375 0.000000 0.000000 83.080000 83.080000
346.097885 -0.030000 -0.610000 -0.120000 -0.190000 0.030000 0.020000 27.840375 0.000000 0.000000 83.080000 83.080000
346.131897 0.070000 0.860000 -2.310000 0.300000 -0.030000 0.020000 29.076906 0.000000 0.000000 86.770000 86.770000
346.161748 0.470000 -0.780000 -1.420000 0.180000 0.070000 -0.040000 29.076906 0.000000 0.000000 86.770000 86.770000
346.191276 -0.350000 0.770000 -0.080000 0.000000 0.040000 0.000000 27.840375 0.000000 0.000000 83.080000 83.080000
346.220338 0.170000 -1.020000 -1.420000 0.070000 0.130000 0.020000 29.076906 0.000000 0.000000 86.770000 86.770000
346.249982 0.110000 -0.330000 1.650000 -0.050000 -0.020000 0.090000 29.076906 0.000000 0.000000 86.770000 86.770000
346.283031 0.350000 0.500000 -1.020000 0.130000 0.050000 -0.010000 27.461709 0.000000 0.000000 81.950000 81.950000
346.319433 0.180000 -0.230000 1.730000 0.030000 -0.030000 0.030000 27.840375 0.000000 0.000000 83.080000 83.080000
346.356129 -0.400000 0.900000 -0.330000 -0.200000 0.080000 -0.050000 30.692104 0.000000 0.000000 91.590000 91.590000
346.392994 0.360000 -0.380000 0.760000 -0.060000 -0.030000 -0.030000 27.840375 0.000000 0.000000 83.080000 83.080000
346.422492 0.450000 -0.180000 0.210000 -0.210000 -0.030000 -0.050000 27.461709 0.000000 0.000000 81.950000 81.950000
346.451426 -0.050000 0.150000 0.170000 -0.010000 -0.070000 0.030000 30.692104 0.000000 0.000000 91.590000 91.590000
346.481062 -0.450000 -0.200000 0.970000 -0.250000 -0.010000 -0.030000 29.076906 0.000000 0.000000 86.770000 86.770000
346.509989 -0.990000 0.800000 -1.010000 0.160000 -0.040000 0.010000 27.840375 0.000000 0.000000 83.080000 83.080000
346.546885 0.100000 -0.740000 2.770000 -0.030000 -0.020000 0.040000 29.076906 0.000000 0.000000 86.770000 86.770000
346.582671 0.420000 -0.170000 0.210000 -0.130000 -0.060000 -0.060000 29.076906 0.000000 0.000000 86.770000 86.770000
346.611016 0.150000 0.630000 0.950000 0.010000 -0.080000 0.030000 27.840375 0.000000 0.000000 83.080000 83.080000
346.639969 -0.450000 -0.500000 -0.970000 0.110000 -0.050000 0.030000 29.076906 0.000000 0.000000 86.770000 86.770000
346.678278 -0.380000 0.460000 -0.670000 0.120000 0.080000 -0.010000 29.884505 -0.144214 0.000000 86.770000 91.590000
346.713262 -0.740000 -0.300000 1.090000 0.100000 -0.000000 0.050000 27.461709 0.000000 0.000000 81.950000 81.950000
346.745541 0.580000 0.350000 0.080000 0.090000 -0.010000 -0.030000 29.385201 0.000000 0.000000 87.690000 87.690000
346.784875 0.120000 1.220000 0.050000 0.160000 -0.060000 0.010000 29.884505 0.144214 0.000000 91.590000 86.770000
346.822084 0.260000 -0.080000 0.210000 -0.090000 -0.130000 -0.020000 27.066287 0.138230 0.000000 83.080000 78.460000
346.850373 -1.310000 0.950000 -0.590000 0.110000 -0.030000 0.080000 28.269307 -0.144214 0.000000 81.950000 86.770000
346.881458 0.320000 -0.480000 0.160000 -0.010000 0.040000 -0.030000 29.884505 0.144214 0.000000 91.590000 86.770000
346.911742 -0.140000 -0.610000 -2.110000 0.120000 0.060000 -0.060000 28.269307 0.144214 0.000000 86.770000 81.950000
346.942181 0.290000 -0.480000 0.240000 0.120000 -0.070000 0.050000 28.612788 -0.137931 0.000000 83.080000 87.690000
346.971364 -0.190000 0.640000 0.180000 -0.040000 -0.010000 0.010000 29.076906 0.000000 0.000000 86.770000 86.770000
347.000993 -0.390000 -0.080000 -0.350000 -0.090000 0.010000 0.070000 29.076906 0.000000 0.000000 86.770000 86.770000
347.030205 -0.080000 -0.820000 -0.700000 0.010000 0.040000 0.000000 27.840375 0.000000 0.000000 83.080000 83.080000
347.059038 0.660000 0.250000 -0.850000 0.020000 0.080000 -0.050000 27.066287 0.138230 0.000000 83.080000 78.460000
347.092766 0.570000 0.220000 1.520000 -0.160000 0.030000 0.040000 30.692104 0.000000 0.000000 91.590000 91.590000
347.124098 0.170000 -0.400000 1.530000 -0.190000 -0.010000 0.010000 27.461709 0.000000 0.000000 81.950000 81.950000
347.156680 -0.030000 0.190000 -1.830000 0.240000 0.080000 -0.030000 29.385201 0.000000 0.000000 87.690000 87.690000
347.194396 0.270000 0.010000 1.630000 0.110000 0.050000 0.020000 28.269307 0.144214 0.000000 86.770000 81.950000
347.230997 -0.260000 -0.060000 -0.740000 -0.030000 0.100000 -0.020000 28.612788 -0.137931 0.000000 83.080000 87.690000
347.259576 0.400000 -0.420000 1.590000 0.010000 0.020000 0.040000 27.461709 0.000000 0.000000 81.950000 81.950000
347.294188 0.120000 0.290000 -0.260000 0.000000 -0.030000 0.040000 30.692104 0.000000 0.000000 91.590000 91.590000
347.327033 0.380000 0.230000 0.800000 0.150000 -0.060000 0.020000 29.076906 0.000000 0.000000 86.770000 86.770000
347.362310 -0.390000 -0.660000 0.480000 -0.080000 0.020000 0.030000 27.840375 0.000000 0.000000 83.080000 83.080000
347.390183 0.420000 1.290000 -0.380000 -0.080000 -0.040000 -0.050000 29.076906 0.000000 0.000000 86.770000 86.770000
347.419754 0.280000 -0.100000 0.040000 -0.200000 0.090000 -0.050000 29.076906 0.000000 0.000000 86.770000 86.770000
347.453056 0.420000 0.640000 0.540000 -0.100000 -0.080000 -0.020000 27.840375 0.000000 0.000000 83.080000 83.080000
347.483900 -0.170000 0.520000 -1.180000 0.030000 0.030000 0.020000 29.385201 0.000000 0.000000 87.690000 87.690000
347.518800 -0.070000 0.880000 -0.600000 -0.030000 -0.070000 -0.040000 29.076906 0.000000 0.000000 86.770000 86.770000
347.553295 -0.210000 -0.070000 -2.580000 0.150000 0.100000 -0.040000 27.461709 0.000000 0.000000 81.950000 81.950000
347.586123 -0.610000 -0.450000 3.140000 -0.010000 -0.070000 0.080000 27.840375 0.000000 0.000000 83.080000 83.080000
347.619317 0.260000 -0.030000 0.140000 -0.130000 -0.070000 -0.060000 29.884505 0.144214 0.000000 91.590000 86.770000
347.654047 -0.000000 0.630000 1.000000 0.020000 -0.090000 -0.000000 28.458641 -0.110405 0.000000 83.080000 86.770000
347.690880 -0.370000 -0.920000 -0.970000 0.150000 0.040000 0.030000 27.461709 0.000000 0.000000 81.950000 81.950000
347.718896 -1.040000 -0.280000 0.970000 0.080000 0.000000 0.000000 30.692104 0.000000 0.000000 91.590000 91.590000
347.752919 -0.660000 -0.980000 0.140000 0.030000 -0.010000 0.030000 29.076906 0.000000 0.000000 86.770000 86.770000
347.781363 0.680000 1.070000 -1.130000 0.100000 -0.140000 0.020000 27.840375 0.000000 0.000000 83.080000 83.080000
347.810672 0.200000 0.940000 -0.450000 0.180000 -0.070000 -0.000000 29.076906 0.000000 0.000000 86.770000 86.770000
347.839693 0.330000 -0.020000 0.450000 -0.110000 -0.150000 0.020000 29.076906 0.000000 0.000000 86.770000 86.770000
347.873763 -0.350000 0.790000 -1.640000 0.120000 0.030000 -0.020000 27.840375 0.000000 0.000000 83.080000 83.080000
347.908329 0.130000 -0.840000 0.410000 -0.060000 0.010000 0.060000 28.612788 0.137931 0.000000 87.690000 83.080000
347.945107 -0.150000 -0.260000 -1.620000 0.090000 0.100000 -0.070000 29.076906 0.000000 0.000000 86.770000 86.770000
347.980219 0.390000 -0.810000 0.750000 0.110000 -0.030000 0.060000 27.461709 0.000000 0.000000 81.950000 81.950000
348.015921 0.040000 0.380000 -0.040000 -0.100000 0.040000 -0.000000 29.385201 0.000000 0.000000 87.690000 87.690000
348.051451 -0.370000 0.300000 0.540000 -0.060000 0.060000 0.040000 28.269307 0.144214 0.000000 86.770000 81.950000
348.079545 0.060000 -0.880000 -0.280000 0.010000 0.100000 0.000000 29.076906 0.000000 0.000000 86.770000 86.770000
348.109377 0.010000 -0.360000 1.170000 -0.020000 0.040000 -0.040000 28.269307 0.144214 0.000000 86.770000 81.950000
348.147122 0.180000 -0.040000 0.210000 -0.150000 -0.000000 0.030000 29.076906 0.000000 0.000000 86.770000 86.770000
348.183950 0.120000 -0.360000 0.980000 -0.080000 -0.090000 0.050000 29.076906 0.000000 0.000000 86.770000 86.770000
348.220410 0.160000 0.700000 -0.440000 0.200000 0.040000 0.010000 27.840375 0.000000 0.000000 83.080000 83.080000
348.248305 0.400000 -0.230000 -0.950000 0.090000 -0.000000 -0.030000 27.461709 0.000000 0.000000 81.950000 81.950000
348.285835 0.090000 -0.380000 0.330000 0.010000 0.020000 0.030000 26.654110 0.432642 0.000000 86.770000 72.310000
348.324085 -0.100000 -0.640000 1.190000 -0.050000 -0.030000 -0.020000 23.973284 0.414092 0.000000 78.460000 64.620000
348.360300 0.740000 -1.550000 -2.050000 0.050000 -0.040000 0.260000 20.106193 0.828782 0.000000 73.850000 46.150000
348.389748 -0.210000 -0.080000 -0.430000 0.080000 -0.060000 0.450000 19.384046 1.154012 0.000000 77.130000 38.560000
348.424062 -0.620000 -0.430000 -0.060000 -0.050000 0.020000 0.730000 15.346052 1.298226 0.000000 67.490000 24.100000
348.461211 -0.330000 -0.190000 -0.160000 0.010000 0.030000 0.830000 12.373686 1.380805 0.000000 60.000000 13.850000
348.490229 -0.140000 -0.060000 -0.770000 -0.010000 0.010000 1.150000 11.308058 1.442440 0.000000 57.850000 9.640000
348.518929 -0.470000 0.520000 -1.140000 -0.020000 -0.010000 1.350000 8.885262 1.586654 0.000000 53.030000 0.000000
348.550734 0.050000 0.400000 0.240000 0.020000 0.020000 1.450000 7.268389 1.297927 0.000000 43.380000 0.000000
348.586281 0.320000 0.410000 0.360000 0.000000 0.030000 1.530000 6.462466 1.730868 0.000000 48.210000 -9.640000
348.621305 0.160000 0.950000 -0.410000 0.010000 0.010000 1.610000 6.462466 1.730868 0.000000 48.210000 -9.640000
348.649776 -0.030000 0.850000 0.380000 0.030000 0.030000 1.700000 5.411917 1.795196 0.000000 46.150000 -13.850000
348.687092 0.030000 0.190000 0.220000 0.010000 0.030000 1.840000 4.037994 1.874783 0.000000 43.380000 -19.280000
348.724284 0.720000 0.770000 0.150000 0.030000 0.010000 1.830000 4.847268 2.019296 0.000000 48.210000 -19.280000
348.759567 0.280000 0.010000 0.610000 0.010000 0.020000 1.760000 3.867091 1.795196 0.000000 41.540000 -18.460000
348.791909 -0.600000 0.380000 0.180000 0.010000 0.040000 1.970000 3.093003 1.933426 0.000000 41.540000 -23.080000
348.827425 0.420000 -0.190000 0.240000 0.010000 0.030000 1.820000 2.422796 2.163211 0.000000 43.380000 -28.920000
348.862573 -0.120000 -0.260000 0.410000 0.010000 0.010000 1.860000 1.615198 2.018997 0.000000 38.560000 -28.920000
348.891294 -0.110000 0.420000 0.280000 0.020000 0.020000 1.930000 3.093003 2.209288 0.000000 46.150000 -27.690000
348.918876 0.090000 -0.480000 -0.150000 0.010000 0.020000 1.900000 1.615198 2.018997 0.000000 38.560000 -28.920000
348.956462 0.070000 0.090000 -0.000000 0.000000 0.020000 1.900000 0.807599 2.163211 0.000000 38.560000 -33.740000
348.992702 0.010000 -0.090000 -0.470000 -0.010000 0.020000 1.950000 2.422796 2.163211 0.000000 43.380000 -28.920000
349.029124 -0.170000 -0.040000 0.220000 -0.000000 0.050000 2.050000 1.854796 2.264640 0.000000 43.380000 -32.310000
349.066869 -0.010000 -0.090000 -0.140000 -0.000000 0.030000 2.030000 2.422796 2.163211 0.000000 43.380000 -28.920000
349.103587 -0.240000 0.020000 -0.080000 0.000000 0.030000 2.040000 1.546501 2.209587 0.000000 41.540000 -32.310000
349.139271 -0.110000 0.270000 0.130000 0.000000 0.020000 2.070000 2.422796 2.163211 0.000000 43.380000 -28.920000
349.174982 -0.010000 -0.290000 -0.380000 0.010000 0.010000 2.090000 0.000000 2.307425 0.000000 38.560000 -38.560000
349.209973 0.070000 -0.090000 0.050000 0.010000 0.020000 2.100000 2.320590 2.071357 0.000000 41.540000 -27.690000
349.239406 0.440000 0.020000 0.080000 0.010000 0.030000 2.080000 1.546501 2.209587 0.000000 41.540000 -32.310000
349.275981 0.160000 -0.060000 0.210000 -0.000000 0.030000 2.120000 1.615198 2.307425 0.000000 43.380000 -33.740000
349.309939 0.360000 0.020000 0.080000 0.020000 0.010000 2.000000 1.615198 2.307425 0.000000 43.380000 -33.740000
349.341031 0.180000 -0.230000 -0.100000 0.010000 0.020000 2.010000 1.546501 2.209587 0.000000 41.540000 -32.310000
349.370123 -0.320000 0.440000 0.200000 0.010000 0.000000 2.080000 2.422796 2.163211 0.000000 43.380000 -28.920000
349.399293 0.360000 -0.370000 -0.100000 0.030000 0.020000 2.010000 0.807599 2.163211 0.000000 38.560000 -33.740000
349.435292 -0.250000 0.010000 0.280000 0.020000 0.020000 1.960000 1.615198 2.307425 0.000000 43.380000 -33.740000
349.470912 -0.190000 -0.060000 -0.090000 0.040000 0.030000 1.940000 1.546501 2.209587 0.000000 41.540000 -32.310000
349.499804 -0.300000 -0.060000 -0.200000 0.030000 0.020000 2.000000 1.615198 2.018997 0.000000 38.560000 -28.920000
349.536594 0.100000 0.310000 -0.100000 0.030000 0.010000 1.930000 1.546501 2.209587 0.000000 41.540000 -32.310000
349.572762 0.040000 -0.530000 -0.130000 0.010000 0.010000 1.880000 0.807599 2.163211 0.000000 38.560000 -33.740000
349.602027 -0.560000 0.580000 0.030000 -0.010000 0.020000 2.010000 2.422796 2.163211 0.000000 43.380000 -28.920000
349.630850 0.150000 -0.560000 -0.020000 0.020000 0.030000 1.960000 1.340413 1.969928 0.000000 36.920000 -28.920000
349.659945 -0.320000 0.330000 -0.230000 0.000000 0.050000 1.990000 2.320590 2.071357 0.000000 41.540000 -27.690000
349.695741 0.490000 0.090000 0.110000 0.030000 0.030000 1.910000 0.807599 2.163211 0.000000 38.560000 -33.740000
349.729045 -0.040000 0.070000 0.110000 0.010000 0.030000 2.000000 1.615198 2.307425 0.000000 43.380000 -33.740000
349.768027 0.160000 -0.240000 0.340000 0.030000 0.030000 1.900000 1.546501 2.209587 0.000000 41.540000 -32.310000
349.804821 0.300000 -0.240000 -0.150000 0.020000 0.030000 1.880000 1.615198 2.018997 0.000000 38.560000 -28.920000
349.841516 0.040000 0.260000 -0.170000 0.020000 0.020000 1.900000 2.422796 2.163211 0.000000 43.380000 -28.920000
349.879243 -0.170000 -0.550000 0.210000 0.000000 0.010000 1.860000 1.615198 2.018997 0.000000 38.560000 -28.920000
349.915230 -0.480000 0.090000 -0.020000 0.010000 0.020000 1.870000 2.320590 2.071357 0.000000 41.540000 -27.690000
349.948341 0.150000 -0.300000 -0.200000 0.020000 0.010000 1.820000 1.615198 2.018997 0.000000 38.560000 -28.920000
349.983711 -0.030000 -0.200000 0.030000 0.000000 0.020000 1.900000 2.320590 2.071357 0.000000 41.540000 -27.690000
350.016348 0.110000 0.170000 -0.140000 0.030000 0.050000 1.880000 2.422796 1.874783 0.000000 38.560000 -24.100000
350.052283 -0.280000 0.190000 0.040000 0.010000 0.040000 1.850000 0.807599 2.163211 0.000000 38.560000 -33.740000
350.090704 0.150000 0.390000 0.440000 0.000000 0.020000 1.880000 2.422796 2.163211 0.000000 43.380000 -28.920000
350.118935 0.210000 -0.030000 0.230000 -0.010000 0.020000 1.910000 1.546501 1.933127 0.000000 36.920000 -27.690000
350.154586 0.050000 -0.140000 -0.340000 0.030000 0.050000 1.880000 0.807599 2.163211 0.000000 38.560000 -33.740000
350.189337 0.250000 -0.150000 -0.040000 0.020000 0.040000 1.850000 1.615198 2.018997 0.000000 38.560000 -28.920000
350.218438 -0.390000 0.390000 -0.140000 0.020000 0.020000 1.890000 2.320590 2.071357 0.000000 41.540000 -27.690000
350.256265 -0.040000 -0.650000 -0.030000 0.010000 0.020000 1.880000 1.821286 1.982195 0.000000 38.560000 -27.690000
350.292200 -0.280000 0.040000 -0.220000 -0.000000 0.020000 1.880000 1.615198 2.307425 0.000000 43.380000 -33.740000
350.321343 -0.230000 -0.270000 0.020000 0.010000 0.040000 1.930000 1.615198 2.018997 0.000000 38.560000 -28.920000
350.349208 -0.140000 -0.230000 -0.120000 0.020000 0.060000 1.960000 1.546501 1.933127 0.000000 36.920000 -27.690000
350.387428 0.040000 0.020000 0.310000 0.000000 0.050000 1.880000 1.615198 2.018997 0.000000 38.560000 -28.920000
350.423963 0.260000 -0.070000 -0.140000 -0.000000 0.010000 1.890000 2.320590 2.071357 0.000000 41.540000 -27.690000
350.459584 -0.100000 0.920000 0.240000 0.020000 0.020000 1.980000 2.422796 2.163211 0.000000 43.380000 -28.920000
350.494596 0.530000 -0.230000 0.260000 0.020000 0.010000 1.950000 1.615198 2.018997 0.000000 38.560000 -28.920000
350.528923 -0.020000 0.730000 0.160000 0.000000 0.030000 1.920000 1.615198 2.018997 0.000000 38.560000 -28.920000
350.566749 0.700000 -0.110000 -0.390000 0.020000 0.050000 1.840000 1.546501 2.209587 0.000000 41.540000 -32.310000
350.603203 -0.220000 0.010000 0.260000 -0.010000 0.020000 1.890000 1.615198 2.018997 0.000000 38.560000 -28.920000
350.633322 0.040000 -0.030000 -0.180000 0.010000 0.010000 1.860000 2.422796 2.163211 0.000000 43.380000 -28.920000
350.665975 -0.260000 -0.250000 0.320000 -0.000000 0.030000 1.880000 1.546501 1.933127 0.000000 36.920000 -27.690000
350.702407 -0.430000 0.210000 0.440000 -0.000000 0.020000 1.880000 0.772413 2.071357 0.000000 36.920000 -32.310000
350.731920 -0.060000 -0.160000 -0.300000 -0.000000 0.030000 1.930000 1.615198 2.018997 0.000000 38.560000 -28.920000
350.759441 0.140000 -0.090000 -0.020000 0.000000 0.040000 1.850000 1.615198 2.018997 0.000000 38.560000 -28.920000
350.796856 0.220000 -0.090000 -0.240000 -0.010000 -0.010000 1.840000 2.320590 2.071357 0.000000 41.540000 -27.690000
350.831933 0.260000 0.260000 -0.190000 0.000000 0.030000 1.860000 1.615198 2.018997 0.000000 38.560000 -28.920000
350.869569 -0.090000 -0.110000 -0.140000 0.020000 0.040000 1.820000 0.807599 2.163211 0.000000 38.560000 -33.740000
350.902153 0.150000 -0.080000 -0.310000 0.010000 0.030000 1.810000 1.615198 2.018997 0.000000 38.560000 -28.920000
350.939147 -0.080000 -0.150000 -0.020000 -0.000000 0.040000 1.830000 1.615198 2.018997 0.000000 38.560000 -28.920000
350.977301 -0.440000 0.080000 -0.270000 -0.020000 0.030000 1.910000 1.615198 2.018997 0.000000 38.560000 -28.920000
351.013084 0.020000 -0.160000 -0.080000 -0.010000 0.020000 1.870000 1.546501 1.933127 0.000000 36.920000 -27.690000
351.046400 0.220000 0.290000 0.020000 0.020000 0.050000 1.840000 1.615198 2.018997 0.000000 38.560000 -28.920000
351.085141 -0.030000 0.240000 0.590000 0.020000 0.030000 1.840000 1.615198 2.018997 0.000000 38.560000 -28.920000
351.120760 0.200000 -0.200000 0.450000 -0.000000 0.030000 1.900000 1.546501 1.933127 0.000000 36.920000 -27.690000
351.149799 0.210000 -0.300000 -0.060000 0.030000 0.050000 1.870000 1.546501 1.933127 0.000000 36.920000 -27.690000
351.183434 -0.330000 -0.010000 -0.290000 -0.000000 0.000000 1.920000 1.615198 2.018997 0.000000 38.560000 -28.920000
351.215119 0.050000 0.100000 0.140000 0.010000 0.020000 1.920000 1.615198 2.018997 0.000000 38.560000 -28.920000
351.253002 -0.260000 -0.330000 0.220000 0.000000 0.010000 1.960000 0.772413 2.071357 0.000000 36.920000 -32.310000
351.284007 0.050000 0.680000 -0.520000 -0.010000 0.000000 1.980000 1.615198 2.018997 0.000000 38.560000 -28.920000
351.319796 -0.310000 -0.380000 -0.020000 0.020000 0.040000 1.950000 1.615198 2.018997 0.000000 38.560000 -28.920000
351.348928 0.020000 0.560000 -0.060000 -0.000000 0.050000 2.040000 0.807599 2.163211 0.000000 38.560000 -33.740000
351.385496 0.510000 -0.350000 -0.180000 0.020000 0.050000 1.890000 1.615198 2.018997 0.000000 38.560000 -28.920000
351.420996 -0.150000 -0.060000 0.060000 -0.010000 0.040000 1.980000 1.615198 2.307425 0.000000 43.380000 -33.740000
351.450843 0.490000 0.260000 0.220000 0.020000 0.030000 1.950000 0.772413 2.071357 0.000000 36.920000 -32.310000
351.479835 -0.010000 -0.090000 0.040000 0.010000 0.010000 2.000000 1.615198 2.018997 0.000000 38.560000 -28.920000
351.515276 -0.330000 0.040000 0.070000 0.020000 0.030000 1.930000 1.615198 2.307425 0.000000 43.380000 -33.740000
351.547382 -0.170000 -0.210000 0.060000 0.010000 0.020000 1.970000 1.546501 2.209587 0.000000 41.540000 -32.310000
351.585177 -0.100000 0.000000 -0.070000 0.010000 0.040000 2.020000 1.546501 1.933127 0.000000 36.920000 -27.690000
351.620808 -0.090000 -0.340000 -0.110000 0.030000 0.050000 2.040000 0.807599 2.163211 0.000000 38.560000 -33.740000
351.649540 0.380000 0.030000 -0.060000 0.010000 0.050000 1.960000 1.615198 2.307425 0.000000 43.380000 -33.740000
351.685860 0.160000 0.200000 0.010000 0.010000 0.030000 1.970000 0.772413 2.071357 0.000000 36.920000 -32.310000
351.722500 0.060000 0.050000 0.120000 -0.020000 0.030000 2.050000 2.422796 2.163211 0.000000 43.380000 -28.920000
351.751183 0.280000 -0.040000 0.030000 0.010000 0.050000 2.010000 1.615198 2.307425 0.000000 43.380000 -33.740000
351.778010 0.100000 0.150000 0.130000 0.020000 0.030000 2.070000 1.615198 2.018997 0.000000 38.560000 -28.920000
351.814266 0.310000 0.450000 0.050000 0.000000 0.020000 2.090000 1.615198 2.307425 0.000000 43.380000 -33.740000
351.851416 -0.110000 -0.190000 -0.040000 0.030000 0.030000 2.110000 1.615198 2.307425 0.000000 43.380000 -33.740000
351.879974 -0.030000 0.200000 0.040000 0.020000 0.040000 2.100000 1.546501 2.485449 0.000000 46.150000 -36.920000
351.913310 0.060000 0.150000 0.250000 0.040000 0.040000 2.080000 1.615198 2.307425 0.000000 43.380000 -33.740000
351.945183 -0.100000 -0.220000 0.020000 -0.000000 0.030000 2.080000 0.807599 2.163211 0.000000 38.560000 -33.740000
351.979560 -0.100000 0.110000 -0.240000 0.020000 0.040000 2.000000 0.774088 2.347518 0.000000 41.540000 -36.920000
352.009232 0.100000 -0.110000 -0.200000 0.020000 0.020000 2.020000 0.772413 2.071357 0.000000 36.920000 -32.310000
352.045318 -0.150000 -0.040000 -0.100000 0.010000 0.010000 2.110000 1.615198 2.307425 0.000000 43.380000 -33.740000
352.082376 0.030000 -0.180000 -0.030000 0.000000 0.000000 2.000000 1.615198 2.307425 0.000000 43.380000 -33.740000
352.112320 -0.180000 -0.450000 -0.200000 0.000000 0.010000 1.990000 1.546501 2.209587 0.000000 41.540000 -32.310000
352.144604 -0.030000 0.130000 0.080000 0.000000 0.020000 2.000000 1.615198 2.307425 0.000000 43.380000 -33.740000
352.181377 -0.170000 -0.640000 -0.050000 0.000000 0.040000 2.030000 0.807599 2.163211 0.000000 38.560000 -33.740000
352.208923 -0.500000 0.500000 0.180000 -0.000000 0.020000 2.020000 2.422796 2.163211 0.000000 43.380000 -28.920000
352.241163 0.410000 -0.270000 -0.040000 0.010000 0.020000 1.960000 1.546501 2.209587 0.000000 41.540000 -32.310000
352.274569 -0.190000 0.280000 0.390000 -0.000000 0.020000 2.100000 1.615198 2.307425 0.000000 43.380000 -33.740000
352.312504 0.540000 -0.140000 -0.180000 0.020000 0.030000 2.060000 1.546501 2.209587 0.000000 41.540000 -32.310000
352.341964 -0.390000 0.340000 0.280000 0.010000 0.000000 2.130000 2.422796 2.163211 0.000000 43.380000 -28.920000
352.370511 0.400000 0.320000 -0.040000 0.030000 0.020000 2.100000 0.807599 2.451639 0.000000 43.380000 -38.560000
352.399038 0.120000 -0.150000 0.120000 0.010000 0.010000 2.070000 1.306903 2.252372 0.000000 41.540000 -33.740000
352.432910 0.000000 0.030000 0.270000 0.020000 0.030000 2.020000 1.546501 2.209587 0.000000 41.540000 -32.310000
352.461843 0.350000 -0.380000 -0.060000 0.010000 0.020000 2.000000 1.615198 2.307425 0.000000 43.380000 -33.740000
352.497765 0.010000 -0.060000 -0.150000 0.020000 0.030000 1.990000 0.807599 2.163211 0.000000 38.560000 -33.740000
352.535948 -0.090000 -0.370000 0.030000 0.020000 0.030000 1.880000 2.320590 2.071357 0.000000 41.540000 -27.690000
352.569769 -0.120000 0.120000 -0.110000 0.000000 0.000000 1.900000 1.615198 2.307425 0.000000 43.380000 -33.740000
352.607503 -0.320000 -0.050000 -0.220000 0.030000 0.040000 1.950000 2.422796 2.163211 0.000000 43.380000 -28.920000
352.639928 -0.840000 -0.050000 0.270000 0.020000 0.040000 2.030000 0.807599 2.163211 0.000000 38.560000 -33.740000
352.669684 0.040000 -0.060000 -0.040000 0.010000 0.060000 2.010000 1.546501 2.209587 0.000000 41.540000 -32.310000
352.702197 0.580000 0.270000 -0.070000 -0.000000 0.030000 1.960000 2.422796 2.163211 0.000000 43.380000 -28.920000
352.732187 -0.080000 0.110000 -0.470000 0.010000 0.000000 2.030000 1.546501 2.209587 0.000000 41.540000 -32.310000
352.761031 -0.060000 0.030000 0.070000 0.020000 0.030000 2.000000 1.615198 2.018997 0.000000 38.560000 -28.920000
352.788594 0.370000 0.030000 0.380000 0.020000 0.020000 1.990000 1.615198 2.307425 0.000000 43.380000 -33.740000
352.822447 0.180000 0.260000 0.120000 0.010000 0.030000 1.990000 0.807599 2.163211 0.000000 38.560000 -33.740000
352.852038 -0.120000 -0.050000 0.040000 0.020000 0.010000 2.030000 2.320590 2.071357 0.000000 41.540000 -27.690000
352.886810 -0.010000 0.050000 0.130000 0.040000 0.050000 2.030000 1.615198 2.307425 0.000000 43.380000 -33.740000
352.917696 0.210000 -0.270000 -0.170000 0.040000 0.030000 1.980000 2.422796 2.163211 0.000000 43.380000 -28.920000
352.953223 -0.550000 -0.160000 0.170000 -0.000000 0.040000 2.070000 1.546501 2.209587 0.000000 41.540000 -32.310000
352.981183 0.260000 -0.400000 -0.240000 0.020000 0.050000 1.960000 1.821286 1.982195 0.000000 38.560000 -27.690000
353.009876 -0.070000 -0.390000 0.180000 0.000000 0.040000 1.940000 1.615198 2.307425 0.000000 43.380000 -33.740000
353.047306 -0.180000 0.130000 -0.090000 0.010000 0.040000 1.960000 1.615198 2.018997 0.000000 38.560000 -28.920000
353.084182 -0.220000 -0.290000 0.100000 -0.000000 0.030000 1.970000 1.546501 1.933127 0.000000 36.920000 -27.690000
353.117971 -0.210000 0.190000 -0.030000 0.000000 0.050000 1.880000 2.422796 2.163211 0.000000 43.380000 -28.920000
353.156735 0.140000 0.080000 -0.420000 0.020000 0.060000 1.890000 1.546501 2.209587 0.000000 41.540000 -32.310000
353.192032 0.040000 0.360000 0.060000 0.010000 0.040000 1.930000 1.615198 2.018997 0.000000 38.560000 -28.920000
353.221981 0.550000 -0.180000 -0.020000 0.010000 0.050000 1.830000 1.615198 2.018997 0.000000 38.560000 -28.920000
353.251409 -0.160000 0.220000 -0.030000 -0.010000 0.010000 1.870000 2.422796 2.163211 0.000000 43.380000 -28.920000
353.280193 0.280000 0.270000 0.370000 0.020000 0.040000 1.830000 1.546501 1.933127 0.000000 36.920000 -27.690000
353.309971 0.030000 -0.180000 0.240000 0.000000 0.020000 1.850000 1.615198 2.307425 0.000000 43.380000 -33.740000
353.338573 -0.430000 0.020000 -0.150000 0.010000 0.030000 1.810000 0.807599 2.163211 0.000000 38.560000 -33.740000
353.374992 0.100000 -0.090000 -0.330000 0.000000 0.040000 1.840000 2.320590 2.071357 0.000000 41.540000 -27.690000
353.407561 -0.010000 0.170000 0.080000 -0.000000 0.050000 1.900000 2.318914 1.795196 0.000000 36.920000 -23.080000
353.444247 -0.170000 0.010000 -0.340000 0.020000 0.050000 1.880000 2.422796 2.163211 0.000000 43.380000 -28.920000
353.481763 -0.100000 0.160000 0.130000 0.010000 0.010000 1.850000 1.615198 2.018997 0.000000 38.560000 -28.920000
353.517067 0.190000 0.080000 0.030000 0.000000 0.030000 1.790000 2.320590 2.071357 0.000000 41.540000 -27.690000
353.552865 0.180000 -0.040000 -0.190000 -0.000000 0.010000 1.870000 2.422796 2.163211 0.000000 43.380000 -28.920000
353.581304 0.150000 -0.180000 -0.140000 0.010000 0.050000 1.800000 1.340413 1.969928 0.000000 36.920000 -28.920000
353.609839 0.020000 0.120000 0.110000 0.000000 0.040000 1.790000 1.615198 2.018997 0.000000 38.560000 -28.920000
353.641952 -0.140000 0.270000 0.000000 0.010000 0.030000 1.830000 2.422796 2.163211 0.000000 43.380000 -28.920000
353.672279 -0.300000 -0.360000 0.150000 -0.000000 0.030000 1.840000 0.807599 2.163211 0.000000 38.560000 -33.740000
353.700879 -0.190000 0.120000 -0.120000 -0.010000 0.030000 1.860000 1.546501 1.933127 0.000000 36.920000 -27.690000
353.730999 -0.170000 -0.150000 0.360000 -0.010000 0.030000 1.800000 3.230395 2.018997 0.000000 43.380000 -24.100000
353.762580 -0.440000 0.320000 -0.620000 -0.020000 0.040000 1.920000 1.615198 2.018997 0.000000 38.560000 -28.920000
353.798249 0.300000 -0.170000 0.060000 0.020000 0.050000 1.840000 0.772413 2.071357 0.000000 36.920000 -32.310000
353.832008 -0.130000 -0.010000 -0.240000 -0.000000 0.030000 1.870000 1.546501 1.933127 0.000000 36.920000 -27.690000
353.860103 0.400000 0.160000 0.300000 0.010000 0.020000 1.870000 2.422796 2.163211 0.000000 43.380000 -28.920000
353.887996 0.090000 -0.090000 0.200000 0.010000 0.050000 1.930000 1.615198 2.018997 0.000000 38.560000 -28.920000
353.925445 -0.150000 -0.060000 0.060000 0.010000 0.020000 1.850000 0.772413 2.071357 0.000000 36.920000 -32.310000
353.957942 0.230000 0.040000 -0.310000 0.010000 0.030000 1.880000 2.422796 2.163211 0.000000 43.380000 -28.920000
353.991516 -0.090000 0.030000 0.050000 0.020000 0.020000 1.900000 2.422796 2.163211 0.000000 43.380000 -28.920000
354.019222 -0.200000 -0.370000 0.030000 -0.000000 0.010000 1.960000 1.615198 2.018997 0.000000 38.560000 -28.920000
354.054836 -0.320000 0.350000 0.150000 -0.000000 0.020000 1.970000 0.807599 2.163211 0.000000 38.560000 -33.740000
354.091023 -0.060000 -0.070000 0.030000 0.010000 0.010000 1.950000 1.615198 2.307425 0.000000 43.380000 -33.740000
354.118468 -0.370000 0.110000 0.370000 -0.010000 0.010000 2.000000 2.320590 2.071357 0.000000 41.540000 -27.690000
354.153721 0.120000 0.020000 -0.230000 0.020000 0.010000 1.940000 1.615198 2.018997 0.000000 38.560000 -28.920000
354.186769 0.220000 0.140000 0.200000 -0.010000 0.000000 1.940000 1.615198 2.307425 0.000000 43.380000 -33.740000
354.224064 0.470000 0.220000 0.260000 -0.000000 0.030000 1.940000 1.546501 1.933127 0.000000 36.920000 -27.690000
354.256998 0.240000 -0.100000 0.020000 0.010000 0.030000 1.890000 1.546501 1.933127 0.000000 36.920000 -27.690000
354.291785 -0.040000 0.020000 -0.070000 0.000000 0.010000 1.890000 1.615198 2.018997 0.000000 38.560000 -28.920000
354.319198 0.190000 -0.300000 -0.140000 0.010000 0.000000 1.850000 0.807599 2.163211 0.000000 38.560000 -33.740000
354.356910 -0.600000 0.170000 -0.170000 0.030000 0.020000 1.950000 1.546501 1.933127 0.000000 36.920000 -27.690000
354.391779 0.070000 -0.210000 -0.160000 0.020000 0.020000 1.910000 1.615198 2.018997 0.000000 38.560000 -28.920000
354.419424 -0.170000 0.060000 0.220000 0.000000 0.010000 1.930000 0.807599 2.163211 0.000000 38.560000 -33.740000
354.458452 0.150000 0.140000 -0.270000 0.030000 0.000000 1.930000 2.422796 2.163211 0.000000 43.380000 -28.920000
354.492011 0.090000 -0.250000 -0.210000 -0.000000 0.030000 1.930000 1.615198 2.018997 0.000000 38.560000 -28.920000
354.522577 0.410000 0.280000 0.430000 0.000000 0.000000 1.900000 2.422796 2.163211 0.000000 43.380000 -28.920000
354.550317 -0.060000 -0.180000 -0.300000 0.020000 0.020000 1.870000 1.546501 1.933127 0.000000 36.920000 -27.690000
354.577801 0.450000 0.500000 0.100000 -0.000000 -0.010000 1.900000 1.615198 2.018997 0.000000 38.560000 -28.920000
354.614371 -0.050000 -0.570000 -0.210000 0.040000 0.040000 1.890000 1.615198 2.018997 0.000000 38.560000 -28.920000
354.647885 -0.220000 0.110000 0.270000 0.020000 0.010000 1.940000 0.772413 2.071357 0.000000 36.920000 -32.310000
354.682012 -0.150000 -0.210000 -0.110000 0.010000 0.010000 1.910000 1.546501 1.933127 0.000000 36.920000 -27.690000
354.711877 -0.400000 0.570000 -0.050000 0.010000 0.030000 1.980000 1.615198 2.307425 0.000000 43.380000 -33.740000
354.742014 0.200000 -0.120000 0.270000 0.020000 0.040000 1.940000 1.615198 2.307425 0.000000 43.380000 -33.740000
354.770763 0.120000 0.270000 -0.070000 0.010000 0.030000 1.920000 1.546501 1.933127 0.000000 36.920000 -27.690000
354.798216 0.090000 0.080000 0.120000 0.040000 0.030000 1.960000 1.615198 2.307425 0.000000 43.380000 -33.740000
354.835417 0.050000 -0.260000 0.180000 0.020000 0.060000 1.970000 1.615198 2.018997 0.000000 38.560000 -28.920000
354.870776 -0.010000 -0.210000 -0.330000 0.040000 0.060000 1.900000 0.807599 2.163211 0.000000 38.560000 -33.740000
354.898796 -0.090000 -0.210000 -0.070000 0.010000 0.010000 1.920000 1.546501 2.209587 0.000000 41.540000 -32.310000
354.932849 -0.200000 0.160000 0.260000 -0.000000 0.040000 2.010000 0.807599 2.163211 0.000000 38.560000 -33.740000
354.968852 0.010000 -0.490000 -0.120000 0.010000 0.040000 2.030000 2.320590 2.071357 0.000000 41.540000 -27.690000
355.005739 -0.040000 0.160000 -0.130000 0.010000 0.050000 2.000000 1.615198 2.307425 0.000000 43.380000 -33.740000
355.041903 0.250000 0.050000 -0.350000 0.020000 0.020000 2.050000 1.615198 2.307425 0.000000 43.380000 -33.740000
355.068740 0.190000 0.040000 0.130000 0.000000 0.060000 2.140000 0.772413 2.071357 0.000000 36.920000 -32.310000
355.105077 0.380000 -0.070000 -0.200000 0.020000 0.070000 2.060000 1.546501 2.209587 0.000000 41.540000 -32.310000
355.143306 -0.180000 0.380000 0.120000 0.010000 0.020000 2.030000 2.422796 2.163211 0.000000 43.380000 -28.920000
355.174428 0.180000 0.380000 0.070000 0.020000 0.050000 2.060000 1.615198 2.307425 0.000000 43.380000 -33.740000
355.209887 0.140000 -0.100000 -0.070000 0.000000 0.040000 2.040000 1.546501 2.209587 0.000000 41.540000 -32.310000
355.245604 -0.070000 0.050000 0.200000 0.010000 0.050000 2.020000 0.807599 2.163211 0.000000 38.560000 -33.740000
355.282492 -0.010000 0.200000 0.260000 -0.010000 0.010000 2.040000 1.615198 2.307425 0.000000 43.380000 -33.740000
355.311317 -0.150000 -0.050000 0.110000 0.010000 0.050000 2.090000 0.807599 2.163211 0.000000 38.560000 -33.740000
355.340409 0.040000 0.270000 0.200000 0.020000 0.050000 2.050000 0.774088 2.347518 0.000000 41.540000 -36.920000
355.370764 -0.140000 -0.330000 -0.410000 0.020000 0.040000 2.010000 1.615198 2.307425 0.000000 43.380000 -33.740000
355.398024 -0.750000 0.350000 -0.180000 0.020000 0.040000 2.140000 1.546501 2.209587 0.000000 41.540000 -32.310000
355.434300 0.250000 -0.580000 -0.240000 0.020000 0.040000 1.980000 1.615198 2.307425 0.000000 43.380000 -33.740000
355.470484 -0.190000 -0.290000 -0.130000 -0.000000 0.040000 1.990000 1.615198 2.307425 0.000000 43.380000 -33.740000
355.498972 0.030000 0.180000 0.000000 0.010000 0.050000 1.990000 1.615198 2.307425 0.000000 43.380000 -33.740000
355.535999 -0.150000 -0.610000 -0.300000 -0.020000 0.030000 2.080000 0.772413 2.071357 0.000000 36.920000 -32.310000
355.572094 -0.060000 0.080000 0.210000 0.000000 0.050000 1.970000 1.615198 2.307425 0.000000 43.380000 -33.740000
355.600743 0.010000 -0.340000 0.100000 0.000000 0.040000 1.970000 1.615198 2.307425 0.000000 43.380000 -33.740000
355.630200 0.040000 0.310000 -0.090000 -0.020000 0.020000 2.010000 1.546501 2.209587 0.000000 41.540000 -32.310000
355.658756 0.340000 -0.030000 0.040000 0.000000 0.050000 2.000000 0.807599 2.163211 0.000000 38.560000 -33.740000
355.693685 0.090000 0.190000 0.310000 -0.000000 0.030000 2.030000 2.422796 2.163211 0.000000 43.380000 -28.920000
355.729026 0.370000 0.570000 0.150000 0.000000 0.030000 1.990000 0.807599 2.163211 0.000000 38.560000 -33.740000
355.764443 -0.040000 0.020000 0.190000 0.000000 0.020000 2.040000 1.546501 2.209587 0.000000 41.540000 -32.310000
355.797593 0.280000 0.000000 -0.210000 0.030000 0.010000 1.990000 0.807599 2.163211 0.000000 38.560000 -33.740000
355.831752 -0.230000 -0.080000 0.030000 0.030000 0.030000 2.080000 1.546501 2.209587 0.000000 41.540000 -32.310000
355.860948 0.110000 0.390000 0.140000 0.010000 0.030000 2.100000 1.615198 2.018997 0.000000 38.560000 -28.920000
355.897238 0.100000 -0.310000 -0.210000 -0.000000 0.020000 2.010000 0.807599 2.451639 0.000000 43.380000 -38.560000
355.929758 -0.230000 -0.020000 -0.040000 0.010000 0.010000 2.000000 1.615198 2.307425 0.000000 43.380000 -33.740000
355.959005 -0.180000 -0.030000 0.220000 0.020000 0.020000 2.020000 1.546501 2.209587 0.000000 41.540000 -32.310000
355.992988 -0.260000 -0.280000 -0.270000 -0.000000 -0.010000 2.020000 1.615198 2.307425 0.000000 43.380000 -33.740000
356.026171 -0.160000 0.120000 0.030000 0.000000 0.010000 1.950000 1.615198 2.307425 0.000000 43.380000 -33.740000
356.062365 -0.380000 -0.090000 0.120000 -0.000000 0.020000 1.930000 1.546501 2.209587 0.000000 41.540000 -32.310000
356.090318 -0.600000 0.250000 0.210000 0.020000 0.030000 2.000000 1.546501 1.933127 0.000000 36.920000 -27.690000
356.121302 0.320000 -0.240000 -0.420000 0.020000 0.040000 2.000000 0.807599 2.163211 0.000000 38.560000 -33.740000
356.156370 0.120000 -0.260000 0.070000 -0.010000 0.030000 1.970000 2.422796 2.163211 0.000000 43.380000 -28.920000
356.193131 0.760000 0.640000 0.410000 -0.000000 -0.010000 1.980000 1.546501 2.209587 0.000000 41.540000 -32.310000
356.222853 0.460000 -0.110000 -0.160000 0.010000 0.020000 2.020000 1.615198 2.307425 0.000000 43.380000 -33.740000
356.251916 0.160000 0.050000 0.390000 -0.010000 -0.020000 1.950000 0.532814 2.114142 0.000000 36.920000 -33.740000
356.279756 0.000000 -0.230000 0.030000 0.020000 0.010000 1.990000 1.615198 2.018997 0.000000 38.560000 -28.920000
356.318391 -0.010000 0.310000 -0.190000 0.030000 0.030000 2.050000 1.615198 2.307425 0.000000 43.380000 -33.740000
356.355826 0.010000 -0.480000 -0.270000 0.030000 0.020000 2.000000 1.615198 2.307425 0.000000 43.380000 -33.740000
356.392234 -0.190000 0.060000 0.120000 0.010000 0.020000 2.050000 1.546501 2.209587 0.000000 41.540000 -32.310000
356.421392 -0.140000 -0.060000 -0.150000 0.030000 0.020000 2.080000 1.615198 2.307425 0.000000 43.380000 -33.740000
356.451521 -0.480000 -0.460000 0.030000 -0.000000 0.030000 2.070000 0.807599 2.163211 0.000000 38.560000 -33.740000
356.481948 -0.410000 0.040000 -0.020000 0.010000 0.050000 2.060000 1.546501 2.209587 0.000000 41.540000 -32.310000
356.510988 0.060000 -0.100000 -0.250000 0.020000 0.020000 2.110000 1.546501 2.209587 0.000000 41.540000 -32.310000
356.539095 -0.060000 -0.090000 -0.140000 -0.010000 0.050000 2.180000 1.615198 2.307425 0.000000 43.380000 -33.740000
356.572301 -0.190000 -0.120000 -0.050000 0.020000 0.040000 2.110000 1.615198 2.307425 0.000000 43.380000 -33.740000
356.600994 -0.080000 0.300000 -0.210000 0.000000 0.030000 2.050000 2.318914 2.347518 0.000000 46.150000 -32.310000
356.639804 -0.000000 0.210000 0.420000 -0.000000 0.020000 2.080000 1.615198 2.307425 0.000000 43.380000 -33.740000
356.675600 0.350000 -0.410000 0.310000 0.010000 0.020000 2.040000 0.807599 2.163211 0.000000 38.560000 -33.740000
356.711176 -0.330000 0.400000 0.190000 0.020000 0.040000 2.040000 2.422796 2.163211 0.000000 43.380000 -28.920000
356.739705 0.600000 0.200000 -0.130000 0.020000 0.030000 1.980000 2.422796 2.163211 0.000000 43.380000 -28.920000
356.772473 -0.050000 -0.010000 -0.080000 0.020000 0.030000 2.010000 1.615198 2.307425 0.000000 43.380000 -33.740000
356.808905 0.120000 0.090000 0.210000 0.030000 0.030000 1.910000 1.546501 1.933127 0.000000 36.920000 -27.690000
356.846313 0.400000 -0.350000 -0.000000 0.010000 0.020000 1.900000 2.422796 2.163211 0.000000 43.380000 -28.920000
356.878468 0.320000 0.630000 -0.120000 0.020000 0.020000 1.950000 2.422796 1.874783 0.000000 38.560000 -24.100000
356.916123 -0.080000 -0.400000 0.020000 0.040000 0.050000 1.840000 0.772413 2.071357 0.000000 36.920000 -32.310000
356.951925 -0.440000 -0.340000 0.250000 -0.000000 0.020000 1.880000 2.320590 2.071357 0.000000 41.540000 -27.690000
356.982428 0.190000 0.010000 -0.250000 0.020000 0.060000 1.780000 1.615198 2.018997 0.000000 38.560000 -28.920000
357.011381 -0.170000 -0.380000 0.500000 0.020000 0.040000 1.870000 1.615198 2.018997 0.000000 38.560000 -28.920000
357.043096 0.230000 0.020000 0.400000 0.010000 0.050000 1.810000 2.320590 2.071357 0.000000 41.540000 -27.690000
357.077946 -0.240000 -0.430000 0.110000 0.010000 0.050000 1.820000 1.615198 2.018997 0.000000 38.560000 -28.920000
357.112260 0.150000 0.590000 -0.110000 0.000000 0.030000 1.890000 1.615198 2.018997 0.000000 38.560000 -28.920000
357.148891 0.200000 -0.040000 -0.100000 0.010000 0.040000 1.860000 1.615198 2.018997 0.000000 38.560000 -28.920000
357.184610 0.160000 0.180000 0.010000 -0.010000 0.020000 1.810000 2.422796 2.163211 0.000000 43.380000 -28.920000
357.219995 0.010000 0.120000 0.040000 0.020000 0.040000 1.840000 2.422796 2.163211 0.000000 43.380000 -28.920000
357.247802 -0.170000 0.360000 -0.270000 0.020000 0.040000 1.870000 1.546501 1.933127 0.000000 36.920000 -27.690000
357.285914 0.000000 -0.100000 -0.270000 0.010000 0.010000 1.820000 1.615198 2.018997 0.000000 38.560000 -28.920000
357.323971 -0.440000 0.070000 -0.310000 0.010000 0.000000 1.870000 2.422796 2.163211 0.000000 43.380000 -28.920000
357.357709 -0.640000 -0.030000 -0.170000 0.020000 0.040000 1.900000 0.772413 2.071357 0.000000 36.920000 -32.310000
357.395314 -0.020000 -0.120000 -0.270000 -0.000000 0.060000 1.970000 1.546501 1.933127 0.000000 36.920000 -27.690000
357.427329 -0.160000 0.080000 0.040000 0.010000 0.040000 1.910000 0.807599 2.163211 0.000000 38.560000 -33.740000
357.462103 -0.020000 0.290000 -0.240000 0.020000 0.050000 1.950000 1.615198 2.018997 0.000000 38.560000 -28.920000
357.490385 0.520000 0.140000 0.270000 0.010000 0.030000 1.970000 1.546501 2.209587 0.000000 41.540000 -32.310000
357.521266 0.690000 -0.450000 -0.050000 0.010000 0.020000 1.940000 2.422796 2.163211 0.000000 43.380000 -28.920000
357.552888 0.070000 0.400000 0.350000 0.010000 0.010000 1.900000 2.422796 2.163211 0.000000 43.380000 -28.920000
357.582749 0.330000 0.050000 0.050000 0.000000 0.020000 1.870000 1.615198 2.018997 0.000000 38.560000 -28.920000
357.612084 -0.290000 -0.150000 -0.060000 0.010000 0.020000 1.910000 2.628885 2.126409 0.000000 43.380000 -27.690000
357.641323 -0.180000 -0.190000 -0.040000 0.000000 0.010000 1.840000 1.615198 2.307425 0.000000 43.380000 -33.740000
357.669977 -0.440000 -0.240000 -0.220000 0.010000 0.020000 1.910000 1.546501 1.933127 0.000000 36.920000 -27.690000
357.698576 0.020000 0.070000 0.210000 -0.000000 0.030000 1.900000 1.615198 2.018997 0.000000 38.560000 -28.920000
357.734191 -0.070000 -0.250000 -0.050000 -0.010000 0.010000 1.870000 1.615198 2.018997 0.000000 38.560000 -28.920000
357.770225 -0.020000 0.390000 0.000000 -0.000000 0.010000 1.880000 1.546501 1.933127 0.000000 36.920000 -27.690000
357.798587 -0.180000 -0.100000 -0.170000 0.000000 0.040000 1.810000 1.546501 1.933127 0.000000 36.920000 -27.690000
357.834067 -0.300000 0.330000 0.120000 0.010000 0.050000 1.940000 1.615198 2.018997 0.000000 38.560000 -28.920000
357.868020 0.460000 -0.350000 -0.090000 0.030000 0.060000 1.840000 1.615198 2.018997 0.000000 38.560000 -28.920000
357.905891 0.380000 -0.200000 0.000000 -0.010000 0.020000 1.880000 1.546501 2.209587 0.000000 41.540000 -32.310000
357.941827 0.030000 0.090000 -0.130000 0.010000 0.020000 1.810000 1.615198 2.018997 0.000000 38.560000 -28.920000
357.971820 0.080000 -0.020000 0.180000 0.030000 0.050000 1.900000 1.615198 2.018997 0.000000 38.560000 -28.920000
358.000765 -0.470000 -0.060000 0.360000 0.010000 0.030000 1.910000 1.615198 2.018997 0.000000 38.560000 -28.920000
358.029362 -0.150000 0.130000 0.320000 0.010000 0.030000 1.930000 0.772413 2.071357 0.000000 36.920000 -32.310000
358.064945 0.460000 0.050000 -0.210000 -0.010000 0.020000 1.930000 2.422796 2.163211 0.000000 43.380000 -28.920000
358.098705 -0.260000 0.110000 -0.340000 0.010000 0.030000 1.930000 0.772413 2.071357 0.000000 36.920000 -32.310000
358.135994 0.320000 0.220000 0.110000 0.010000 0.010000 1.900000 1.615198 2.018997 0.000000 38.560000 -28.920000
358.171609 -0.350000 -0.120000 0.260000 0.020000 0.050000 1.890000 1.615198 2.307425 0.000000 43.380000 -33.740000
358.198619 0.250000 0.340000 -0.210000 0.020000 0.020000 1.680000 1.340413 1.969928 0.000000 36.920000 -28.920000
358.233293 -0.280000 -0.520000 -0.020000 0.000000 0.020000 1.490000 1.546501 1.657265 0.000000 32.310000 -23.080000
358.268811 -0.200000 -0.650000 -0.040000 -0.010000 0.020000 1.180000 1.615198 1.442141 0.000000 28.920000 -19.280000
358.302627 -0.030000 -0.200000 -0.130000 0.010000 -0.000000 0.840000 -2.422796 0.721070 0.000000 4.820000 -19.280000
358.330986 0.150000 0.250000 0.080000 0.010000 0.030000 0.270000 -1.546501 0.276161 0.000000 0.000000 -9.230000
358.361017 0.180000 0.510000 -0.030000 -0.010000 0.010000 -0.090000 0.000000 0.000000 0.000000 0.000000 0.000000
358.391283 -0.160000 0.060000 -0.030000 -0.000000 0.000000 -0.000000 0.000000 0.000000 0.000000 0.000000 0.000000
358.420461 -0.050000 0.110000 -0.000000 0.000000 0.000000 0.010000 0.000000 0.000000 0.000000 0.000000 0.000000
358.448144 0.140000 0.100000 -0.010000 0.000000 0.000000 0.010000 0.000000 0.000000 0.000000 0.000000 0.000000
358.483197 0.200000 0.080000 -0.060000 -0.000000 -0.000000 0.010000 -0.807599 0.144214 0.000000 0.000000 -4.820000
358.509880 0.030000 0.160000 0.030000 -0.000000 0.000000 0.000000 0.000000 0.000000 0.000000 0.000000 0.000000
358.544882 -0.090000 0.040000 -0.050000 0.000000 0.000000 -0.000000 -0.807599 0.144214 0.000000 0.000000 -4.820000
358.577980 -0.210000 -0.650000 0.040000 0.020000 0.000000 0.120000 -0.807599 0.432642 0.000000 4.820000 -9.640000
358.612534 -0.500000 0.930000 0.020000 -0.030000 0.010000 0.270000 1.546501 0.276161 0.000000 9.230000 0.000000
358.641793 0.210000 -0.350000 -0.250000 0.000000 0.030000 -0.030000 0.000000 0.000000 0.000000 0.000000 0.000000
358.669154 0.520000 0.060000 0.170000 -0.000000 -0.020000 -0.000000 0.000000 0.000000 0.000000 0.000000 0.000000
358.707168 -0.320000 -0.130000 0.100000 0.000000 -0.010000 -0.000000 0.000000 0.000000 0.000000 0.000000 0.000000
358.738976 -0.280000 0.100000 0.000000 -0.000000 0.010000 0.020000 0.000000 0.000000 0.000000 0.000000 0.000000
358.776931 0.260000 -0.030000 -0.010000 -0.000000 0.000000 0.010000 0.000000 0.000000 0.000000 0.000000 0.000000
358.808278 0.190000 -0.090000 0.070000 0.000000 -0.010000 -0.000000 0.000000 0.000000 0.000000 0.000000 0.000000
358.841242 -0.100000 -0.030000 0.030000 0.000000 -0.000000 0.000000 0.000000 0.000000 0.000000 0.000000 0.000000
358.870449 -0.010000 0.020000 -0.030000 -0.000000 0.000000 0.000000 0.000000 0.000000 0.000000 0.000000 0.000000
358.898527 0.060000 -0.040000 0.050000 0.000000 0.000000 -0.000000 0.000000 0.000000 0.000000 0.000000 0.000000
358.930614 0.040000 0.020000 0.030000 0.000000 -0.000000 0.000000 0.000000 0.000000 0.000000 0.000000 0.000000
358.962261 -0.060000 0.020000 -0.090000 -0.000000 -0.000000 -0.000000 0.000000 0.000000 0.000000 0.000000 0.000000
358.990577 -0.070000 0.010000 -0.080000 0.000000 0.000000 -0.000000 0.000000 0.000000 0.000000 0.000000 0.000000
359.018402 0.070000 -0.000000 0.010000 -0.000000 0.000000 0.000000 0.000000 0.000000 0.000000 0.000000 0.000000
359.052805 -0.010000 0.000000 -0.020000 -0.000000 -0.000000 0.000000 0.000000 0.000000 0.000000 0.000000 0.000000
359.080146 -0.020000 0.040000 -0.070000 -0.000000 -0.000000 -0.000000 0.000000 0.000000 0.000000 0.000000 0.000000
359.108714 -0.030000 -0.030000 0.020000 0.000000 0.000000 0.000000 0.000000 0.000000 0.000000 0.000000 0.000000
359.146025 0.020000 0.010000 0.060000 0.000000 0.000000 0.000000 0.000000 0.000000 0.000000 0.000000 0.000000
359.181954 0.010000 -0.000000 -0.050000 0.000000 -0.000000 -0.000000 0.000000 0.000000 0.000000 0.000000 0.000000
359.217891 -0.050000 -0.020000 0.110000 0.000000 0.000000 -0.000000 0.000000 0.000000 0.000000 0.000000 0.000000
359.251167 0.010000 -0.070000 0.040000 0.000000 0.000000 0.000000 0.000000 0.000000 0.000000 0.000000 0.000000
359.290106 -0.100000 -0.030000 -0.060000 0.000000 -0.000000 -0.000000 0.000000 0.000000 0.000000 0.000000 0.000000
359.319811 -0.020000 0.120000 -0.050000 0.000000 -0.000000 -0.000000 0.000000 0.000000 0.000000 0.000000 0.000000
359.353760 -0.030000 -0.020000 0.030000 0.000000 -0.000000 0.000000 0.000000 0.000000 0.000000 0.000000 0.000000
359.389155 0.000000 -0.020000 0.070000 -0.000000 -0.000000 -0.000000 0.000000 0.000000 0.000000 0.000000 0.000000
359.418462 -0.010000 0.050000 0.030000 0.000000 -0.000000 0.000000 0.000000 0.000000 0.000000 0.000000 0.000000
359.452732 0.030000 -0.020000 0.040000 0.000000 -0.000000 0.000000 0.000000 0.000000 0.000000 0.000000 0.000000
359.480958 0.010000 -0.020000 -0.040000 -0.000000 0.000000 -0.000000 0.000000 0.000000 0.000000 0.000000 0.000000
359.508749 -0.040000 -0.010000 0.000000 0.000000 -0.000000 0.000000 0.000000 0.000000 0.000000 0.000000 0.000000
359.541324 0.010000 0.010000 0.040000 -0.000000 -0.000000 0.000000 0.000000 0.000000 0.000000 0.000000 0.000000
359.570282 -0.000000 -0.000000 -0.010000 0.000000 -0.000000 -0.000000 0.000000 0.000000 0.000000 0.000000 0.000000
359.599542 0.020000 -0.060000 -0.020000 -0.000000 -0.000000 -0.000000 0.000000 0.000000 0.000000 0.000000 0.000000
359.634553 0.030000 0.060000 -0.050000 -0.000000 -0.000000 0.000000 0.000000 0.000000 0.000000 0.000000 0.000000
359.668555 0.050000 -0.050000 0.030000 0.000000 -0.000000 0.000000 0.000000 0.000000 0.000000 0.000000 0.000000
359.702962 -0.030000 -0.030000 0.050000 0.000000 0.000000 -0.000000 0.000000 0.000000 0.000000 0.000000 0.000000
359.737782 0.010000 0.050000 0.000000 0.000000 0.000000 -0.000000 0.000000 0.000000 0.000000 0.000000 0.000000
359.770238 -0.010000 0.010000 -0.040000 -0.000000 -0.000000 0.000000 0.000000 0.000000 0.000000 0.000000 0.000000
359.805310 0.030000 0.010000 0.060000 -0.000000 0.000000 -0.000000 0.000000 0.000000 0.000000 0.000000 0.000000
359.836632 -0.050000 0.030000 0.000000 0.000000 0.000000 -0.000000 0.000000 0.000000 0.000000 0.000000 0.000000
359.868171 -0.020000 0.040000 -0.000000 0.000000 0.000000 0.000000 0.000000 0.000000 0.000000 0.000000 0.000000
359.902048 0.020000 -0.030000 0.020000 -0.000000 -0.000000 0.000000 0.000000 0.000000 0.000000 0.000000 0.000000
359.935315 -0.030000 0.020000 -0.030000 -0.000000 -0.000000 0.000000 0.000000 0.000000 0.000000 0.000000 0.000000
359.971175 -0.070000 -0.000000 -0.020000 -0.000000 0.000000 0.000000 0.000000 0.000000 0.000000 0.000000 0.000000
359.997810 0.010000 -0.010000 0.040000 -0.000000 -0.000000 0.000000 0.000000 0.000000 0.000000 0.000000 0.000000
360.033213 0.010000 -0.040000 -0.060000 0.000000 -0.000000 -0.000000 0.000000 0.000000 0.000000 0.000000 0.000000
360.060202 0.030000 -0.030000 -0.020000 0.000000 -0.000000 -0.000000 0.000000 0.000000 0.000000 0.000000 0.000000
360.094163 -0.050000 0.020000 -0.020000 -0.000000 -0.000000 -0.000000 0.000000 0.000000 0.000000 0.000000 0.000000
360.126869 -0.000000 0.010000 -0.030000 0.000000 -0.000000 -0.000000 0.000000 0.000000 0.000000 0.000000 0.000000
360.161985 0.020000 0.020000 0.050000 -0.000000 -0.000000 -0.000000 0.000000 0.000000 0.000000 0.000000 0.000000
360.189157 0.010000 -0.000000 -0.040000 -0.000000 -0.000000 0.000000 0.000000 0.000000 0.000000 0.000000 0.000000
360.226748 -0.040000 -0.030000 0.010000 -0.000000 0.000000 -0.000000 0.000000 0.000000 0.000000 0.000000 0.000000
360.258360 -0.000000 0.070000 -0.070000 0.000000 0.000000 -0.000000 0.000000 0.000000 0.000000 0.000000 0.000000
360.293106 0.030000 -0.000000 0.010000 -0.000000 -0.000000 0.000000 0.000000 0.000000 0.000000 0.000000 0.000000
360.322537 -0.000000 0.010000 -0.000000 -0.000000 -0.000000 -0.000000 0.000000 0.000000 0.000000 0.000000 0.000000
360.348861 0.020000 -0.010000 0.040000 -0.000000 0.000000 0.000000 0.000000 0.000000 0.000000 0.000000 0.000000
360.385870 -0.040000 -0.020000 0.060000 -0.000000 0.000000 0.000000 0.000000 0.000000 0.000000 0.000000 0.000000
360.421020 0.010000 -0.030000 0.060000 0.000000 -0.000000 -0.000000 0.000000 0.000000 0.000000 0.000000 0.000000
360.450504 0.040000 -0.010000 0.010000 -0.000000 -0.000000 -0.000000 0.000000 0.000000 0.000000 0.000000 0.000000
360.479960 -0.050000 0.010000 -0.040000 -0.000000 -0.000000 -0.000000 0.000000 0.000000 0.000000 0.000000 0.000000
360.515059 -0.050000 -0.020000 -0.010000 0.000000 -0.000000 -0.000000 0.000000 0.000000 0.000000 0.000000 0.000000
360.548823 0.010000 -0.010000 -0.020000 -0.000000 -0.000000 -0.000000 0.000000 0.000000 0.000000 0.000000 0.000000
360.585596 0.020000 -0.000000 -0.010000 -0.000000 0.000000 0.000000 0.000000 0.000000 0.000000 0.000000 0.000000
360.617579 -0.060000 0.060000 -0.010000 -0.000000 -0.000000 -0.000000 0.000000 0.000000 0.000000 0.000000 0.000000
360.652947 0.010000 0.020000 -0.040000 0.000000 -0.000000 -0.000000 0.000000 0.000000 0.000000 0.000000 0.000000
360.681308 -0.020000 0.010000 -0.010000 -0.000000 -0.000000 0.000000 0.000000 0.000000 0.000000 0.000000 0.000000
360.709154 -0.030000 0.010000 0.100000 0.000000 0.000000 0.000000 0.000000 0.000000 0.000000 0.000000 0.000000
360.745412 -0.020000 0.010000 0.050000 -0.000000 -0.000000 -0.000000 0.000000 0.000000 0.000000 0.000000 0.000000
360.780091 0.040000 -0.050000 0.000000 0.000000 0.000000 -0.000000 0.000000 0.000000 0.000000 0.000000 0.000000
360.808174 0.050000 0.010000 -0.020000 -0.000000 0.000000 0.000000 0.000000 0.000000 0.000000 0.000000 0.000000
360.844099 -0.000000 -0.040000 -0.030000 0.000000 -0.000000 -0.000000 0.000000 0.000000 0.000000 0.000000 0.000000
360.877776 0.040000 0.000000 -0.030000 -0.000000 0.000000 0.000000 0.000000 0.000000 0.000000 0.000000 0.000000
360.909794 0.000000 -0.010000 -0.010000 -0.000000 0.000000 0.000000 0.000000 0.000000 0.000000 0.000000 0.000000
360.938288 0.040000 0.040000 -0.030000 0.000000 -0.000000 -0.000000 0.000000 0.000000 0.000000 0.000000 0.000000
360.972918 0.020000 -0.040000 0.020000 0.000000 -0.000000 0.000000 0.000000 0.000000 0.000000 0.000000 0.000000
361.001404 -0.010000 -0.020000 -0.060000 0.000000 0.000000 0.000000 0.000000 0.000000 0.000000 0.000000 0.000000
361.028343 -0.030000 -0.000000 0.070000 -0.000000 -0.000000 -0.000000 0.000000 0.000000 0.000000 0.000000 0.000000
361.063381 -0.000000 0.020000 -0.060000 0.000000 -0.000000 -0.000000 0.000000 0.000000 0.000000 0.000000 0.000000
361.094501 -0.000000 -0.010000 -0.010000 0.000000 0.000000 0.000000 0.000000 0.000000 0.000000 0.000000 0.000000
361.132048 -0.020000 -0.020000 -0.060000 -0.000000 0.000000 0.000000 0.000000 0.000000 0.000000 0.000000 0.000000
361.160226 -0.040000 -0.000000 0.010000 -0.000000 -0.000000 -0.000000 0.000000 0.000000 0.000000 0.000000 0.000000
361.187559 0.010000 0.020000 0.050000 -0.000000 -0.000000 0.000000 0.000000 0.000000 0.000000 0.000000 0.000000
361.220347 0.010000 0.050000 -0.010000 0.000000 0.000000 0.000000 0.000000 0.000000 0.000000 0.000000 0.000000
361.255185 0.010000 -0.010000 0.000000 0.000000 -0.000000 0.000000 0.000000 0.000000 0.000000 0.000000 0.000000
361.289874 -0.000000 0.050000 -0.040000 -0.000000 0.000000 -0.000000 0.000000 0.000000 0.000000 0.000000 0.000000
361.316135 0.030000 -0.000000 0.010000 0.000000 0.000000 0.000000 0.000000 0.000000 0.000000 0.000000 0.000000
361.351230 -0.060000 -0.020000 0.030000 -0.000000 -0.000000 -0.000000 0.000000 0.000000 0.000000 0.000000 0.000000
361.377749 0.020000 -0.010000 0.020000 0.000000 0.000000 0.000000 0.000000 0.000000 0.000000 0.000000 0.000000
361.412550 -0.010000 -0.030000 0.040000 -0.000000 0.000000 -0.000000 0.000000 0.000000 0.000000 0.000000 0.000000
361.439614 0.010000 -0.010000 -0.010000 -0.000000 -0.000000 -0.000000 0.000000 0.000000 0.000000 0.000000 0.000000
361.474092 0.020000 -0.020000 -0.060000 -0.000000 0.000000 -0.000000 0.000000 0.000000 0.000000 0.000000 0.000000
361.510518 -0.050000 0.010000 -0.050000 0.000000 -0.000000 0.000000 0.000000 0.000000 0.000000 0.000000 0.000000
361.565335 -0.050000 -0.050000 -0.010000 -0.000000 -0.000000 -0.000000 0.000000 0.000000 0.000000 0.000000 0.000000
361.630230 -0.050000 0.010000 0.020000 0.000000 0.000000 -0.000000 0.000000 0.000000 0.000000 0.000000 0.000000
361.658601 0.010000 -0.040000 -0.000000 0.000000 0.000000 -0.000000 0.000000 0.000000 0.000000 0.000000 0.000000
361.691415 0.050000 -0.000000 -0.010000 0.000000 -0.000000 -0.000000 0.000000 0.000000 0.000000 0.000000 0.000000
361.720635 -0.020000 0.010000 -0.040000 0.000000 -0.000000 0.000000 0.000000 0.000000 0.000000 0.000000 0.000000
361.748379 0.010000 0.000000 0.010000 0.000000 -0.000000 0.000000 0.000000 0.000000 0.000000 0.000000 0.000000
361.782307 0.000000 -0.000000 -0.010000 0.000000 -0.000000 0.000000 0.000000 0.000000 0.000000 0.000000 0.000000
361.815866 0.020000 0.040000 0.050000 -0.000000 -0.000000 -0.000000 0.000000 0.000000 0.000000 0.000000 0.000000
361.849324 0.050000 0.030000 0.080000 0.000000 -0.000000 -0.000000 0.000000 0.000000 0.000000 0.000000 0.000000
361.881597 -0.000000 0.000000 0.000000 0.000000 -0.000000 -0.000000 0.000000 0.000000 0.000000 0.000000 0.000000
361.917070 0.020000 0.030000 -0.000000 -0.000000 -0.000000 -0.000000 0.000000 0.000000 0.000000 0.000000 0.000000
361.951569 0.020000 -0.020000 -0.020000 0.000000 -0.000000 0.000000 0.000000 0.000000 0.000000 0.000000 0.000000
361.980825 -0.000000 -0.030000 0.070000 0.000000 0.000000 -0.000000 0.000000 0.000000 0.000000 0.000000 0.000000
362.009392 0.030000 -0.010000 0.030000 -0.000000 -0.000000 -0.000000 0.000000 0.000000 0.000000 0.000000 0.000000
362.041486 -0.020000 -0.010000 -0.010000 -0.000000 0.000000 -0.000000 0.000000 0.000000 0.000000 0.000000 0.000000
362.076942 0.000000 -0.020000 -0.050000 0.000000 0.000000 -0.000000 0.000000 0.000000 0.000000 0.000000 0.000000
362.110765 -0.000000 0.010000 -0.050000 -0.000000 -0.000000 -0.000000 0.000000 0.000000 0.000000 0.000000 0.000000
362.148940 -0.040000 -0.020000 0.070000 -0.000000 -0.000000 0.000000 0.000000 0.000000 0.000000 0.000000 0.000000
362.182495 -0.020000 0.030000 0.050000 0.000000 0.000000 0.000000 0.000000 0.000000 0.000000 0.000000 0.000000
362.210822 -0.000000 0.050000 -0.060000 -0.000000 0.000000 0.000000 0.000000 0.000000 0.000000 0.000000 0.000000
362.238777 -0.020000 0.010000 0.020000 0.000000 0.000000 -0.000000 0.000000 0.000000 0.000000 0.000000 0.000000
362.275823 -0.020000 -0.020000 0.000000 -0.000000 -0.000000 0.000000 0.000000 0.000000 0.000000 0.000000 0.000000
362.310736 0.010000 0.030000 -0.030000 -0.000000 -0.000000 -0.000000 0.000000 0.000000 0.000000 0.000000 0.000000
362.339553 0.010000 0.010000 -0.010000 -0.000000 -0.000000 0.000000 0.000000 0.000000 0.000000 0.000000 0.000000
362.373568 -0.040000 0.030000 0.010000 0.000000 0.000000 0.000000 0.000000 0.000000 0.000000 0.000000 0.000000
362.407278 -0.030000 0.000000 0.020000 0.000000 -0.000000 -0.000000 0.000000 0.000000 0.000000 0.000000 0.000000
362.440405 0.060000 -0.040000 0.000000 0.000000 -0.000000 -0.000000 0.000000 0.000000 0.000000 0.000000 0.000000
362.475592 -0.010000 -0.000000 -0.070000 0.000000 -0.000000 -0.000000 0.000000 0.000000 0.000000 0.000000 0.000000
362.511983 0.000000 -0.010000 0.020000 0.000000 -0.000000 0.000000 0.000000 0.000000 0.000000 0.000000 0.000000
362.543292 0.020000 -0.010000 0.000000 -0.000000 0.000000 -0.000000 0.000000 0.000000 0.000000 0.000000 0.000000
362.571765 0.020000 -0.010000 0.010000 -0.000000 0.000000 0.000000 0.000000 0.000000 0.000000 0.000000 0.000000
362.600230 -0.000000 -0.000000 -0.000000 0.000000 0.000000 -0.000000 0.000000 0.000000 0.000000 0.000000 0.000000
362.626527 0.010000 0.010000 0.060000 -0.000000 -0.000000 0.000000 0.000000 0.000000 0.000000 0.000000 0.000000
362.657623 0.010000 0.000000 0.050000 -0.000000 0.000000 0.000000 0.000000 0.000000 0.000000 0.000000 0.000000
362.694109 0.020000 -0.010000 0.030000 0.000000 0.000000 0.000000 0.000000 0.000000 0.000000 0.000000 0.000000
362.729919 0.010000 -0.020000 -0.050000 0.000000 -0.000000 0.000000 0.000000 0.000000 0.000000 0.000000 0.000000
362.756896 -0.030000 -0.020000 0.000000 0.000000 -0.000000 -0.000000 0.000000 0.000000 0.000000 0.000000 0.000000
362.791017 0.010000 -0.020000 -0.010000 -0.000000 0.000000 0.000000 0.000000 0.000000 0.000000 0.000000 0.000000
362.818181 -0.030000 -0.010000 -0.020000 0.000000 0.000000 -0.000000 0.000000 0.000000 0.000000 0.000000 0.000000
362.852371 0.020000 0.020000 -0.050000 -0.000000 0.000000 -0.000000 0.000000 0.000000 0.000000 0.000000 0.000000
362.885222 0.020000 0.000000 -0.000000 0.000000 0.000000 -0.000000 0.000000 0.000000 0.000000 0.000000 0.000000
362.917018 -0.000000 0.030000 0.010000 0.000000 0.000000 0.000000 0.000000 0.000000 0.000000 0.000000 0.000000
362.949016 0.000000 -0.040000 0.010000 0.000000 0.000000 -0.000000 0.000000 0.000000 0.000000 0.000000 0.000000
362.984313 -0.020000 0.010000 0.030000 0.000000 -0.000000 0.000000 0.000000 0.000000 0.000000 0.000000 0.000000
363.016501 0.000000 0.010000 0.010000 0.000000 -0.000000 0.000000 0.000000 0.000000 0.000000 0.000000 0.000000
363.051609 -0.010000 0.010000 0.010000 0.000000 -0.000000 -0.000000 0.000000 0.000000 0.000000 0.000000 0.000000
363.079824 0.030000 -0.020000 -0.000000 -0.000000 -0.000000 0.000000 0.000000 0.000000 0.000000 0.000000 0.000000
363.115199 -0.020000 0.070000 0.030000 0.000000 0.000000 0.000000 0.000000 0.000000 0.000000 0.000000 0.000000
363.149150 0.010000 0.030000 0.030000 0.000000 -0.000000 0.000000 0.000000 0.000000 0.000000 0.000000 0.000000
363.181066 -0.010000 0.020000 -0.010000 -0.000000 0.000000 -0.000000 0.000000 0.000000 0.000000 0.000000 0.000000
363.210572 -0.010000 -0.020000 -0.040000 0.000000 -0.000000 0.000000 0.000000 0.000000 0.000000 0.000000 0.000000
363.237597 -0.060000 -0.050000 -0.060000 -0.000000 -0.000000 0.000000 0.000000 0.000000 0.000000 0.000000 0.000000
363.272206 0.020000 -0.000000 -0.030000 -0.000000 -0.000000 -0.000000 0.000000 0.000000 0.000000 0.000000 0.000000
363.300303 0.010000 0.000000 0.010000 -0.000000 0.000000 0.000000 0.000000 0.000000 0.000000 0.000000 0.000000
363.329749 -0.020000 -0.050000 0.020000 0.000000 0.000000 -0.000000 0.000000 0.000000 0.000000 0.000000 0.000000
363.363155 0.020000 -0.010000 0.030000 -0.000000 -0.000000 -0.000000 0.000000 0.000000 0.000000 0.000000 0.000000
363.399266 0.030000 -0.020000 0.010000 0.000000 -0.000000 -0.000000 0.000000 0.000000 0.000000 0.000000 0.000000
363.426008 0.040000 -0.020000 0.070000 0.000000 0.000000 -0.000000 0.000000 0.000000 0.000000 0.000000 0.000000
363.460386 -0.000000 0.000000 -0.010000 -0.000000 -0.000000 -0.000000 0.000000 0.000000 0.000000 0.000000 0.000000
363.486720 0.040000 0.000000 -0.020000 0.000000 0.000000 0.000000 0.000000 0.000000 0.000000 0.000000 0.000000
363.521411 -0.030000 -0.010000 -0.050000 0.000000 0.000000 -0.000000 0.000000 0.000000 0.000000 0.000000 0.000000
363.548740 0.030000 0.030000 -0.070000 -0.000000 0.000000 0.000000 0.000000 0.000000 0.000000 0.000000 0.000000
363.582870 -0.020000 -0.040000 -0.000000 -0.000000 -0.000000 0.000000 0.000000 0.000000 0.000000 0.000000 0.000000
363.610329 0.020000 -0.010000 -0.010000 -0.000000 -0.000000 -0.000000 0.000000 0.000000 0.000000 0.000000 0.000000
363.646640 -0.060000 0.030000 -0.010000 0.000000 0.000000 0.000000 0.000000 0.000000 0.000000 0.000000 0.000000
363.680300 0.000000 0.040000 0.010000 -0.000000 0.000000 -0.000000 0.000000 0.000000 0.000000 0.000000 0.000000
363.711097 -0.000000 0.080000 -0.040000 -0.000000 0.000000 0.000000 0.000000 0.000000 0.000000 0.000000 0.000000
363.745369 -0.050000 0.020000 0.050000 0.000000 0.000000 0.000000 0.000000 0.000000 0.000000 0.000000 0.000000
363.781960 0.020000 0.000000 -0.030000 -0.000000 -0.000000 -0.000000 0.000000 0.000000 0.000000 0.000000 0.000000
363.809938 0.040000 0.000000 0.070000 -0.000000 0.000000 -0.000000 0.000000 0.000000 0.000000 0.000000 0.000000
363.841352 -0.050000 -0.070000 0.030000 0.000000 0.000000 0.000000 0.000000 0.000000 0.000000 0.000000 0.000000
363.870739 0.020000 -0.010000 0.050000 0.000000 -0.000000 0.000000 0.000000 0.000000 0.000000 0.000000 0.000000
363.897254 0.020000 0.050000 -0.010000 0.000000 -0.000000 0.000000 0.000000 0.000000 0.000000 0.000000 0.000000
363.933790 -0.020000 -0.020000 0.020000 0.000000 -0.000000 0.000000 0.000000 0.000000 0.000000 0.000000 0.000000
363.966897 0.020000 -0.020000 0.010000 0.000000 -0.000000 -0.000000 0.000000 0.000000 0.000000 0.000000 0.000000
364.003917 0.030000 0.030000 -0.030000 -0.000000 0.000000 -0.000000 0.000000 0.000000 0.000000 0.000000 0.000000
364.037460 0.020000 -0.030000 -0.030000 0.000000 0.000000 0.000000 0.000000 0.000000 0.000000 0.000000 0.000000
364.070314 -0.020000 0.020000 0.060000 0.000000 0.000000 -0.000000 0.000000 0.000000 0.000000 0.000000 0.000000
364.096944 0.020000 -0.020000 0.020000 -0.000000 0.000000 0.000000 0.000000 0.000000 0.000000 0.000000 0.000000
364.133469 0.020000 0.040000 -0.030000 0.000000 -0.000000 0.000000 0.000000 0.000000 0.000000 0.000000 0.000000
364.162422 -0.020000 -0.010000 -0.050000 0.000000 -0.000000 0.000000 0.000000 0.000000 0.000000 0.000000 0.000000
364.190799 -0.010000 0.000000 -0.020000 0.000000 0.000000 0.000000 0.000000 0.000000 0.000000 0.000000 0.000000
364.217844 -0.020000 -0.010000 -0.010000 0.000000 -0.000000 0.000000 0.000000 0.000000 0.000000 0.000000 0.000000
364.252117 0.010000 0.010000 -0.040000 -0.000000 0.000000 0.000000 0.000000 0.000000 0.000000 0.000000 0.000000
364.282936 -0.040000 0.000000 0.010000 -0.000000 0.000000 0.000000 0.000000 0.000000 0.000000 0.000000 0.000000
364.312055 -0.010000 -0.040000 0.020000 0.000000 -0.000000 0.000000 0.000000 0.000000 0.000000 0.000000 0.000000
364.341355 0.010000 -0.000000 -0.030000 -0.000000 0.000000 0.000000 0.000000 0.000000 0.000000 0.000000 0.000000
364.368334 -0.020000 -0.030000 -0.010000 0.000000 -0.000000 0.000000 0.000000 0.000000 0.000000 0.000000 0.000000
364.404307 -0.020000 0.010000 0.020000 0.000000 0.000000 0.000000 0.000000 0.000000 0.000000 0.000000 0.000000
364.436240 -0.030000 0.020000 -0.020000 -0.000000 0.000000 -0.000000 0.000000 0.000000 0.000000 0.000000 0.000000
364.469787 0.020000 0.010000 -0.000000 0.000000 -0.000000 -0.000000 0.000000 0.000000 0.000000 0.000000 0.000000
364.506906 0.010000 0.020000 -0.030000 0.000000 0.000000 0.000000 0.000000 0.000000 0.000000 0.000000 0.000000
364.544205 -0.000000 0.010000 -0.010000 -0.000000 0.000000 0.000000 0.000000 0.000000 0.000000 0.000000 0.000000
364.575518 0.020000 0.000000 -0.010000 -0.000000 0.000000 0.000000 0.000000 0.000000 0.000000 0.000000 0.000000
364.610706 -0.000000 0.020000 0.080000 0.000000 -0.000000 -0.000000 0.000000 0.000000 0.000000 0.000000 0.000000
364.639000 0.040000 0.000000 0.050000 0.000000 0.000000 -0.000000 0.000000 0.000000 0.000000 0.000000 0.000000
364.674355 0.000000 -0.010000 -0.010000 0.000000 -0.000000 -0.000000 0.000000 0.000000 0.000000 0.000000 0.000000
364.710565 -0.000000 -0.010000 -0.010000 -0.000000 0.000000 -0.000000 0.000000 0.000000 0.000000 0.000000 0.000000
364.738989 -0.010000 -0.000000 -0.020000 0.000000 0.000000 0.000000 0.000000 0.000000 0.000000 0.000000 0.000000
364.775181 -0.020000 -0.040000 -0.050000 -0.000000 -0.000000 0.000000 0.000000 0.000000 0.000000 0.000000 0.000000
364.813570 -0.070000 -0.010000 -0.020000 -0.000000 -0.000000 -0.000000 0.000000 0.000000 0.000000 0.000000 0.000000
364.847589 -0.000000 -0.010000 -0.000000 -0.000000 0.000000 -0.000000 0.000000 0.000000 0.000000 0.000000 0.000000
364.881716 -0.010000 0.040000 0.030000 0.000000 -0.000000 0.000000 0.000000 0.000000 0.000000 0.000000 0.000000
364.909127 0.010000 -0.000000 0.030000 0.000000 0.000000 -0.000000 0.000000 0.000000 0.000000 0.000000 0.000000
364.938477 0.020000 -0.030000 0.030000 0.000000 -0.000000 0.000000 0.000000 0.000000 0.000000 0.000000 0.000000
