4956.872263 0.040000 -0.020000 -8.780000 -0.000000 0.000000 -0.000000 0.000000 0.000000 0.000000 0.000000 0.000000
4956.907727 0.000000 -0.010000 -7.870000 0.000000 0.000000 -0.000000 0.000000 0.000000 0.000000 0.000000 0.000000
4956.945433 0.130000 0.060000 -6.770000 0.000000 0.000000 -0.020000 0.807599 0.144214 0.000000 4.820000 0.000000
4956.982237 -0.290000 0.370000 -5.860000 0.010000 0.000000 -0.050000 4.037994 0.432642 0.000000 19.280000 4.820000
4957.011425 0.450000 2.550000 -4.040000 -0.010000 0.020000 0.080000 5.653191 0.432642 0.000000 24.100000 9.640000
4957.041999 -0.410000 -0.120000 -3.860000 -0.030000 -0.030000 -0.040000 6.460790 0.000000 0.000000 19.280000 19.280000
4957.071998 0.020000 1.220000 -3.600000 -0.010000 0.020000 -0.020000 13.729179 -0.144214 0.000000 38.560000 43.380000
4957.099577 0.360000 0.830000 -1.160000 -0.130000 0.010000 -0.010000 16.239102 0.138230 0.000000 50.770000 46.150000
4957.134586 0.170000 -0.200000 -2.260000 -0.030000 -0.010000 -0.050000 21.000919 0.000000 0.000000 62.670000 62.670000
4957.169532 0.220000 -0.180000 0.260000 0.010000 0.050000 0.060000 25.038912 0.144214 0.000000 77.130000 72.310000
4957.199211 -0.180000 -0.150000 -0.970000 -0.160000 0.020000 -0.040000 25.519785 -0.137931 0.000000 73.850000 78.460000
4957.232350 0.440000 -0.260000 -0.670000 -0.050000 0.010000 -0.030000 28.612788 -0.137931 0.000000 83.080000 87.690000
4957.263396 0.310000 -1.540000 1.320000 -0.190000 0.010000 -0.100000 30.692104 0.000000 0.000000 91.590000 91.590000
4957.296581 -0.540000 0.030000 -0.790000 0.000000 -0.040000 0.040000 34.730097 -0.144214 0.000000 101.230000 106.050000
4957.335537 0.880000 -1.640000 -3.470000 0.160000 0.090000 -0.020000 31.705791 0.137931 0.000000 96.920000 92.310000
4957.375498 -1.020000 -1.760000 2.570000 0.010000 -0.010000 -0.020000 33.922499 0.000000 0.000000 101.230000 101.230000
4957.412346 -0.120000 0.560000 -1.700000 0.080000 0.030000 -0.060000 33.922499 0.000000 0.000000 101.230000 101.230000
4957.441958 0.360000 -1.230000 0.600000 -0.010000 0.010000 0.040000 33.114900 0.144214 0.000000 101.230000 96.410000
4957.471292 0.040000 -0.490000 0.710000 0.060000 -0.080000 -0.020000 33.922499 -0.288428 0.000000 96.410000 106.050000
4957.501349 -0.520000 0.140000 2.820000 -0.030000 -0.000000 -0.030000 33.922499 0.000000 0.000000 101.230000 101.230000
4957.528957 0.380000 -0.360000 0.870000 -0.030000 0.030000 0.030000 31.705791 0.137931 0.000000 96.920000 92.310000
4957.564765 -0.320000 -0.030000 -0.810000 0.090000 -0.030000 0.030000 30.692104 0.000000 0.000000 91.590000 91.590000
4957.600406 -0.490000 -0.120000 1.290000 -0.080000 -0.020000 -0.080000 33.114900 -0.144214 0.000000 96.410000 101.230000
4957.637769 -0.600000 -0.280000 -1.930000 -0.060000 -0.010000 0.040000 30.933378 0.000000 0.000000 92.310000 92.310000
4957.674374 0.350000 -0.230000 -1.460000 0.050000 -0.030000 -0.050000 30.933378 0.000000 0.000000 92.310000 92.310000
4957.709416 -0.890000 0.980000 2.630000 -0.250000 0.030000 0.010000 32.307301 0.000000 0.000000 96.410000 96.410000
4957.739509 0.260000 -0.160000 -3.500000 0.090000 -0.020000 0.020000 32.307301 0.000000 0.000000 96.410000 96.410000
4957.775249 -0.060000 0.160000 2.690000 -0.080000 0.060000 0.000000 29.385201 0.000000 0.000000 87.690000 87.690000
4957.810900 -0.100000 0.580000 -0.230000 -0.110000 0.030000 0.020000 32.307301 0.000000 0.000000 96.410000 96.410000
4957.838880 0.330000 -0.270000 -0.420000 -0.100000 0.070000 -0.030000 31.499702 -0.144214 0.000000 91.590000 96.410000
4957.876698 0.620000 0.710000 -0.120000 -0.010000 0.000000 -0.110000 30.692104 0.288428 0.000000 96.410000 86.770000
4957.911148 1.100000 1.560000 2.300000 -0.160000 0.030000 0.030000 30.159289 -0.138230 0.000000 87.690000 92.310000
4957.938441 0.290000 -0.560000 -4.340000 0.080000 -0.040000 0.010000 31.499702 0.144214 0.000000 96.410000 91.590000
4957.975823 -0.090000 0.290000 3.370000 -0.070000 0.030000 -0.020000 30.159289 -0.138230 0.000000 87.690000 92.310000
4958.008423 0.490000 0.110000 -1.670000 -0.140000 0.030000 -0.020000 30.692104 0.000000 0.000000 91.590000 91.590000
4958.045426 0.760000 -0.890000 -1.390000 -0.130000 0.050000 -0.040000 31.499702 -0.144214 0.000000 91.590000 96.410000
4958.082033 -0.000000 0.910000 0.360000 0.010000 -0.060000 -0.070000 30.846251 -0.260902 0.000000 87.690000 96.410000
4958.111848 -0.040000 0.470000 2.300000 -0.190000 -0.030000 0.020000 30.933378 0.000000 0.000000 92.310000 92.310000
4958.140979 0.010000 -0.770000 -2.970000 0.060000 -0.090000 -0.010000 30.692104 0.000000 0.000000 91.590000 91.590000
4958.175669 -1.410000 0.470000 3.900000 -0.050000 0.050000 0.030000 31.499702 -0.144214 0.000000 91.590000 96.410000
4958.208784 -0.300000 -0.160000 -1.300000 -0.130000 -0.010000 -0.020000 29.385201 0.000000 0.000000 87.690000 87.690000
4958.244394 0.130000 -0.790000 0.390000 -0.180000 0.050000 -0.100000 32.307301 0.000000 0.000000 96.410000 96.410000
4958.279829 -0.500000 0.180000 -0.120000 -0.030000 0.040000 0.010000 31.499702 -0.144214 0.000000 91.590000 96.410000
4958.311617 0.180000 1.360000 0.580000 0.020000 0.020000 -0.030000 30.692104 0.000000 0.000000 91.590000 91.590000
4958.368808 -0.860000 -0.060000 -0.970000 0.130000 -0.040000 0.030000 29.385201 0.000000 0.000000 87.690000 87.690000
4958.430530 -0.130000 -0.140000 2.130000 -0.100000 0.100000 0.010000 31.499702 -0.144214 0.000000 91.590000 96.410000
4958.460875 -0.050000 0.030000 -2.380000 -0.040000 0.080000 -0.050000 30.159289 0.138230 0.000000 92.310000 87.690000
4958.493004 0.440000 0.370000 0.880000 -0.090000 0.060000 0.010000 29.884505 -0.144214 0.000000 86.770000 91.590000
4958.523169 0.150000 -0.140000 0.670000 0.020000 -0.030000 -0.010000 29.884505 -0.144214 0.000000 86.770000 91.590000
4958.552669 1.140000 1.200000 1.040000 -0.260000 0.000000 -0.060000 29.884505 -0.144214 0.000000 86.770000 91.590000
4958.582910 0.260000 -0.800000 -5.030000 0.080000 0.020000 0.030000 29.385201 0.000000 0.000000 87.690000 87.690000
4958.610670 -0.030000 -0.260000 4.500000 0.040000 -0.010000 0.030000 28.269307 -0.432642 0.000000 77.130000 91.590000
4958.649013 0.810000 -0.660000 1.260000 -0.020000 -0.010000 -0.100000 22.616116 -0.865284 0.000000 53.030000 81.950000
4958.685440 -1.020000 -1.760000 0.730000 0.030000 -0.090000 -0.310000 18.559692 -1.104943 0.000000 36.920000 73.850000
4958.719711 -0.410000 -1.210000 -0.630000 0.080000 -0.100000 -0.410000 14.865179 -1.212356 0.000000 24.100000 64.620000
4958.748211 -0.480000 -1.520000 1.140000 0.160000 -0.110000 -0.600000 11.308058 -1.730868 0.000000 4.820000 62.670000
4958.785297 0.470000 0.310000 -1.150000 -0.030000 0.080000 -0.740000 8.885262 -1.875082 0.000000 -4.820000 57.850000
4958.821516 -0.160000 -0.540000 -1.580000 -0.020000 0.020000 -0.720000 6.960094 -1.242874 0.000000 0.000000 41.540000
4958.849635 -0.220000 0.250000 -0.740000 -0.010000 0.040000 -1.020000 5.653191 -1.297927 0.000000 -4.820000 38.560000
4958.879748 0.320000 0.910000 -0.750000 -0.030000 -0.010000 -1.350000 3.865416 -1.519035 0.000000 -13.850000 36.920000
4958.914859 -0.410000 0.640000 -1.140000 0.060000 -0.120000 -1.670000 1.615198 -2.018997 0.000000 -28.920000 38.560000
4958.949883 -0.060000 0.770000 -0.550000 0.020000 -0.070000 -1.900000 1.615198 -2.018997 0.000000 -28.920000 38.560000
4958.979295 0.080000 0.950000 -0.860000 0.010000 -0.090000 -2.170000 -0.809274 -2.740366 0.000000 -48.210000 43.380000
4959.015505 0.030000 0.640000 0.660000 -0.050000 -0.020000 -2.460000 0.000000 -2.761610 0.000000 -46.150000 46.150000
4959.053696 -0.040000 0.430000 0.450000 0.010000 -0.060000 -2.680000 0.000000 -2.884880 0.000000 -48.210000 48.210000
4959.090913 -0.030000 0.500000 -0.190000 -0.010000 -0.030000 -2.840000 0.000000 -3.173308 0.000000 -53.030000 53.030000
4959.127218 -0.030000 0.680000 0.900000 -0.010000 -0.010000 -3.040000 -0.772413 -3.176001 0.000000 -55.380000 50.770000
4959.160560 -0.080000 0.190000 0.440000 -0.030000 -0.040000 -3.120000 0.000000 -3.313931 0.000000 -55.380000 55.380000
4959.198328 -0.240000 0.060000 -0.020000 -0.040000 -0.040000 -3.240000 -0.807599 -3.605950 0.000000 -62.670000 57.850000
4959.235814 0.550000 0.340000 0.330000 0.020000 -0.100000 -3.370000 0.000000 -3.461736 0.000000 -57.850000 57.850000
4959.273155 -0.510000 -0.030000 0.260000 -0.030000 -0.020000 -3.290000 0.000000 -3.590392 0.000000 -60.000000 60.000000
4959.303040 0.350000 0.230000 -0.860000 -0.000000 -0.030000 -3.370000 -0.807599 -3.605950 0.000000 -62.670000 57.850000
4959.331449 -0.470000 -0.650000 0.980000 -0.040000 -0.070000 -3.200000 -0.807599 -3.605950 0.000000 -62.670000 57.850000
4959.368159 -0.510000 -0.070000 -0.470000 -0.050000 -0.010000 -3.230000 -0.807599 -3.605950 0.000000 -62.670000 57.850000
4959.405667 0.560000 -0.110000 -0.220000 0.010000 -0.070000 -3.200000 0.807599 -3.605950 0.000000 -57.850000 62.670000
4959.439984 -0.080000 -0.420000 0.950000 -0.050000 -0.030000 -3.130000 -0.807599 -3.605950 0.000000 -62.670000 57.850000
4959.477019 -0.120000 0.160000 -0.510000 -0.010000 -0.030000 -3.110000 0.000000 -3.313931 0.000000 -55.380000 55.380000
4959.510715 0.120000 -0.550000 -0.220000 -0.000000 -0.050000 -2.970000 -0.807599 -3.317522 0.000000 -57.850000 53.030000
4959.542538 -0.540000 -0.390000 0.560000 0.000000 -0.050000 -2.900000 0.000000 -3.173308 0.000000 -53.030000 53.030000
4959.572638 -0.140000 0.120000 0.080000 -0.030000 -0.010000 -2.890000 -0.772413 -3.176001 0.000000 -55.380000 50.770000
4959.602733 -0.530000 -0.050000 0.000000 -0.000000 0.030000 -2.810000 0.772413 -3.176001 0.000000 -50.770000 55.380000
4959.630456 0.550000 0.330000 0.230000 -0.020000 -0.020000 -2.840000 -0.807599 -3.029094 0.000000 -53.030000 48.210000
4959.660185 -0.320000 -0.360000 -0.930000 0.010000 -0.060000 -2.750000 0.000000 -2.884880 0.000000 -48.210000 48.210000
4959.689559 0.300000 0.050000 0.800000 0.020000 -0.050000 -2.670000 0.000000 -3.038070 0.000000 -50.770000 50.770000
4959.727445 0.390000 -0.040000 -0.270000 0.010000 -0.030000 -2.750000 0.000000 -3.173308 0.000000 -53.030000 53.030000
4959.762853 -0.320000 -0.450000 -0.080000 -0.000000 -0.000000 -2.750000 0.000000 -3.173308 0.000000 -53.030000 53.030000
4959.792697 0.150000 0.100000 0.060000 -0.010000 -0.010000 -2.760000 0.000000 -2.884880 0.000000 -48.210000 48.210000
4959.822805 0.310000 0.020000 -0.460000 0.020000 -0.020000 -2.770000 0.000000 -3.173308 0.000000 -53.030000 53.030000
4959.852665 -0.040000 -0.430000 -0.060000 -0.010000 -0.050000 -2.720000 0.000000 -3.173308 0.000000 -53.030000 53.030000
4959.882241 0.030000 0.000000 0.020000 -0.000000 -0.050000 -2.720000 0.000000 -3.038070 0.000000 -50.770000 50.770000
4959.911725 -0.100000 0.570000 0.280000 0.020000 -0.040000 -2.780000 0.000000 -2.884880 0.000000 -48.210000 48.210000
4959.941966 -0.010000 -0.450000 0.160000 0.000000 -0.040000 -2.730000 -0.807599 -3.029094 0.000000 -53.030000 48.210000
4959.977493 -0.390000 0.210000 -0.300000 -0.020000 -0.010000 -2.770000 0.772413 -3.176001 0.000000 -50.770000 55.380000
4960.011881 0.480000 0.040000 -0.050000 -0.040000 -0.010000 -2.780000 0.000000 -3.038070 0.000000 -50.770000 50.770000
4960.039802 -0.190000 0.000000 0.620000 -0.040000 -0.010000 -2.770000 0.000000 -3.173308 0.000000 -53.030000 53.030000
4960.074567 0.050000 0.230000 -0.470000 -0.010000 -0.040000 -2.820000 0.000000 -3.173308 0.000000 -53.030000 53.030000
4960.109499 -0.080000 0.130000 0.450000 0.030000 -0.090000 -2.790000 0.000000 -3.038070 0.000000 -50.770000 50.770000
4960.139213 -0.370000 0.040000 0.700000 -0.010000 -0.020000 -2.740000 0.000000 -3.173308 0.000000 -53.030000 53.030000
4960.172164 0.410000 -0.040000 -0.480000 -0.040000 -0.030000 -2.860000 0.000000 -3.173308 0.000000 -53.030000 53.030000
4960.211308 -0.420000 -0.510000 -0.390000 -0.040000 -0.020000 -2.850000 0.807599 -3.029094 0.000000 -48.210000 53.030000
4960.239218 0.000000 0.220000 -0.240000 -0.010000 -0.070000 -2.850000 0.393746 -3.243620 0.000000 -53.030000 55.380000
4960.277507 -0.140000 0.290000 -0.190000 -0.000000 -0.050000 -2.810000 0.000000 -3.173308 0.000000 -53.030000 53.030000
4960.314990 0.680000 -0.410000 0.280000 -0.000000 -0.040000 -2.810000 0.000000 -3.038070 0.000000 -50.770000 50.770000
4960.348159 -0.490000 -0.040000 -0.290000 -0.040000 -0.020000 -2.870000 0.807599 -3.029094 0.000000 -48.210000 53.030000
4960.384420 -0.050000 -0.050000 -0.270000 -0.060000 -0.020000 -2.900000 0.000000 -3.173308 0.000000 -53.030000 53.030000
4960.421798 0.340000 -0.130000 -0.360000 -0.010000 -0.050000 -2.830000 0.000000 -3.038070 0.000000 -50.770000 50.770000
4960.451318 -0.120000 0.170000 0.080000 -0.030000 -0.050000 -2.930000 0.000000 -3.038070 0.000000 -50.770000 50.770000
4960.480744 0.270000 -0.040000 0.570000 -0.000000 -0.060000 -2.900000 0.807599 -3.317522 0.000000 -53.030000 57.850000
4960.510184 -0.210000 0.200000 -0.220000 -0.060000 0.010000 -2.890000 0.000000 -3.461736 0.000000 -57.850000 57.850000
4960.539501 0.550000 -0.010000 0.410000 -0.030000 0.010000 -3.010000 0.000000 -3.038070 0.000000 -50.770000 50.770000
4960.574933 -0.310000 -0.300000 -0.440000 -0.030000 -0.010000 -2.900000 0.000000 -3.173308 0.000000 -53.030000 53.030000
4960.608341 0.700000 0.560000 0.300000 -0.000000 -0.040000 -2.930000 0.000000 -3.461736 0.000000 -57.850000 57.850000
4960.646401 0.070000 -0.010000 0.810000 -0.010000 -0.040000 -2.930000 0.807599 -3.029094 0.000000 -48.210000 53.030000
4960.682774 -0.510000 -0.190000 -0.490000 0.000000 -0.040000 -2.930000 0.772413 -3.176001 0.000000 -50.770000 55.380000
4960.712832 -0.350000 -0.270000 -0.100000 -0.040000 0.010000 -2.990000 -0.807599 -3.317522 0.000000 -57.850000 53.030000
4960.742841 0.330000 0.080000 -0.620000 -0.010000 -0.020000 -2.960000 0.772413 -3.176001 0.000000 -50.770000 55.380000
4960.771983 0.060000 0.130000 0.970000 0.000000 -0.060000 -2.970000 0.807599 -3.317522 0.000000 -53.030000 57.850000
4960.801831 -0.140000 0.420000 -0.390000 -0.000000 -0.020000 -3.020000 0.000000 -3.461736 0.000000 -57.850000 57.850000
4960.830643 -0.980000 -0.870000 0.240000 -0.030000 -0.010000 -2.920000 1.186265 -3.249903 0.000000 -50.770000 57.850000
4960.862795 0.250000 0.080000 -0.690000 0.010000 -0.000000 -2.940000 0.772413 -3.176001 0.000000 -50.770000 55.380000
4960.891858 0.680000 0.170000 0.400000 0.020000 -0.040000 -2.960000 0.807599 -3.317522 0.000000 -53.030000 57.850000
4960.921882 0.070000 -0.000000 -0.310000 0.020000 -0.010000 -2.870000 0.000000 -3.173308 0.000000 -53.030000 53.030000
4960.950862 -0.340000 -0.100000 0.370000 -0.020000 -0.050000 -2.870000 0.000000 -3.038070 0.000000 -50.770000 50.770000
4960.981199 0.450000 -0.080000 0.850000 -0.050000 -0.010000 -2.810000 0.000000 -3.173308 0.000000 -53.030000 53.030000
4961.009158 -0.200000 0.440000 -0.760000 -0.010000 -0.060000 -2.800000 0.000000 -3.173308 0.000000 -53.030000 53.030000
4961.045214 -0.070000 0.130000 0.200000 0.020000 -0.030000 -2.790000 0.807599 -3.029094 0.000000 -48.210000 53.030000
4961.077538 0.230000 -0.240000 -0.300000 0.010000 -0.020000 -2.730000 -0.774088 -2.899840 0.000000 -50.770000 46.150000
4961.114451 0.120000 0.200000 -0.300000 0.010000 -0.030000 -2.730000 0.000000 -3.173308 0.000000 -53.030000 53.030000
4961.149388 0.380000 0.180000 0.280000 0.030000 -0.060000 -2.830000 0.000000 -3.038070 0.000000 -50.770000 50.770000
4961.179025 -1.190000 -0.700000 0.440000 -0.030000 -0.040000 -2.680000 -0.807599 -3.029094 0.000000 -53.030000 48.210000
4961.216002 0.030000 -0.090000 -0.770000 -0.020000 -0.010000 -2.750000 0.000000 -3.173308 0.000000 -53.030000 53.030000
4961.248737 0.320000 0.350000 -0.070000 0.010000 -0.060000 -2.780000 -0.807599 -3.029094 0.000000 -53.030000 48.210000
4961.283723 -0.800000 0.230000 -0.640000 -0.000000 -0.040000 -2.640000 0.000000 -3.038070 0.000000 -50.770000 50.770000
4961.318895 0.650000 0.020000 0.120000 0.010000 -0.090000 -2.640000 0.000000 -3.173308 0.000000 -53.030000 53.030000
4961.355267 0.710000 0.270000 -0.710000 -0.010000 -0.040000 -2.660000 0.807599 -3.029094 0.000000 -48.210000 53.030000
4961.387664 0.120000 -0.210000 0.290000 0.020000 -0.020000 -2.620000 -0.774088 -2.899840 0.000000 -50.770000 46.150000
4961.421854 -0.930000 -0.130000 0.980000 0.010000 -0.030000 -2.650000 0.000000 -3.038070 0.000000 -50.770000 50.770000
4961.452980 0.040000 -0.090000 -0.210000 -0.020000 -0.010000 -2.700000 -0.807599 -3.029094 0.000000 -53.030000 48.210000
4961.480914 0.090000 0.470000 0.050000 -0.000000 -0.020000 -2.680000 0.000000 -2.884880 0.000000 -48.210000 48.210000
4961.511741 0.250000 -0.340000 -0.390000 0.010000 -0.050000 -2.850000 0.000000 -3.038070 0.000000 -50.770000 50.770000
4961.540939 -0.100000 -0.180000 0.420000 0.000000 -0.080000 -2.850000 0.000000 -3.173308 0.000000 -53.030000 53.030000
4961.570516 -0.290000 -0.070000 0.810000 -0.020000 -0.050000 -2.890000 0.000000 -3.038070 0.000000 -50.770000 50.770000
4961.599891 -0.090000 0.380000 -0.300000 -0.050000 -0.060000 -3.070000 0.000000 -3.173308 0.000000 -53.030000 53.030000
4961.639693 -0.330000 -0.700000 -0.460000 -0.030000 -0.010000 -2.940000 0.000000 -3.461736 0.000000 -57.850000 57.850000
4961.669288 0.680000 0.310000 -0.140000 -0.010000 -0.040000 -3.000000 0.000000 -3.461736 0.000000 -57.850000 57.850000
4961.707497 0.100000 0.390000 0.420000 -0.000000 -0.050000 -2.990000 0.772413 -3.176001 0.000000 -50.770000 55.380000
4961.744288 -0.870000 -0.100000 0.250000 -0.020000 -0.010000 -2.910000 0.000000 -3.173308 0.000000 -53.030000 53.030000
4961.781669 -0.340000 0.110000 -0.000000 -0.050000 0.010000 -2.970000 0.000000 -3.461736 0.000000 -57.850000 57.850000
4961.817245 0.230000 -0.090000 -0.040000 -0.030000 -0.040000 -2.890000 0.000000 -3.038070 0.000000 -50.770000 50.770000
4961.853375 0.070000 -0.120000 -0.180000 0.010000 -0.040000 -2.830000 0.000000 -3.313931 0.000000 -55.380000 55.380000
4961.891603 0.780000 -0.210000 0.110000 -0.030000 -0.020000 -2.940000 0.000000 -3.173308 0.000000 -53.030000 53.030000
4961.922623 -1.090000 -0.480000 0.450000 -0.030000 -0.020000 -2.840000 0.000000 -2.884880 0.000000 -48.210000 48.210000
4961.957882 -0.060000 -0.030000 -0.520000 -0.060000 0.010000 -2.900000 0.000000 -3.038070 0.000000 -50.770000 50.770000
4961.994231 0.410000 0.130000 0.220000 -0.010000 -0.070000 -2.890000 0.000000 -3.173308 0.000000 -53.030000 53.030000
4962.030617 -0.000000 -0.180000 -0.290000 -0.020000 -0.050000 -2.770000 -0.807599 -3.317522 0.000000 -57.850000 53.030000
4962.059908 0.590000 -0.240000 0.330000 -0.010000 -0.030000 -2.810000 0.000000 -2.884880 0.000000 -48.210000 48.210000
4962.096528 0.060000 0.100000 0.140000 -0.050000 -0.010000 -2.820000 0.000000 -3.173308 0.000000 -53.030000 53.030000
4962.132201 0.430000 0.490000 0.780000 0.000000 -0.050000 -2.840000 0.000000 -3.173308 0.000000 -53.030000 53.030000
4962.162224 -0.060000 0.010000 -0.910000 -0.010000 -0.010000 -2.840000 0.000000 -3.038070 0.000000 -50.770000 50.770000
4962.191825 -0.230000 -0.250000 -0.020000 0.000000 -0.060000 -2.770000 -0.807599 -3.029094 0.000000 -53.030000 48.210000
4962.220491 0.060000 0.190000 -0.230000 -0.010000 -0.020000 -2.760000 0.000000 -3.173308 0.000000 -53.030000 53.030000
4962.249502 0.320000 0.200000 -0.030000 0.010000 0.000000 -2.870000 0.000000 -3.038070 0.000000 -50.770000 50.770000
4962.287840 -0.010000 -0.180000 0.140000 -0.010000 -0.020000 -2.690000 0.000000 -3.038070 0.000000 -50.770000 50.770000
4962.322779 -0.240000 0.070000 0.070000 -0.020000 0.000000 -2.740000 -0.807599 -3.317522 0.000000 -57.850000 53.030000
4962.353265 0.820000 -0.220000 -0.190000 -0.040000 0.000000 -2.750000 0.807599 -3.029094 0.000000 -48.210000 53.030000
4962.383154 -0.480000 0.090000 -0.870000 0.010000 -0.010000 -2.730000 0.000000 -3.038070 0.000000 -50.770000 50.770000
4962.412189 0.380000 0.390000 0.050000 0.020000 -0.060000 -2.730000 -0.807599 -3.029094 0.000000 -53.030000 48.210000
4962.441513 0.060000 0.140000 0.640000 0.010000 -0.030000 -2.750000 0.000000 -3.173308 0.000000 -53.030000 53.030000
4962.471292 -0.200000 -0.330000 -0.060000 0.030000 -0.040000 -2.700000 0.807599 -3.029094 0.000000 -48.210000 53.030000
4962.501911 -0.330000 -0.060000 0.230000 -0.010000 -0.010000 -2.750000 0.000000 -3.173308 0.000000 -53.030000 53.030000
4962.531508 -0.120000 0.020000 -0.340000 -0.010000 0.000000 -2.750000 0.000000 -3.173308 0.000000 -53.030000 53.030000
4962.560876 0.370000 0.190000 0.380000 0.030000 -0.070000 -2.760000 0.000000 -3.038070 0.000000 -50.770000 50.770000
4962.590520 -0.190000 0.050000 -0.030000 0.010000 -0.040000 -2.760000 0.000000 -2.884880 0.000000 -48.210000 48.210000
4962.618452 0.100000 -0.250000 0.810000 -0.030000 -0.020000 -2.750000 -0.807599 -3.317522 0.000000 -57.850000 53.030000
4962.657753 -0.390000 0.130000 -0.260000 -0.030000 -0.010000 -2.760000 0.000000 -3.038070 0.000000 -50.770000 50.770000
4962.693880 0.380000 0.030000 0.370000 -0.060000 0.020000 -2.910000 0.000000 -3.038070 0.000000 -50.770000 50.770000
4962.730298 -0.430000 -0.340000 -0.350000 -0.070000 -0.020000 -2.830000 -0.807599 -3.317522 0.000000 -57.850000 53.030000
4962.758809 -0.040000 0.100000 0.420000 -0.000000 -0.060000 -2.840000 0.000000 -3.461736 0.000000 -57.850000 57.850000
4962.795641 0.520000 0.400000 -0.770000 0.010000 -0.070000 -2.860000 0.000000 -3.038070 0.000000 -50.770000 50.770000
4962.831552 -0.390000 -0.310000 1.080000 0.000000 -0.090000 -2.840000 0.000000 -3.173308 0.000000 -53.030000 53.030000
4962.859861 -0.590000 -0.100000 -0.350000 -0.060000 -0.020000 -2.950000 0.000000 -3.173308 0.000000 -53.030000 53.030000
4962.896758 0.240000 -0.140000 -0.260000 -0.040000 -0.050000 -2.930000 0.000000 -3.173308 0.000000 -53.030000 53.030000
4962.932893 0.050000 -0.110000 0.460000 -0.010000 -0.060000 -2.880000 0.772413 -3.176001 0.000000 -50.770000 55.380000
4962.963144 -0.210000 0.300000 -0.150000 -0.050000 -0.080000 -2.940000 -0.807599 -3.317522 0.000000 -57.850000 53.030000
4962.992610 -0.440000 -0.500000 -0.400000 -0.050000 -0.020000 -2.840000 0.000000 -3.313931 0.000000 -55.380000 55.380000
4963.029678 0.380000 0.260000 -0.320000 -0.020000 -0.020000 -2.900000 0.000000 -3.173308 0.000000 -53.030000 53.030000
4963.060615 0.510000 0.250000 -0.290000 -0.030000 -0.070000 -2.950000 0.000000 -3.173308 0.000000 -53.030000 53.030000
4963.090986 -0.460000 -0.080000 -0.440000 0.010000 -0.030000 -2.880000 0.000000 -3.038070 0.000000 -50.770000 50.770000
4963.119201 -0.370000 -0.020000 0.490000 -0.030000 -0.040000 -2.960000 0.000000 -3.038070 0.000000 -50.770000 50.770000
4963.153610 -0.030000 -0.050000 -0.130000 -0.050000 0.020000 -2.920000 0.000000 -3.461736 0.000000 -57.850000 57.850000
4963.188236 0.200000 0.280000 -0.390000 -0.020000 -0.030000 -2.880000 0.807599 -3.317522 0.000000 -53.030000 57.850000
4963.223993 0.450000 0.110000 -0.550000 0.010000 -0.040000 -2.950000 0.000000 -3.038070 0.000000 -50.770000 50.770000
4963.258720 -0.420000 -0.450000 0.640000 -0.010000 -0.050000 -2.810000 0.000000 -3.173308 0.000000 -53.030000 53.030000
4963.293385 0.140000 0.010000 -0.060000 -0.030000 0.000000 -2.850000 0.000000 -3.173308 0.000000 -53.030000 53.030000
4963.328289 0.010000 0.250000 0.500000 -0.020000 -0.030000 -2.860000 0.000000 -3.173308 0.000000 -53.030000 53.030000
4963.364186 -0.140000 -0.210000 -0.930000 -0.040000 -0.010000 -2.760000 0.000000 -3.038070 0.000000 -50.770000 50.770000
4963.398195 0.060000 -0.190000 0.430000 0.000000 -0.040000 -2.820000 0.000000 -3.173308 0.000000 -53.030000 53.030000
4963.431772 0.260000 0.490000 0.110000 -0.010000 -0.040000 -2.830000 0.000000 -3.038070 0.000000 -50.770000 50.770000
4963.460960 0.300000 0.160000 0.490000 0.040000 -0.070000 -2.750000 -0.807599 -3.029094 0.000000 -53.030000 48.210000
4963.493515 -0.150000 -0.140000 0.330000 -0.040000 -0.010000 -2.840000 0.000000 -3.173308 0.000000 -53.030000 53.030000
4963.528515 0.150000 0.070000 -0.630000 -0.030000 0.020000 -2.760000 -0.807599 -3.029094 0.000000 -53.030000 48.210000
4963.567972 -0.450000 0.150000 -0.080000 0.030000 -0.010000 -2.700000 0.000000 -3.038070 0.000000 -50.770000 50.770000
4963.602910 -0.230000 -0.250000 -0.380000 0.000000 0.000000 -2.780000 0.000000 -3.173308 0.000000 -53.030000 53.030000
4963.639436 0.530000 0.220000 0.160000 0.020000 -0.060000 -2.740000 0.000000 -3.173308 0.000000 -53.030000 53.030000
4963.668646 0.250000 0.170000 -0.160000 -0.030000 -0.050000 -2.780000 0.000000 -3.038070 0.000000 -50.770000 50.770000
4963.703216 0.400000 0.420000 0.080000 0.000000 -0.030000 -2.820000 -1.186265 -3.249903 0.000000 -57.850000 50.770000
4963.739195 -0.720000 -0.330000 0.450000 -0.060000 -0.010000 -2.720000 -0.807599 -3.029094 0.000000 -53.030000 48.210000
4963.767592 0.010000 0.220000 -0.300000 -0.000000 -0.030000 -2.700000 0.807599 -3.029094 0.000000 -48.210000 53.030000
4963.803986 0.260000 -0.020000 0.110000 0.020000 -0.040000 -2.680000 -0.774088 -2.899840 0.000000 -50.770000 46.150000
4963.840299 0.340000 -0.460000 0.290000 0.030000 -0.020000 -2.650000 0.000000 -3.173308 0.000000 -53.030000 53.030000
4963.869873 -0.310000 -0.330000 0.530000 0.010000 -0.050000 -2.650000 0.000000 -3.038070 0.000000 -50.770000 50.770000
4963.908144 -0.020000 0.160000 0.430000 -0.010000 -0.020000 -2.730000 0.000000 -2.884880 0.000000 -48.210000 48.210000
4963.945789 -0.170000 0.000000 -0.280000 -0.000000 -0.050000 -2.690000 0.000000 -3.173308 0.000000 -53.030000 53.030000
4963.984283 -0.060000 -0.200000 -0.500000 -0.020000 -0.040000 -2.760000 0.807599 -3.317522 0.000000 -53.030000 57.850000
4964.017434 0.280000 0.170000 -1.100000 -0.000000 -0.070000 -2.810000 -0.772413 -3.176001 0.000000 -55.380000 50.770000
4964.052520 0.490000 0.140000 0.460000 -0.030000 -0.020000 -2.860000 0.000000 -3.173308 0.000000 -53.030000 53.030000
4964.083458 0.330000 -0.040000 0.610000 -0.030000 -0.050000 -3.040000 -0.807599 -3.317522 0.000000 -57.850000 53.030000
4964.119765 -0.710000 -0.030000 0.250000 0.040000 -0.080000 -3.050000 0.000000 -3.313931 0.000000 -55.380000 55.380000
4964.148627 -0.770000 -0.440000 -0.790000 -0.030000 0.010000 -3.030000 0.774088 -3.452162 0.000000 -55.380000 60.000000
4964.183339 0.720000 0.780000 -1.110000 0.000000 -0.050000 -3.080000 0.000000 -3.461736 0.000000 -57.850000 57.850000
4964.214991 -0.850000 -0.340000 0.990000 -0.000000 -0.040000 -2.980000 0.000000 -3.173308 0.000000 -53.030000 53.030000
4964.252802 0.580000 0.300000 -0.480000 -0.040000 -0.040000 -3.090000 0.000000 -3.313931 0.000000 -55.380000 55.380000
4964.283310 -0.090000 -0.130000 0.190000 -0.000000 -0.070000 -3.000000 0.000000 -3.461736 0.000000 -57.850000 57.850000
4964.311430 -0.530000 0.160000 1.180000 -0.040000 -0.110000 -2.960000 -0.807599 -3.317522 0.000000 -57.850000 53.030000
4964.342825 -0.470000 0.050000 -0.620000 -0.040000 -0.010000 -2.910000 0.000000 -3.173308 0.000000 -53.030000 53.030000
4964.372667 1.270000 -0.130000 0.090000 -0.000000 -0.000000 -2.890000 0.000000 -3.461736 0.000000 -57.850000 57.850000
4964.402167 0.360000 0.000000 0.030000 -0.020000 -0.040000 -2.920000 0.000000 -3.173308 0.000000 -53.030000 53.030000
4964.431514 -0.010000 0.000000 0.500000 -0.020000 -0.020000 -2.870000 0.000000 -3.038070 0.000000 -50.770000 50.770000
4964.461019 -0.600000 -0.020000 0.090000 -0.050000 -0.010000 -2.830000 0.000000 -3.173308 0.000000 -53.030000 53.030000
4964.493914 0.360000 -0.070000 -0.180000 -0.040000 -0.030000 -2.890000 0.000000 -3.173308 0.000000 -53.030000 53.030000
4964.532831 -0.520000 -0.480000 -0.270000 -0.020000 -0.040000 -2.850000 0.000000 -3.038070 0.000000 -50.770000 50.770000
4964.562677 0.190000 0.070000 -0.250000 -0.020000 0.000000 -2.780000 0.772413 -3.176001 0.000000 -50.770000 55.380000
4964.592239 0.040000 0.370000 0.210000 0.020000 -0.030000 -2.860000 0.000000 -3.173308 0.000000 -53.030000 53.030000
4964.620476 -0.110000 -0.540000 -0.290000 -0.000000 -0.040000 -2.820000 0.000000 -2.884880 0.000000 -48.210000 48.210000
4964.657788 -0.640000 -0.290000 0.770000 -0.010000 -0.040000 -2.830000 0.000000 -3.038070 0.000000 -50.770000 50.770000
4964.695262 -0.260000 0.500000 0.080000 -0.050000 0.010000 -2.750000 0.807599 -3.029094 0.000000 -48.210000 53.030000
4964.732130 0.420000 -0.390000 -0.330000 -0.020000 -0.050000 -2.760000 0.000000 -3.173308 0.000000 -53.030000 53.030000
4964.767463 -0.360000 -0.310000 -0.340000 -0.030000 -0.010000 -2.790000 0.000000 -2.884880 0.000000 -48.210000 48.210000
4964.805713 0.300000 0.330000 -0.430000 -0.000000 -0.070000 -2.760000 0.000000 -3.173308 0.000000 -53.030000 53.030000
4964.840354 0.340000 0.020000 -0.030000 0.020000 -0.080000 -2.660000 0.000000 -3.173308 0.000000 -53.030000 53.030000
4964.869694 0.030000 -0.090000 0.230000 -0.030000 -0.030000 -2.760000 0.000000 -3.038070 0.000000 -50.770000 50.770000
4964.904829 0.450000 0.420000 -0.190000 -0.020000 -0.010000 -2.770000 -0.807599 -3.029094 0.000000 -53.030000 48.210000
4964.939731 -0.060000 0.100000 -0.160000 -0.000000 -0.030000 -2.720000 0.000000 -3.173308 0.000000 -53.030000 53.030000
4964.973945 0.490000 -0.150000 -0.430000 0.020000 -0.050000 -2.800000 0.000000 -3.038070 0.000000 -50.770000 50.770000
4965.011989 -0.640000 -0.280000 0.680000 0.030000 -0.030000 -2.780000 0.000000 -3.038070 0.000000 -50.770000 50.770000
4965.039994 0.070000 0.200000 0.720000 -0.030000 -0.020000 -2.700000 0.000000 -3.173308 0.000000 -53.030000 53.030000
4965.077600 0.120000 0.280000 0.820000 -0.000000 -0.060000 -2.700000 0.000000 -3.173308 0.000000 -53.030000 53.030000
4965.113596 -0.400000 -0.310000 0.540000 0.000000 -0.050000 -2.700000 -0.774088 -2.899840 0.000000 -50.770000 46.150000
4965.145542 0.360000 -0.030000 0.390000 0.010000 -0.030000 -2.720000 0.807599 -3.317522 0.000000 -53.030000 57.850000
4965.184473 0.590000 -0.100000 -0.350000 -0.010000 -0.040000 -2.770000 -0.807599 -3.317522 0.000000 -57.850000 53.030000
4965.216892 0.320000 -0.360000 0.280000 -0.000000 -0.060000 -2.730000 0.000000 -2.884880 0.000000 -48.210000 48.210000
4965.254925 -0.100000 0.150000 -0.030000 0.000000 -0.060000 -2.750000 0.000000 -3.461736 0.000000 -57.850000 57.850000
4965.290149 0.000000 0.180000 -0.020000 -0.000000 -0.030000 -2.810000 0.000000 -3.173308 0.000000 -53.030000 53.030000
4965.319405 -0.340000 0.150000 -0.790000 0.000000 -0.050000 -2.800000 0.000000 -3.038070 0.000000 -50.770000 50.770000
4965.353780 0.630000 0.260000 -0.710000 0.010000 -0.080000 -2.850000 1.615198 -3.173308 0.000000 -48.210000 57.850000
4965.390204 -0.310000 -0.420000 -0.890000 0.030000 -0.090000 -2.850000 -0.807599 -3.317522 0.000000 -57.850000 53.030000
4965.420343 -0.140000 0.030000 -0.090000 -0.040000 -0.080000 -2.810000 0.772413 -3.176001 0.000000 -50.770000 55.380000
4965.447966 0.420000 -0.270000 1.140000 -0.080000 0.060000 -2.920000 0.000000 -3.038070 0.000000 -50.770000 50.770000
4965.486678 -0.050000 -0.210000 -0.190000 -0.040000 -0.010000 -2.870000 -0.807599 -3.317522 0.000000 -57.850000 53.030000
4965.519647 -0.140000 0.020000 0.100000 0.030000 -0.050000 -2.860000 0.807599 -3.317522 0.000000 -53.030000 57.850000
4965.558263 -0.160000 0.200000 -0.120000 -0.000000 -0.060000 -2.900000 -0.772413 -3.176001 0.000000 -55.380000 50.770000
4965.592283 -0.440000 -0.190000 0.570000 -0.010000 -0.040000 -2.870000 0.000000 -3.173308 0.000000 -53.030000 53.030000
4965.622201 0.350000 0.120000 -0.530000 -0.030000 -0.040000 -2.980000 0.000000 -3.173308 0.000000 -53.030000 53.030000
4965.652635 -0.020000 -0.010000 -0.260000 -0.030000 -0.040000 -2.960000 -0.807599 -3.317522 0.000000 -57.850000 53.030000
4965.680646 0.070000 0.650000 0.310000 -0.010000 -0.100000 -2.930000 0.772413 -3.176001 0.000000 -50.770000 55.380000
4965.708763 -0.370000 0.120000 -0.090000 -0.040000 -0.030000 -2.900000 -0.807599 -3.317522 0.000000 -57.850000 53.030000
4965.747628 0.770000 -0.160000 -0.060000 -0.020000 -0.030000 -2.890000 0.000000 -3.313931 0.000000 -55.380000 55.380000
4965.783589 0.100000 -0.030000 -0.270000 -0.020000 -0.040000 -2.940000 0.807599 -3.029094 0.000000 -48.210000 53.030000
4965.817558 -0.040000 0.350000 0.170000 -0.020000 -0.050000 -2.890000 -0.807599 -3.317522 0.000000 -57.850000 53.030000
4965.854972 -0.100000 0.020000 -0.020000 -0.040000 -0.030000 -2.820000 1.186265 -3.249903 0.000000 -50.770000 57.850000
4965.891895 -0.110000 0.290000 0.210000 -0.010000 -0.040000 -2.870000 0.000000 -3.038070 0.000000 -50.770000 50.770000
4965.919818 -1.000000 -0.600000 0.180000 -0.030000 -0.010000 -2.820000 0.000000 -3.173308 0.000000 -53.030000 53.030000
4965.954728 -0.190000 0.190000 -0.900000 -0.040000 0.040000 -2.750000 0.000000 -3.173308 0.000000 -53.030000 53.030000
4965.988205 0.580000 -0.130000 0.640000 0.000000 -0.000000 -2.790000 0.774088 -2.899840 0.000000 -46.150000 50.770000
4966.025392 0.720000 0.070000 -0.830000 0.000000 -0.030000 -2.780000 0.000000 -3.173308 0.000000 -53.030000 53.030000
4966.063475 0.040000 0.050000 0.030000 0.010000 -0.060000 -2.700000 0.000000 -2.884880 0.000000 -48.210000 48.210000
4966.098413 0.180000 0.490000 0.530000 -0.020000 -0.020000 -2.670000 0.000000 -2.884880 0.000000 -48.210000 48.210000
4966.135762 0.200000 -0.710000 -0.520000 -0.010000 -0.030000 -2.630000 0.000000 -2.761610 0.000000 -46.150000 46.150000
4966.168616 -0.360000 0.140000 0.280000 -0.020000 -0.050000 -2.630000 -0.807599 -3.029094 0.000000 -53.030000 48.210000
4966.207362 -0.420000 0.210000 0.310000 -0.030000 -0.050000 -2.710000 0.774088 -2.899840 0.000000 -46.150000 50.770000
4966.244057 -0.060000 -0.220000 -0.270000 -0.010000 -0.030000 -2.730000 -0.807599 -3.029094 0.000000 -53.030000 48.210000
4966.281463 -0.540000 0.080000 -0.120000 -0.020000 -0.010000 -2.790000 0.000000 -3.173308 0.000000 -53.030000 53.030000
4966.310763 -0.240000 0.290000 0.440000 -0.060000 -0.010000 -2.690000 -0.807599 -3.029094 0.000000 -53.030000 48.210000
4966.341325 -0.360000 -0.570000 1.240000 -0.020000 -0.030000 -2.650000 0.000000 -3.038070 0.000000 -50.770000 50.770000
4966.370229 -0.330000 0.080000 -0.550000 0.020000 0.000000 -2.720000 -1.615198 -3.173308 0.000000 -57.850000 48.210000
4966.404602 -0.090000 -0.000000 -0.460000 -0.040000 -0.000000 -2.650000 -0.807599 -3.029094 0.000000 -53.030000 48.210000
4966.441458 -0.160000 0.260000 0.140000 -0.020000 0.010000 -2.690000 0.000000 -3.038070 0.000000 -50.770000 50.770000
4966.469861 0.640000 0.410000 -0.090000 -0.030000 -0.070000 -2.710000 0.000000 -3.038070 0.000000 -50.770000 50.770000
4966.505010 0.140000 -0.040000 -0.990000 0.010000 -0.060000 -2.720000 0.000000 -3.173308 0.000000 -53.030000 53.030000
4966.540911 0.230000 -0.110000 1.130000 0.030000 -0.050000 -2.720000 -0.807599 -3.029094 0.000000 -53.030000 48.210000
4966.571234 0.040000 0.070000 -0.790000 -0.030000 0.010000 -2.830000 -0.772413 -3.176001 0.000000 -55.380000 50.770000
4966.599058 0.580000 -0.160000 -0.380000 0.020000 -0.050000 -3.000000 0.000000 -3.461736 0.000000 -57.850000 57.850000
4966.634596 0.280000 0.070000 0.870000 0.020000 -0.090000 -3.060000 0.413852 -3.387834 0.000000 -55.380000 57.850000
4966.671440 -1.340000 -0.200000 -0.090000 -0.030000 -0.010000 -3.080000 0.807599 -3.317522 0.000000 -53.030000 57.850000
4966.698962 0.170000 -0.100000 -0.780000 0.010000 -0.040000 -3.010000 -0.807599 -3.317522 0.000000 -57.850000 53.030000
4966.734655 0.360000 0.280000 -0.130000 0.000000 -0.070000 -2.980000 0.000000 -3.461736 0.000000 -57.850000 57.850000
4966.770996 -0.400000 0.200000 -0.580000 0.050000 -0.160000 -2.960000 -1.546501 -3.314231 0.000000 -60.000000 50.770000
4966.800903 -0.350000 -0.180000 0.850000 -0.040000 -0.040000 -2.900000 0.000000 -3.461736 0.000000 -57.850000 57.850000
4966.829695 0.030000 -0.220000 0.170000 -0.030000 -0.070000 -2.880000 -0.807599 -3.317522 0.000000 -57.850000 53.030000
4966.867915 -0.010000 -0.340000 -0.300000 0.030000 -0.080000 -2.800000 -1.546501 -3.037770 0.000000 -55.380000 46.150000
4966.904363 0.140000 0.090000 -0.240000 0.010000 -0.070000 -2.720000 0.000000 -3.038070 0.000000 -50.770000 50.770000
4966.941008 -0.060000 -0.300000 0.970000 -0.030000 0.000000 -2.830000 -0.807599 -3.317522 0.000000 -57.850000 53.030000
4966.977629 -0.120000 -0.330000 -0.290000 -0.020000 -0.020000 -2.800000 -0.807599 -3.029094 0.000000 -53.030000 48.210000
4967.013467 -0.030000 0.580000 -0.260000 0.010000 -0.020000 -2.750000 -0.774088 -2.899840 0.000000 -50.770000 46.150000
4967.048429 0.370000 0.080000 0.470000 0.030000 -0.060000 -2.730000 0.000000 -3.173308 0.000000 -53.030000 53.030000
4967.088380 -0.170000 -0.000000 0.170000 -0.050000 -0.040000 -2.720000 -0.807599 -3.029094 0.000000 -53.030000 48.210000
4967.124072 -0.080000 0.130000 -0.720000 -0.030000 -0.000000 -2.690000 0.000000 -2.884880 0.000000 -48.210000 48.210000
4967.160854 0.140000 0.030000 0.080000 -0.020000 0.020000 -2.720000 0.000000 -3.173308 0.000000 -53.030000 53.030000
4967.191265 0.310000 -0.250000 -0.550000 -0.010000 -0.040000 -2.700000 0.000000 -3.173308 0.000000 -53.030000 53.030000
4967.220735 -0.540000 -0.270000 0.060000 -0.030000 -0.050000 -2.690000 0.774088 -2.899840 0.000000 -46.150000 50.770000
4967.248620 0.350000 0.170000 -0.390000 -0.040000 -0.020000 -2.790000 0.807599 -3.029094 0.000000 -48.210000 53.030000
4967.283011 0.220000 0.210000 0.850000 0.020000 -0.030000 -2.700000 0.000000 -3.173308 0.000000 -53.030000 53.030000
4967.312830 -0.590000 -0.380000 0.060000 -0.000000 -0.070000 -2.760000 0.774088 -2.899840 0.000000 -46.150000 50.770000
4967.342928 -0.210000 -0.160000 -0.660000 -0.010000 -0.040000 -2.710000 0.000000 -2.761610 0.000000 -46.150000 46.150000
4967.372805 0.560000 0.400000 0.920000 -0.010000 -0.020000 -2.720000 0.807599 -3.029094 0.000000 -48.210000 53.030000
4967.410308 -0.470000 0.060000 0.630000 -0.030000 -0.030000 -2.790000 0.807599 -3.029094 0.000000 -48.210000 53.030000
4967.438999 -0.040000 -0.460000 -0.300000 -0.040000 0.000000 -2.800000 0.000000 -3.038070 0.000000 -50.770000 50.770000
4967.474378 0.610000 0.360000 0.040000 -0.020000 -0.020000 -2.780000 0.807599 -3.029094 0.000000 -48.210000 53.030000
4967.510236 0.280000 0.120000 -0.910000 -0.030000 -0.020000 -2.840000 0.000000 -3.173308 0.000000 -53.030000 53.030000
4967.539444 0.120000 -0.390000 0.560000 0.010000 -0.060000 -2.750000 -0.807599 -3.029094 0.000000 -53.030000 48.210000
4967.574640 0.040000 0.270000 0.840000 -0.000000 -0.010000 -2.720000 1.615198 -3.173308 0.000000 -48.210000 57.850000
4967.606739 -0.240000 0.020000 0.170000 0.020000 -0.010000 -2.830000 0.000000 -3.173308 0.000000 -53.030000 53.030000
4967.641603 -0.510000 -0.010000 0.060000 -0.010000 0.010000 -2.760000 0.000000 -3.038070 0.000000 -50.770000 50.770000
4967.669431 0.230000 0.060000 -0.180000 -0.030000 -0.010000 -2.800000 0.807599 -3.029094 0.000000 -48.210000 53.030000
4967.706698 0.220000 -0.030000 -0.470000 -0.010000 -0.060000 -2.790000 0.000000 -3.173308 0.000000 -53.030000 53.030000
4967.743509 0.040000 -0.200000 -0.610000 -0.020000 -0.040000 -2.800000 -0.772413 -3.176001 0.000000 -55.380000 50.770000
4967.779444 -0.170000 0.250000 0.210000 -0.000000 -0.050000 -2.790000 0.772413 -3.176001 0.000000 -50.770000 55.380000
4967.809891 -0.070000 -0.170000 0.340000 -0.050000 -0.030000 -2.750000 -0.807599 -3.317522 0.000000 -57.850000 53.030000
4967.845726 0.320000 0.120000 -1.030000 -0.010000 -0.040000 -2.700000 0.000000 -3.461736 0.000000 -57.850000 57.850000
4967.882895 0.500000 0.020000 -1.800000 -0.020000 -0.010000 -2.760000 0.000000 -3.038070 0.000000 -50.770000 50.770000
4967.910482 0.950000 -0.510000 1.090000 0.030000 -0.080000 -2.670000 0.807599 -3.317522 0.000000 -53.030000 57.850000
4967.950497 0.170000 0.180000 0.400000 -0.020000 -0.030000 -2.690000 0.807599 -3.317522 0.000000 -53.030000 57.850000
4967.981856 -0.400000 -0.140000 -0.040000 -0.020000 -0.000000 -2.730000 -0.807599 -3.029094 0.000000 -53.030000 48.210000
4968.018249 -0.070000 0.090000 0.070000 0.010000 -0.000000 -2.740000 0.000000 -3.313931 0.000000 -55.380000 55.380000
4968.051490 -0.070000 0.060000 0.020000 0.000000 -0.020000 -2.700000 0.000000 -3.173308 0.000000 -53.030000 53.030000
4968.089845 -0.130000 0.030000 0.260000 0.000000 -0.050000 -2.690000 -0.772413 -3.176001 0.000000 -55.380000 50.770000
4968.119819 -0.270000 0.090000 -0.120000 0.020000 -0.090000 -2.680000 0.000000 -3.173308 0.000000 -53.030000 53.030000
4968.153842 -0.610000 0.260000 1.210000 -0.040000 0.020000 -2.730000 0.000000 -3.173308 0.000000 -53.030000 53.030000
4968.190444 0.340000 -0.160000 0.670000 -0.010000 -0.040000 -2.790000 -1.201345 -3.099406 0.000000 -55.380000 48.210000
4968.219514 0.010000 0.130000 0.000000 0.030000 -0.060000 -2.760000 0.772413 -3.176001 0.000000 -50.770000 55.380000
4968.252753 0.530000 -0.120000 -1.790000 -0.010000 0.000000 -2.800000 0.000000 -3.173308 0.000000 -53.030000 53.030000
4968.281427 -0.360000 0.050000 0.300000 0.020000 -0.020000 -2.830000 0.000000 -3.173308 0.000000 -53.030000 53.030000
4968.312226 -0.570000 0.320000 0.960000 -0.020000 -0.020000 -2.850000 0.772413 -3.176001 0.000000 -50.770000 55.380000
4968.341663 -0.180000 -0.290000 -0.690000 0.000000 -0.030000 -2.910000 -0.807599 -3.317522 0.000000 -57.850000 53.030000
4968.371607 0.700000 0.220000 -0.100000 0.010000 -0.030000 -2.960000 0.807599 -3.317522 0.000000 -53.030000 57.850000
4968.405169 -0.410000 -0.340000 0.190000 -0.000000 -0.060000 -2.890000 0.000000 -3.173308 0.000000 -53.030000 53.030000
4968.442775 -0.230000 -0.340000 0.410000 -0.020000 -0.040000 -2.890000 0.000000 -3.313931 0.000000 -55.380000 55.380000
4968.472582 -0.010000 0.440000 -0.190000 -0.050000 -0.030000 -2.850000 0.807599 -3.317522 0.000000 -53.030000 57.850000
4968.500515 0.100000 -0.250000 -0.570000 -0.010000 -0.000000 -2.850000 0.000000 -3.038070 0.000000 -50.770000 50.770000
4968.529884 0.570000 1.200000 0.950000 0.040000 -0.040000 -2.620000 2.424472 -2.740366 0.000000 -38.560000 53.030000
4968.559286 0.390000 0.030000 -0.020000 -0.030000 -0.020000 -2.300000 5.654867 -2.163510 0.000000 -19.280000 53.030000
4968.596239 0.220000 -0.490000 -0.350000 -0.020000 -0.030000 -1.570000 3.230395 -0.865284 0.000000 -4.820000 24.100000
4968.627595 0.050000 -0.390000 0.180000 0.000000 -0.020000 -0.850000 1.546501 -0.276161 0.000000 0.000000 9.230000
4968.663642 0.180000 -1.120000 -0.210000 -0.020000 -0.020000 -0.050000 0.807599 -0.432642 0.000000 -4.820000 9.640000
4968.698954 -0.290000 -0.020000 -0.200000 0.010000 0.010000 -0.050000 0.000000 0.000000 0.000000 0.000000 0.000000
4968.735458 -0.280000 0.150000 0.190000 -0.000000 -0.010000 0.050000 0.000000 -0.276460 0.000000 -4.620000 4.620000
4968.770873 -0.200000 0.080000 -0.070000 -0.000000 0.000000 -0.020000 0.807599 -0.144214 0.000000 0.000000 4.820000
4968.799379 -0.270000 0.030000 -0.060000 -0.000000 0.000000 -0.010000 0.000000 0.000000 0.000000 0.000000 0.000000
4968.827418 -0.210000 0.080000 0.130000 0.000000 0.000000 -0.010000 0.807599 -0.144214 0.000000 0.000000 4.820000
4968.860405 -0.160000 0.140000 0.160000 0.000000 -0.000000 -0.000000 0.000000 0.000000 0.000000 0.000000 0.000000
4968.887939 -0.070000 0.120000 -0.080000 0.000000 0.000000 0.000000 0.807599 -0.144214 0.000000 0.000000 4.820000
4968.922467 -0.010000 0.150000 -0.100000 0.000000 0.000000 -0.000000 0.774088 -0.138230 0.000000 0.000000 4.620000
4968.951311 0.010000 0.060000 0.030000 0.000000 -0.000000 -0.000000 0.000000 0.000000 0.000000 0.000000 0.000000
4968.985262 0.050000 0.010000 -0.060000 0.000000 -0.000000 -0.000000 0.807599 -0.144214 0.000000 0.000000 4.820000
4969.019595 0.040000 0.060000 -0.030000 -0.000000 0.000000 -0.000000 0.000000 0.000000 0.000000 0.000000 0.000000
4969.047839 0.020000 0.010000 -0.020000 0.000000 0.000000 -0.000000 0.000000 0.000000 0.000000 0.000000 0.000000
4969.083546 -0.020000 -0.060000 -0.050000 -0.000000 0.000000 -0.000000 0.000000 0.000000 0.000000 0.000000 0.000000
4969.114735 0.060000 0.080000 -0.110000 -0.000000 -0.000000 -0.000000 0.000000 0.000000 0.000000 0.000000 0.000000
4969.151065 0.020000 0.040000 0.040000 0.000000 0.000000 -0.000000 0.000000 0.000000 0.000000 0.000000 0.000000
4969.187840 -0.060000 -0.020000 0.070000 0.000000 -0.000000 -0.000000 0.000000 0.000000 0.000000 0.000000 0.000000
4969.221789 0.050000 -0.000000 -0.070000 0.000000 0.000000 -0.000000 0.000000 0.000000 0.000000 0.000000 0.000000
4969.251686 0.070000 0.060000 -0.050000 0.000000 0.000000 -0.000000 0.000000 0.000000 0.000000 0.000000 0.000000
4969.279372 0.020000 0.010000 0.010000 0.000000 0.010000 -0.000000 0.000000 0.000000 0.000000 0.000000 0.000000
4969.310634 0.020000 -0.110000 0.020000 0.000000 0.000000 -0.000000 0.000000 0.000000 0.000000 0.000000 0.000000
4969.344822 0.040000 -0.000000 -0.010000 0.000000 0.000000 -0.000000 0.000000 0.000000 0.000000 0.000000 0.000000
4969.380425 0.070000 0.040000 0.020000 0.000000 -0.000000 -0.000000 0.000000 0.000000 0.000000 0.000000 0.000000
4969.409019 0.010000 -0.010000 0.030000 0.010000 0.000000 -0.010000 0.000000 0.000000 0.000000 0.000000 0.000000
4969.444213 -0.020000 -0.010000 0.020000 0.000000 0.000000 -0.000000 0.000000 0.000000 0.000000 0.000000 0.000000
4969.476057 0.070000 0.030000 0.040000 0.000000 0.000000 -0.000000 0.000000 0.000000 0.000000 0.000000 0.000000
4969.508766 0.020000 -0.020000 -0.000000 0.000000 0.000000 -0.000000 0.000000 0.000000 0.000000 0.000000 0.000000
4969.540175 0.070000 -0.060000 -0.010000 0.000000 0.000000 -0.000000 0.000000 0.000000 0.000000 0.000000 0.000000
4969.575374 0.010000 0.020000 -0.010000 -0.000000 0.000000 0.000000 0.000000 0.000000 0.000000 0.000000 0.000000
4969.609654 -0.010000 -0.010000 -0.080000 0.000000 0.000000 -0.000000 0.000000 0.000000 0.000000 0.000000 0.000000
4969.637579 -0.000000 0.030000 0.050000 0.000000 0.000000 -0.000000 0.000000 0.000000 0.000000 0.000000 0.000000
4969.673301 -0.020000 0.040000 -0.010000 0.000000 0.000000 -0.000000 0.000000 0.000000 0.000000 0.000000 0.000000
4969.700651 -0.020000 0.040000 -0.000000 0.000000 0.000000 0.000000 0.000000 0.000000 0.000000 0.000000 0.000000
4969.729515 -0.070000 -0.000000 0.060000 0.000000 0.000000 -0.000000 0.000000 0.000000 0.000000 0.000000 0.000000
4969.762729 -0.010000 0.010000 -0.060000 0.000000 -0.000000 -0.000000 0.000000 0.000000 0.000000 0.000000 0.000000
4969.791761 -0.020000 0.060000 -0.040000 0.000000 0.000000 -0.000000 0.000000 0.000000 0.000000 0.000000 0.000000
4969.819376 0.020000 -0.010000 0.010000 0.000000 0.000000 0.000000 0.000000 0.000000 0.000000 0.000000 0.000000
4969.847934 -0.010000 -0.020000 -0.040000 0.000000 0.000000 -0.010000 0.000000 0.000000 0.000000 0.000000 0.000000
4969.884844 0.010000 0.030000 0.030000 0.000000 -0.000000 0.000000 0.000000 0.000000 0.000000 0.000000 0.000000
4969.919381 0.030000 -0.040000 0.010000 0.000000 0.000000 -0.000000 0.000000 0.000000 0.000000 0.000000 0.000000
4969.951325 -0.010000 -0.040000 0.060000 0.000000 0.000000 -0.010000 0.000000 0.000000 0.000000 0.000000 0.000000
4969.988591 0.060000 -0.050000 0.050000 -0.000000 -0.000000 -0.010000 0.000000 0.000000 0.000000 0.000000 0.000000
4970.025807 0.010000 -0.010000 -0.050000 0.000000 0.000000 -0.000000 0.000000 0.000000 0.000000 0.000000 0.000000
4970.059417 -0.040000 -0.030000 0.050000 0.000000 0.000000 -0.000000 0.000000 0.000000 0.000000 0.000000 0.000000
4970.094654 -0.000000 0.010000 0.020000 0.000000 0.000000 -0.000000 0.000000 0.000000 0.000000 0.000000 0.000000
4970.129703 0.000000 -0.010000 -0.110000 0.000000 -0.000000 -0.000000 0.000000 0.000000 0.000000 0.000000 0.000000
4970.157754 0.010000 -0.010000 0.020000 0.000000 -0.000000 -0.000000 0.000000 0.000000 0.000000 0.000000 0.000000
4970.190141 0.030000 0.070000 -0.020000 0.000000 0.000000 -0.000000 0.000000 0.000000 0.000000 0.000000 0.000000
4970.219322 -0.070000 -0.010000 0.010000 0.000000 0.000000 -0.000000 0.000000 0.000000 0.000000 0.000000 0.000000
4970.256259 0.010000 -0.040000 0.050000 0.000000 0.000000 -0.000000 0.000000 0.000000 0.000000 0.000000 0.000000
4970.291680 0.040000 -0.000000 0.000000 0.000000 -0.000000 -0.000000 0.000000 0.000000 0.000000 0.000000 0.000000
4970.320723 -0.010000 0.020000 -0.050000 0.000000 0.000000 -0.000000 0.000000 0.000000 0.000000 0.000000 0.000000
4970.349141 0.020000 0.010000 0.060000 0.000000 0.000000 -0.000000 0.000000 0.000000 0.000000 0.000000 0.000000
4970.385603 0.040000 0.040000 -0.040000 -0.000000 -0.000000 -0.000000 0.000000 0.000000 0.000000 0.000000 0.000000
4970.418013 -0.030000 0.030000 0.080000 0.000000 0.000000 -0.000000 0.000000 0.000000 0.000000 0.000000 0.000000
4970.452717 -0.010000 -0.000000 0.100000 0.010000 0.000000 -0.000000 0.000000 0.000000 0.000000 0.000000 0.000000
4970.481756 0.050000 -0.020000 -0.060000 0.000000 0.000000 -0.000000 0.000000 0.000000 0.000000 0.000000 0.000000
4970.510989 -0.010000 -0.020000 -0.010000 0.000000 0.000000 -0.000000 0.000000 0.000000 0.000000 0.000000 0.000000
4970.540699 -0.050000 -0.020000 -0.060000 0.000000 -0.000000 -0.000000 0.000000 0.000000 0.000000 0.000000 0.000000
4970.576366 0.090000 -0.020000 -0.030000 0.000000 -0.000000 0.000000 0.000000 0.000000 0.000000 0.000000 0.000000
4970.611412 -0.010000 -0.020000 0.080000 0.000000 0.000000 -0.000000 0.000000 0.000000 0.000000 0.000000 0.000000
4970.638944 0.060000 0.030000 0.000000 0.000000 0.000000 -0.000000 0.000000 0.000000 0.000000 0.000000 0.000000
4970.670462 -0.000000 -0.010000 0.020000 0.000000 0.000000 -0.000000 0.000000 0.000000 0.000000 0.000000 0.000000
4970.699334 0.000000 -0.010000 -0.050000 0.000000 0.000000 -0.000000 0.000000 0.000000 0.000000 0.000000 0.000000
4970.735550 0.040000 0.060000 0.000000 -0.000000 0.000000 -0.000000 0.000000 0.000000 0.000000 0.000000 0.000000
4970.768834 0.000000 0.020000 0.050000 0.000000 0.000000 -0.000000 0.000000 0.000000 0.000000 0.000000 0.000000
4970.801269 0.030000 -0.020000 -0.000000 -0.000000 -0.000000 -0.000000 0.000000 0.000000 0.000000 0.000000 0.000000
4970.839406 -0.050000 -0.050000 0.020000 0.000000 0.000000 -0.000000 0.000000 0.000000 0.000000 0.000000 0.000000
4970.867754 -0.010000 0.000000 -0.030000 0.000000 0.000000 -0.000000 0.000000 0.000000 0.000000 0.000000 0.000000
4970.904069 -0.010000 -0.020000 0.000000 0.000000 -0.000000 -0.000000 0.000000 0.000000 0.000000 0.000000 0.000000
4970.937757 0.000000 0.030000 -0.040000 0.000000 0.000000 -0.010000 0.000000 0.000000 0.000000 0.000000 0.000000
4970.971798 0.020000 -0.010000 0.030000 0.000000 0.000000 -0.000000 0.000000 0.000000 0.000000 0.000000 0.000000
4971.001195 -0.030000 0.010000 -0.040000 0.000000 0.000000 -0.000000 0.000000 0.000000 0.000000 0.000000 0.000000
4971.029296 0.000000 0.030000 -0.100000 0.000000 0.000000 -0.010000 0.000000 0.000000 0.000000 0.000000 0.000000
4971.065051 0.030000 0.010000 -0.070000 0.000000 0.000000 0.000000 0.000000 0.000000 0.000000 0.000000 0.000000
4971.101557 -0.000000 0.010000 -0.010000 0.000000 0.000000 -0.000000 0.000000 0.000000 0.000000 0.000000 0.000000
4971.131448 0.000000 0.010000 -0.070000 0.000000 -0.000000 -0.000000 0.000000 0.000000 0.000000 0.000000 0.000000
4971.159315 0.030000 -0.020000 0.050000 0.000000 0.000000 -0.000000 0.000000 0.000000 0.000000 0.000000 0.000000
4971.195465 0.010000 -0.020000 -0.010000 0.000000 0.000000 -0.000000 0.000000 0.000000 0.000000 0.000000 0.000000
4971.230143 0.000000 -0.020000 0.050000 0.000000 0.000000 -0.000000 0.000000 0.000000 0.000000 0.000000 0.000000
4971.257193 -0.030000 -0.000000 0.030000 0.000000 0.000000 -0.010000 0.000000 0.000000 0.000000 0.000000 0.000000
4971.289789 0.000000 0.000000 0.050000 0.000000 0.000000 -0.000000 0.000000 0.000000 0.000000 0.000000 0.000000
4971.324815 0.010000 0.010000 0.040000 -0.000000 0.000000 -0.000000 0.000000 0.000000 0.000000 0.000000 0.000000
4971.359623 0.010000 -0.030000 -0.010000 0.000000 0.000000 -0.000000 0.000000 0.000000 0.000000 0.000000 0.000000
4971.391053 -0.000000 0.020000 0.080000 -0.000000 0.000000 0.000000 0.000000 0.000000 0.000000 0.000000 0.000000
4971.419894 -0.010000 -0.010000 0.010000 0.000000 0.000000 -0.000000 0.000000 0.000000 0.000000 0.000000 0.000000
4971.448436 0.020000 -0.000000 -0.070000 0.000000 -0.000000 -0.000000 0.000000 0.000000 0.000000 0.000000 0.000000
4971.484485 0.000000 -0.020000 -0.030000 0.000000 0.000000 -0.000000 0.000000 0.000000 0.000000 0.000000 0.000000
4971.515443 -0.030000 0.010000 0.040000 0.000000 0.000000 -0.000000 0.000000 0.000000 0.000000 0.000000 0.000000
4971.547646 -0.050000 0.020000 -0.040000 0.000000 0.000000 -0.000000 0.000000 0.000000 0.000000 0.000000 0.000000
4971.582850 0.010000 -0.000000 -0.020000 -0.000000 0.000000 -0.000000 0.000000 0.000000 0.000000 0.000000 0.000000
4971.610944 -0.030000 0.050000 -0.020000 0.000000 0.000000 -0.000000 0.000000 0.000000 0.000000 0.000000 0.000000
4971.637360 -0.010000 0.040000 0.040000 0.000000 0.000000 -0.000000 0.000000 0.000000 0.000000 0.000000 0.000000
4971.672032 -0.010000 0.020000 -0.000000 -0.000000 0.000000 -0.000000 0.000000 0.000000 0.000000 0.000000 0.000000
4971.707030 0.040000 0.020000 0.000000 0.000000 -0.000000 -0.000000 0.000000 0.000000 0.000000 0.000000 0.000000
4971.741309 0.010000 -0.010000 0.100000 0.000000 0.000000 -0.000000 0.000000 0.000000 0.000000 0.000000 0.000000
4971.770144 0.020000 0.010000 -0.010000 0.000000 0.000000 -0.000000 0.000000 0.000000 0.000000 0.000000 0.000000
4971.796836 0.010000 -0.030000 -0.010000 0.000000 0.000000 -0.000000 0.000000 0.000000 0.000000 0.000000 0.000000
4971.833073 -0.060000 -0.030000 -0.030000 0.000000 0.000000 -0.010000 0.000000 0.000000 0.000000 0.000000 0.000000
4971.861829 0.030000 -0.040000 -0.080000 0.000000 -0.000000 -0.000000 0.000000 0.000000 0.000000 0.000000 0.000000
4971.890673 0.050000 -0.020000 0.040000 0.000000 0.000000 -0.000000 0.000000 0.000000 0.000000 0.000000 0.000000
4971.919247 0.050000 -0.030000 -0.000000 0.000000 -0.000000 -0.000000 0.000000 0.000000 0.000000 0.000000 0.000000
4971.955374 -0.010000 -0.010000 -0.010000 0.000000 -0.000000 -0.000000 0.000000 0.000000 0.000000 0.000000 0.000000
4971.986944 -0.040000 -0.030000 0.000000 -0.000000 -0.000000 -0.000000 0.000000 0.000000 0.000000 0.000000 0.000000
4972.021268 0.040000 -0.030000 -0.020000 0.000000 0.000000 -0.000000 0.000000 0.000000 0.000000 0.000000 0.000000
4972.050438 -0.030000 -0.010000 0.000000 0.000000 -0.000000 -0.000000 0.000000 0.000000 0.000000 0.000000 0.000000
4972.078469 -0.020000 0.070000 0.030000 0.000000 -0.000000 -0.000000 0.000000 0.000000 0.000000 0.000000 0.000000
4972.110498 -0.010000 0.010000 -0.010000 0.000000 0.010000 -0.000000 0.000000 0.000000 0.000000 0.000000 0.000000
4972.146997 0.020000 0.020000 0.010000 0.000000 0.000000 -0.000000 0.000000 0.000000 0.000000 0.000000 0.000000
4972.181215 -0.020000 -0.010000 0.020000 0.000000 0.000000 -0.000000 0.000000 0.000000 0.000000 0.000000 0.000000
4972.209482 -0.060000 0.030000 -0.010000 0.000000 0.000000 -0.000000 0.000000 0.000000 0.000000 0.000000 0.000000
4972.240732 0.050000 -0.010000 0.070000 0.000000 0.000000 -0.000000 0.000000 0.000000 0.000000 0.000000 0.000000
4972.270519 0.070000 0.010000 0.060000 0.000000 0.000000 -0.000000 0.000000 0.000000 0.000000 0.000000 0.000000
4972.306876 0.010000 -0.010000 -0.010000 0.000000 0.000000 -0.000000 0.000000 0.000000 0.000000 0.000000 0.000000
4972.343899 -0.020000 -0.010000 0.020000 0.000000 0.000000 -0.000000 0.000000 0.000000 0.000000 0.000000 0.000000
4972.378420 -0.010000 -0.050000 -0.080000 0.000000 0.000000 -0.000000 0.000000 0.000000 0.000000 0.000000 0.000000
4972.414854 0.010000 0.050000 -0.070000 -0.000000 0.000000 -0.000000 0.000000 0.000000 0.000000 0.000000 0.000000
4972.448878 0.050000 -0.010000 0.030000 0.010000 0.000000 -0.000000 0.000000 0.000000 0.000000 0.000000 0.000000
4972.484467 0.020000 -0.050000 -0.010000 0.000000 0.000000 -0.000000 0.000000 0.000000 0.000000 0.000000 0.000000
4972.517779 -0.050000 0.020000 -0.030000 0.000000 0.000000 -0.000000 0.000000 0.000000 0.000000 0.000000 0.000000
4972.551048 -0.030000 -0.010000 -0.000000 -0.000000 0.000000 -0.000000 0.000000 0.000000 0.000000 0.000000 0.000000
4972.580484 -0.050000 -0.030000 0.000000 0.000000 -0.000000 -0.010000 0.000000 0.000000 0.000000 0.000000 0.000000
4972.608223 0.000000 0.030000 0.060000 0.000000 0.000000 -0.000000 0.000000 0.000000 0.000000 0.000000 0.000000
4972.642399 -0.040000 0.020000 -0.010000 0.000000 0.000000 -0.000000 0.000000 0.000000 0.000000 0.000000 0.000000
4972.680510 0.030000 0.030000 -0.080000 0.000000 0.000000 -0.000000 0.000000 0.000000 0.000000 0.000000 0.000000
4972.707283 0.010000 -0.000000 -0.000000 0.000000 0.000000 -0.010000 0.000000 0.000000 0.000000 0.000000 0.000000
4972.745425 -0.040000 0.030000 0.010000 0.000000 0.000000 -0.000000 0.000000 0.000000 0.000000 0.000000 0.000000
4972.777475 -0.050000 -0.020000 -0.010000 -0.000000 -0.000000 -0.000000 0.000000 0.000000 0.000000 0.000000 0.000000
4972.812583 0.040000 -0.010000 -0.040000 0.000000 0.000000 -0.000000 0.000000 0.000000 0.000000 0.000000 0.000000
4972.840813 0.010000 -0.030000 -0.070000 0.000000 0.000000 -0.000000 0.000000 0.000000 0.000000 0.000000 0.000000
4972.869592 -0.000000 -0.010000 0.050000 0.000000 0.000000 -0.000000 0.000000 0.000000 0.000000 0.000000 0.000000
4972.902691 0.040000 -0.010000 0.040000 0.000000 0.000000 -0.000000 0.000000 0.000000 0.000000 0.000000 0.000000
4972.931597 0.040000 -0.020000 -0.020000 0.000000 0.000000 -0.000000 0.000000 0.000000 0.000000 0.000000 0.000000
4972.959519 0.000000 0.010000 0.020000 -0.000000 -0.000000 -0.000000 0.000000 0.000000 0.000000 0.000000 0.000000
4972.987446 0.020000 -0.030000 0.070000 0.000000 0.000000 -0.000000 0.000000 0.000000 0.000000 0.000000 0.000000
4973.023242 -0.010000 -0.000000 0.070000 -0.000000 0.000000 -0.000000 0.000000 0.000000 0.000000 0.000000 0.000000
4973.052350 -0.050000 0.050000 0.020000 -0.000000 0.000000 -0.000000 0.000000 0.000000 0.000000 0.000000 0.000000
4973.079709 0.030000 -0.010000 0.070000 -0.000000 0.000000 -0.010000 0.000000 0.000000 0.000000 0.000000 0.000000
4973.115316 0.030000 -0.010000 -0.060000 0.000000 -0.000000 -0.000000 0.000000 0.000000 0.000000 0.000000 0.000000
4973.149041 -0.020000 0.050000 -0.030000 0.000000 0.000000 -0.000000 0.000000 0.000000 0.000000 0.000000 0.000000
4973.177008 -0.010000 0.020000 0.040000 0.000000 0.000000 -0.000000 0.000000 0.000000 0.000000 0.000000 0.000000
4973.209984 0.060000 -0.010000 -0.020000 0.000000 0.000000 -0.000000 0.000000 0.000000 0.000000 0.000000 0.000000
4973.239584 0.000000 -0.060000 -0.030000 0.000000 0.000000 -0.000000 0.000000 0.000000 0.000000 0.000000 0.000000
4973.274560 -0.070000 -0.010000 -0.080000 0.000000 0.000000 -0.010000 0.000000 0.000000 0.000000 0.000000 0.000000
4973.307331 0.010000 -0.020000 0.030000 0.000000 0.000000 -0.000000 0.000000 0.000000 0.000000 0.000000 0.000000
4973.343053 0.010000 0.010000 -0.020000 0.000000 0.000000 -0.000000 0.000000 0.000000 0.000000 0.000000 0.000000
4973.369954 -0.010000 -0.020000 -0.030000 0.000000 0.000000 -0.000000 0.000000 0.000000 0.000000 0.000000 0.000000
4973.403784 0.040000 0.000000 -0.040000 0.000000 0.000000 -0.000000 0.000000 0.000000 0.000000 0.000000 0.000000
4973.435361 -0.030000 0.000000 -0.030000 -0.000000 0.000000 -0.000000 0.000000 0.000000 0.000000 0.000000 0.000000
4973.471863 0.030000 0.020000 0.000000 0.000000 0.000000 -0.000000 0.000000 0.000000 0.000000 0.000000 0.000000
4973.503831 -0.050000 -0.000000 0.030000 0.000000 -0.000000 -0.000000 0.000000 0.000000 0.000000 0.000000 0.000000
4973.538464 0.020000 0.000000 -0.000000 -0.000000 0.000000 -0.000000 0.000000 0.000000 0.000000 0.000000 0.000000
4973.574297 0.020000 -0.010000 -0.080000 0.000000 0.000000 -0.000000 0.000000 0.000000 0.000000 0.000000 0.000000
4973.609052 -0.020000 -0.010000 0.040000 0.000000 0.000000 -0.000000 0.000000 0.000000 0.000000 0.000000 0.000000
4973.644633 0.030000 0.020000 0.040000 -0.000000 0.000000 -0.000000 0.000000 0.000000 0.000000 0.000000 0.000000
4973.675536 0.000000 0.030000 0.010000 0.000000 0.000000 -0.000000 0.000000 0.000000 0.000000 0.000000 0.000000
4973.709977 -0.060000 -0.000000 0.070000 0.000000 0.000000 -0.000000 0.000000 0.000000 0.000000 0.000000 0.000000
4973.738631 0.030000 -0.010000 0.050000 0.000000 0.000000 -0.000000 0.000000 0.000000 0.000000 0.000000 0.000000
4973.772495 0.060000 -0.050000 -0.010000 0.000000 0.000000 -0.000000 0.000000 0.000000 0.000000 0.000000 0.000000
4973.799727 0.010000 -0.010000 0.020000 0.000000 0.000000 -0.000000 0.000000 0.000000 0.000000 0.000000 0.000000
4973.827901 -0.020000 0.070000 0.020000 0.000000 0.000000 -0.000000 0.000000 0.000000 0.000000 0.000000 0.000000
4973.863588 0.000000 0.000000 -0.020000 0.000000 0.000000 -0.000000 0.000000 0.000000 0.000000 0.000000 0.000000
4973.893205 -0.030000 -0.010000 -0.070000 0.000000 0.000000 -0.000000 0.000000 0.000000 0.000000 0.000000 0.000000
4973.920974 0.020000 0.010000 0.020000 0.000000 0.000000 -0.000000 0.000000 0.000000 0.000000 0.000000 0.000000
4973.949053 0.020000 0.000000 0.040000 0.000000 0.000000 -0.010000 0.000000 0.000000 0.000000 0.000000 0.000000
4973.980214 0.000000 -0.020000 0.050000 0.000000 0.000000 -0.000000 0.000000 0.000000 0.000000 0.000000 0.000000
4974.006676 -0.020000 0.020000 0.010000 0.000000 0.000000 -0.000000 0.000000 0.000000 0.000000 0.000000 0.000000
4974.038215 0.030000 -0.030000 -0.060000 0.000000 0.000000 -0.000000 0.000000 0.000000 0.000000 0.000000 0.000000
4974.070364 -0.030000 -0.010000 -0.050000 0.000000 0.000000 -0.000000 0.000000 0.000000 0.000000 0.000000 0.000000
4974.111014 -0.050000 -0.060000 -0.040000 0.000000 0.000000 -0.000000 0.000000 0.000000 0.000000 0.000000 0.000000
4974.139178 -0.020000 -0.020000 0.060000 0.000000 -0.000000 -0.000000 0.000000 0.000000 0.000000 0.000000 0.000000
4974.175854 0.060000 0.040000 -0.080000 0.000000 0.000000 -0.000000 0.000000 0.000000 0.000000 0.000000 0.000000
4974.209027 0.010000 -0.010000 -0.000000 0.000000 -0.000000 -0.000000 0.000000 0.000000 0.000000 0.000000 0.000000
4974.245669 0.020000 0.070000 0.050000 0.000000 0.000000 -0.000000 0.000000 0.000000 0.000000 0.000000 0.000000
4974.279583 0.010000 0.010000 0.100000 0.000000 0.000000 -0.000000 0.000000 0.000000 0.000000 0.000000 0.000000
4974.315389 -0.010000 0.010000 -0.010000 0.000000 -0.000000 -0.000000 0.000000 0.000000 0.000000 0.000000 0.000000
4974.350575 -0.020000 0.040000 0.060000 0.000000 0.000000 -0.000000 0.000000 0.000000 0.000000 0.000000 0.000000
4974.387033 -0.010000 0.010000 -0.090000 -0.000000 0.000000 -0.000000 0.000000 0.000000 0.000000 0.000000 0.000000
4974.424371 -0.020000 -0.020000 0.020000 -0.000000 -0.000000 -0.000000 0.000000 0.000000 0.000000 0.000000 0.000000
4974.456003 -0.050000 0.010000 -0.020000 0.000000 0.000000 -0.000000 0.000000 0.000000 0.000000 0.000000 0.000000
4974.489375 0.020000 -0.020000 -0.060000 0.000000 0.000000 -0.000000 0.000000 0.000000 0.000000 0.000000 0.000000
4974.516770 0.040000 -0.020000 -0.030000 0.000000 0.000000 -0.000000 0.000000 0.000000 0.000000 0.000000 0.000000
4974.552260 0.010000 -0.020000 -0.040000 0.000000 0.000000 -0.000000 0.000000 0.000000 0.000000 0.000000 0.000000
4974.580566 0.020000 0.000000 0.030000 0.000000 -0.000000 -0.000000 0.000000 0.000000 0.000000 0.000000 0.000000
4974.609250 -0.010000 -0.010000 0.030000 0.000000 0.000000 -0.000000 0.000000 0.000000 0.000000 0.000000 0.000000
4974.644506 -0.010000 -0.030000 0.050000 -0.000000 0.000000 -0.000000 0.000000 0.000000 0.000000 0.000000 0.000000
4974.681322 -0.010000 0.030000 -0.000000 0.000000 0.000000 -0.000000 0.000000 0.000000 0.000000 0.000000 0.000000
4974.709265 0.010000 -0.010000 0.010000 0.000000 0.000000 -0.000000 0.000000 0.000000 0.000000 0.000000 0.000000
4974.742289 -0.030000 0.030000 0.040000 0.000000 -0.000000 -0.000000 0.000000 0.000000 0.000000 0.000000 0.000000
4974.771824 0.020000 0.000000 0.020000 -0.000000 0.000000 -0.000000 0.000000 0.000000 0.000000 0.000000 0.000000
4974.799694 0.080000 0.010000 -0.040000 0.000000 0.000000 -0.000000 0.000000 0.000000 0.000000 0.000000 0.000000
4974.836243 0.020000 0.040000 -0.070000 0.000000 0.000000 -0.010000 0.000000 0.000000 0.000000 0.000000 0.000000
4974.867218 0.000000 -0.000000 0.010000 0.000000 0.000000 -0.000000 0.000000 0.000000 0.000000 0.000000 0.000000
4974.900782 -0.010000 0.020000 0.010000 0.000000 0.000000 -0.000000 0.000000 0.000000 0.000000 0.000000 0.000000
4974.929157 0.010000 -0.000000 0.020000 0.000000 0.000000 -0.000000 0.000000 0.000000 0.000000 0.000000 0.000000
4974.964083 0.010000 -0.010000 -0.020000 0.000000 0.000000 -0.000000 0.000000 0.000000 0.000000 0.000000 0.000000
4974.995344 -0.040000 0.010000 -0.040000 0.000000 0.000000 -0.000000 0.000000 0.000000 0.000000 0.000000 0.000000
4975.030650 -0.030000 -0.000000 0.040000 -0.000000 0.000000 -0.000000 0.000000 0.000000 0.000000 0.000000 0.000000
4975.058915 -0.030000 -0.030000 -0.010000 0.000000 0.000000 -0.000000 0.000000 0.000000 0.000000 0.000000 0.000000
4975.094165 -0.020000 -0.020000 -0.020000 0.000000 0.000000 0.000000 0.000000 0.000000 0.000000 0.000000 0.000000
4975.128150 0.030000 0.030000 0.030000 0.000000 0.000000 -0.000000 0.000000 0.000000 0.000000 0.000000 0.000000
4975.161693 -0.000000 0.010000 -0.010000 0.000000 0.000000 -0.000000 0.000000 0.000000 0.000000 0.000000 0.000000
4975.191082 0.020000 0.010000 -0.040000 0.000000 0.000000 -0.000000 0.000000 0.000000 0.000000 0.000000 0.000000
4975.221268 0.050000 0.000000 -0.040000 0.000000 0.000000 -0.000000 0.000000 0.000000 0.000000 0.000000 0.000000
4975.249374 -0.020000 -0.000000 0.020000 0.000000 0.000000 -0.000000 0.000000 0.000000 0.000000 0.000000 0.000000
4975.284430 0.000000 0.040000 -0.060000 -0.000000 0.000000 -0.000000 0.000000 0.000000 0.000000 0.000000 0.000000
4975.317874 -0.010000 -0.050000 -0.010000 0.000000 0.000000 -0.000000 0.000000 0.000000 0.000000 0.000000 0.000000
4975.352551 -0.010000 -0.010000 -0.050000 0.000000 0.000000 -0.000000 0.000000 0.000000 0.000000 0.000000 0.000000
4975.380962 -0.000000 -0.010000 0.090000 0.000000 0.010000 -0.000000 0.000000 0.000000 0.000000 0.000000 0.000000
4975.414190 -0.010000 0.000000 -0.020000 0.000000 0.000000 -0.000000 0.000000 0.000000 0.000000 0.000000 0.000000
4975.448588 0.020000 -0.040000 -0.000000 0.000000 0.000000 -0.000000 0.000000 0.000000 0.000000 0.000000 0.000000
4975.485922 -0.020000 -0.050000 0.090000 0.000000 0.000000 -0.000000 0.000000 0.000000 0.000000 0.000000 0.000000
4975.520718 0.030000 0.040000 0.030000 0.000000 0.000000 -0.000000 0.000000 0.000000 0.000000 0.000000 0.000000
4975.548621 0.040000 -0.010000 -0.010000 0.000000 0.000000 -0.000000 0.000000 0.000000 0.000000 0.000000 0.000000
4975.584569 -0.030000 -0.040000 0.030000 0.000000 0.000000 -0.000000 0.000000 0.000000 0.000000 0.000000 0.000000
4975.621945 -0.010000 -0.010000 -0.010000 -0.000000 0.000000 -0.000000 0.000000 0.000000 0.000000 0.000000 0.000000
4975.648469 -0.010000 0.000000 0.020000 0.000000 0.000000 -0.000000 0.000000 0.000000 0.000000 0.000000 0.000000
4975.683082 -0.000000 -0.010000 -0.050000 0.000000 0.000000 -0.000000 0.000000 0.000000 0.000000 0.000000 0.000000
4975.709571 0.040000 0.020000 -0.000000 0.000000 0.000000 -0.000000 0.000000 0.000000 0.000000 0.000000 0.000000
4975.746392 0.010000 0.040000 -0.000000 0.000000 0.000000 -0.000000 0.000000 0.000000 0.000000 0.000000 0.000000
4975.777324 -0.030000 0.020000 0.040000 0.000000 0.000000 -0.000000 0.000000 0.000000 0.000000 0.000000 0.000000
4975.813449 -0.040000 0.050000 0.020000 0.000000 0.000000 -0.000000 0.000000 0.000000 0.000000 0.000000 0.000000
4975.849261 -0.010000 0.030000 -0.050000 -0.000000 -0.000000 -0.000000 0.000000 0.000000 0.000000 0.000000 0.000000
4975.877356 -0.050000 -0.010000 0.140000 0.000000 0.000000 -0.000000 0.000000 0.000000 0.000000 0.000000 0.000000
4975.911365 -0.010000 -0.020000 -0.050000 0.000000 0.000000 -0.000000 0.000000 0.000000 0.000000 0.000000 0.000000
4975.937981 0.010000 -0.010000 0.020000 0.000000 -0.000000 -0.000000 0.000000 0.000000 0.000000 0.000000 0.000000
4975.973038 -0.020000 -0.030000 -0.020000 0.000000 0.000000 -0.000000 0.000000 0.000000 0.000000 0.000000 0.000000
4976.001254 0.030000 -0.010000 0.030000 0.000000 0.000000 -0.000000 0.000000 0.000000 0.000000 0.000000 0.000000
4976.029737 0.030000 0.030000 -0.010000 0.000000 0.000000 -0.000000 0.000000 0.000000 0.000000 0.000000 0.000000
4976.056807 0.020000 0.020000 -0.010000 0.000000 0.000000 -0.000000 0.000000 0.000000 0.000000 0.000000 0.000000
4976.089367 -0.000000 -0.010000 0.030000 0.000000 -0.000000 -0.000000 0.000000 0.000000 0.000000 0.000000 0.000000
4976.126726 0.010000 0.000000 -0.020000 -0.000000 -0.000000 -0.000000 0.000000 0.000000 0.000000 0.000000 0.000000
4976.163649 -0.040000 -0.040000 0.020000 0.000000 -0.000000 -0.000000 0.000000 0.000000 0.000000 0.000000 0.000000
4976.194896 -0.030000 -0.030000 0.010000 -0.000000 0.000000 -0.010000 0.000000 0.000000 0.000000 0.000000 0.000000
4976.231588 -0.010000 -0.030000 -0.040000 0.000000 0.000000 -0.000000 0.000000 0.000000 0.000000 0.000000 0.000000
4976.259935 -0.000000 -0.000000 0.020000 0.000000 0.000000 -0.000000 0.000000 0.000000 0.000000 0.000000 0.000000
4976.295315 -0.000000 -0.010000 -0.040000 0.000000 0.000000 -0.000000 0.000000 0.000000 0.000000 0.000000 0.000000
4976.330667 0.020000 -0.000000 0.050000 0.000000 0.000000 -0.000000 0.000000 0.000000 0.000000 0.000000 0.000000
4976.357072 0.000000 0.020000 -0.040000 0.000000 0.000000 -0.000000 0.000000 0.000000 0.000000 0.000000 0.000000
4976.392400 -0.010000 0.000000 -0.020000 0.000000 0.000000 -0.000000 0.000000 0.000000 0.000000 0.000000 0.000000
4976.420737 -0.010000 0.010000 0.010000 0.000000 0.000000 -0.000000 0.000000 0.000000 0.000000 0.000000 0.000000
4976.449916 0.070000 0.020000 -0.030000 0.000000 0.000000 -0.000000 0.000000 0.000000 0.000000 0.000000 0.000000
4976.478760 -0.030000 0.020000 -0.020000 0.000000 0.000000 -0.000000 0.000000 0.000000 0.000000 0.000000 0.000000
4976.513068 -0.010000 -0.000000 0.010000 0.000000 0.000000 -0.000000 0.000000 0.000000 0.000000 0.000000 0.000000
4976.548645 -0.020000 -0.010000 0.010000 0.000000 0.000000 -0.000000 0.000000 0.000000 0.000000 0.000000 0.000000
4976.587056 -0.020000 -0.020000 0.040000 0.000000 0.000000 -0.010000 0.000000 0.000000 0.000000 0.000000 0.000000
4976.627337 0.010000 0.000000 -0.030000 -0.000000 0.000000 -0.000000 0.000000 0.000000 0.000000 0.000000 0.000000
