244.567781 -0.000000 -0.040000 -8.690000 0.000000 0.000000 -0.000000 0.000000 0.000000 0.000000 0.000000 0.000000
244.609768 -0.010000 -0.060000 -7.670000 -0.000000 -0.000000 -0.000000 0.000000 0.000000 0.000000 0.000000 0.000000
244.649977 -0.040000 -0.090000 -6.790000 0.000000 -0.000000 -0.000000 0.774088 -0.138230 0.000000 0.000000 4.620000
244.679398 0.320000 -0.010000 -5.380000 0.000000 0.010000 -0.040000 2.422796 -0.432642 0.000000 0.000000 14.460000
244.714473 -0.000000 -0.050000 -5.070000 -0.000000 0.000000 -0.020000 4.037994 -0.432642 0.000000 4.820000 19.280000
244.749801 0.840000 2.100000 -4.470000 -0.080000 0.010000 -0.290000 4.641180 -0.552322 0.000000 4.620000 23.080000
244.790266 -0.530000 0.130000 -3.470000 0.030000 -0.020000 0.070000 6.960094 -0.138230 0.000000 18.460000 23.080000
244.821023 0.340000 0.040000 -1.830000 -0.000000 0.030000 -0.010000 9.691185 0.000000 0.000000 28.920000 28.920000
244.852269 -0.350000 0.130000 -0.450000 -0.130000 -0.010000 -0.020000 12.921580 0.000000 0.000000 38.560000 38.560000
244.882549 -0.130000 0.460000 -0.390000 0.040000 0.020000 0.050000 14.692601 0.137931 0.000000 46.150000 41.540000
244.910859 0.380000 -0.690000 -0.610000 0.060000 0.080000 -0.020000 16.155326 0.000000 0.000000 48.210000 48.210000
244.945537 -0.530000 0.040000 0.080000 0.110000 0.000000 0.010000 19.385721 0.000000 0.000000 57.850000 57.850000
244.979977 0.140000 0.240000 -0.710000 0.010000 -0.000000 0.030000 19.385721 0.288428 0.000000 62.670000 53.030000
245.011443 -0.070000 -1.040000 1.500000 -0.070000 0.060000 -0.020000 20.880281 0.138230 0.000000 64.620000 60.000000
245.039592 -0.410000 0.590000 -0.870000 0.010000 0.010000 -0.020000 23.423715 -0.144214 0.000000 67.490000 72.310000
245.076785 0.330000 -0.920000 -0.250000 0.070000 0.020000 -0.030000 21.654370 0.000000 0.000000 64.620000 64.620000
245.110833 -0.500000 -0.060000 0.140000 -0.000000 0.040000 -0.030000 24.231314 0.000000 0.000000 72.310000 72.310000
245.140700 -0.290000 -0.750000 0.550000 -0.220000 -0.020000 0.010000 25.038912 -0.144214 0.000000 72.310000 77.130000
245.168551 0.360000 -0.410000 -0.340000 -0.100000 0.020000 0.010000 25.296942 -0.098137 0.000000 73.850000 77.130000
245.204888 1.010000 -0.410000 -0.050000 0.040000 -0.070000 -0.010000 25.519785 0.137931 0.000000 78.460000 73.850000
245.240293 0.490000 1.010000 -0.090000 0.010000 -0.090000 -0.050000 26.654110 -0.144214 0.000000 77.130000 81.950000
245.270191 -0.560000 -1.550000 0.270000 -0.200000 0.010000 0.010000 26.654110 -0.144214 0.000000 77.130000 81.950000
245.298007 -0.530000 0.510000 0.130000 -0.090000 -0.070000 0.030000 27.066287 0.138230 0.000000 83.080000 78.460000
245.335136 -0.220000 -0.520000 0.350000 -0.030000 -0.010000 0.010000 28.269307 -0.144214 0.000000 81.950000 86.770000
245.373020 -0.390000 0.710000 1.150000 -0.270000 -0.010000 -0.010000 28.269307 0.144214 0.000000 86.770000 81.950000
245.402587 -0.120000 -0.160000 -1.390000 0.070000 -0.030000 0.040000 27.461709 0.000000 0.000000 81.950000 81.950000
245.431697 0.510000 -0.310000 1.070000 0.080000 -0.030000 -0.020000 27.840375 0.000000 0.000000 83.080000 83.080000
245.459759 -0.070000 0.010000 -0.670000 -0.040000 -0.080000 -0.020000 29.076906 0.000000 0.000000 86.770000 86.770000
245.492493 -0.070000 -0.160000 0.140000 0.020000 -0.060000 -0.000000 28.612788 -0.137931 0.000000 83.080000 87.690000
245.522484 -0.070000 0.540000 2.280000 0.070000 -0.130000 -0.010000 28.269307 -0.144214 0.000000 81.950000 86.770000
245.551439 -0.270000 0.040000 -1.080000 0.100000 0.040000 0.070000 29.076906 0.000000 0.000000 86.770000 86.770000
245.580414 0.440000 -0.760000 1.670000 0.040000 -0.050000 -0.010000 28.269307 0.144214 0.000000 86.770000 81.950000
245.610605 -0.210000 -0.350000 0.290000 -0.110000 0.100000 0.030000 28.612788 -0.137931 0.000000 83.080000 87.690000
245.638050 0.850000 1.000000 -0.830000 -0.040000 -0.010000 0.010000 29.076906 0.000000 0.000000 86.770000 86.770000
245.676002 -0.420000 1.380000 -0.640000 -0.190000 0.030000 -0.050000 29.884505 -0.144214 0.000000 86.770000 91.590000
245.712465 -0.250000 -0.010000 0.110000 -0.030000 -0.080000 0.040000 27.840375 0.000000 0.000000 83.080000 83.080000
245.748670 0.790000 0.480000 -0.270000 0.030000 0.150000 0.000000 29.266239 0.254619 0.000000 91.590000 83.080000
245.786519 -0.620000 0.860000 -2.320000 0.040000 -0.040000 -0.040000 30.692104 0.000000 0.000000 91.590000 91.590000
245.818829 0.660000 -0.710000 -2.130000 0.120000 0.120000 0.010000 27.461709 0.000000 0.000000 81.950000 81.950000
245.857627 -0.820000 0.250000 2.520000 -0.120000 -0.050000 0.030000 27.840375 0.000000 0.000000 83.080000 83.080000
245.890769 0.020000 -0.460000 0.090000 -0.040000 -0.020000 -0.000000 29.076906 0.000000 0.000000 86.770000 86.770000
245.922263 -0.510000 -0.270000 1.490000 0.010000 -0.040000 -0.000000 27.840375 0.000000 0.000000 83.080000 83.080000
245.952458 -0.330000 -0.590000 -0.500000 0.080000 0.140000 0.000000 28.269307 0.144214 0.000000 86.770000 81.950000
245.982511 0.350000 -0.740000 -0.300000 -0.090000 0.010000 -0.010000 29.884505 -0.144214 0.000000 86.770000 91.590000
246.010887 -0.350000 -0.030000 1.040000 -0.130000 0.050000 -0.000000 30.692104 0.000000 0.000000 91.590000 91.590000
246.042563 -0.100000 -0.300000 -2.210000 0.240000 -0.020000 0.040000 27.840375 0.000000 0.000000 83.080000 83.080000
246.070729 0.510000 -0.290000 0.090000 0.150000 0.030000 -0.130000 29.076906 0.000000 0.000000 86.770000 86.770000
246.108697 0.230000 0.150000 -2.150000 0.020000 0.060000 0.000000 30.692104 0.000000 0.000000 91.590000 91.590000
246.142840 0.650000 -1.110000 -1.050000 0.040000 0.140000 0.020000 27.840375 0.000000 0.000000 83.080000 83.080000
246.169839 0.120000 0.670000 0.320000 0.030000 -0.110000 0.030000 28.612788 -0.137931 0.000000 83.080000 87.690000
246.203126 0.230000 -0.710000 -0.320000 0.130000 -0.010000 0.000000 29.076906 0.000000 0.000000 86.770000 86.770000
246.238906 -0.100000 0.870000 2.740000 0.090000 -0.070000 0.030000 27.461709 0.000000 0.000000 81.950000 81.950000
246.277567 -0.300000 0.330000 -1.050000 -0.160000 0.020000 -0.010000 28.612788 -0.137931 0.000000 83.080000 87.690000
246.310535 -0.080000 -0.170000 0.050000 -0.020000 -0.040000 -0.050000 29.076906 0.000000 0.000000 86.770000 86.770000
246.345982 0.200000 -0.130000 1.930000 -0.150000 -0.030000 0.020000 29.266239 -0.254619 0.000000 83.080000 91.590000
246.386322 -0.310000 -0.230000 -0.620000 0.010000 -0.060000 0.020000 27.461709 0.000000 0.000000 81.950000 81.950000
246.418711 -0.270000 0.430000 2.360000 -0.270000 0.020000 -0.010000 30.692104 0.000000 0.000000 91.590000 91.590000
246.453162 -0.210000 -0.200000 -1.740000 0.130000 0.020000 0.010000 30.692104 0.000000 0.000000 91.590000 91.590000
246.485475 -0.450000 0.020000 2.270000 0.010000 -0.020000 0.060000 28.612788 -0.137931 0.000000 83.080000 87.690000
246.522492 0.420000 0.250000 -0.110000 -0.080000 -0.040000 -0.070000 29.076906 0.000000 0.000000 86.770000 86.770000
246.551688 0.140000 0.430000 -0.510000 0.030000 -0.110000 -0.020000 29.076906 0.000000 0.000000 86.770000 86.770000
246.580786 0.540000 0.030000 0.490000 0.180000 -0.040000 -0.020000 28.612788 0.137931 0.000000 87.690000 83.080000
246.609835 -0.520000 -0.260000 -0.940000 0.060000 0.030000 0.030000 27.840375 0.000000 0.000000 83.080000 83.080000
246.647290 0.280000 -0.350000 0.410000 0.010000 0.080000 0.040000 29.076906 0.000000 0.000000 86.770000 86.770000
246.682214 0.230000 0.760000 -0.910000 0.050000 -0.030000 0.020000 27.461709 0.000000 0.000000 81.950000 81.950000
246.710821 0.100000 0.250000 0.090000 0.090000 -0.060000 0.010000 27.840375 0.000000 0.000000 83.080000 83.080000
246.741024 -0.210000 1.070000 0.870000 -0.080000 -0.070000 0.030000 29.076906 0.000000 0.000000 86.770000 86.770000
246.768600 -0.600000 -0.090000 -0.810000 0.100000 0.050000 0.010000 29.884505 0.144214 0.000000 91.590000 86.770000
246.805048 0.180000 0.030000 1.130000 -0.080000 0.070000 -0.030000 27.461709 0.000000 0.000000 81.950000 81.950000
246.840981 -0.390000 -0.540000 -2.440000 0.180000 0.110000 -0.090000 29.076906 0.000000 0.000000 86.770000 86.770000
246.870942 0.380000 -0.690000 1.280000 0.080000 -0.040000 0.030000 30.692104 0.000000 0.000000 91.590000 91.590000
246.899910 -1.180000 1.110000 0.560000 -0.100000 -0.030000 0.000000 27.840375 0.000000 0.000000 83.080000 83.080000
246.936806 0.290000 -0.060000 0.310000 -0.040000 0.010000 -0.010000 28.269307 -0.144214 0.000000 81.950000 86.770000
246.970994 0.360000 -0.020000 1.190000 -0.080000 0.050000 -0.010000 29.076906 0.000000 0.000000 86.770000 86.770000
247.009554 0.190000 -0.360000 -1.020000 -0.060000 -0.050000 -0.020000 28.612788 0.137931 0.000000 87.690000 83.080000
247.038816 0.400000 -0.490000 -0.660000 -0.230000 -0.060000 0.040000 27.066287 0.138230 0.000000 83.080000 78.460000
247.074000 0.290000 0.780000 -0.270000 -0.100000 -0.080000 0.060000 29.884505 -0.144214 0.000000 86.770000 91.590000
247.109042 0.640000 -0.140000 -1.230000 0.290000 0.050000 0.030000 27.461709 0.000000 0.000000 81.950000 81.950000
247.137257 -0.010000 -0.070000 2.330000 0.060000 0.040000 -0.040000 27.840375 0.000000 0.000000 83.080000 83.080000
247.172622 -0.130000 0.070000 -1.410000 0.050000 0.060000 0.010000 29.076906 0.000000 0.000000 86.770000 86.770000
247.201887 1.070000 -0.150000 1.360000 -0.010000 0.010000 -0.000000 29.076906 0.000000 0.000000 86.770000 86.770000
247.231995 -0.400000 0.440000 -0.820000 0.100000 -0.020000 0.030000 27.461709 0.000000 0.000000 81.950000 81.950000
247.259345 -0.300000 -0.460000 0.670000 0.130000 0.000000 0.020000 29.076906 0.000000 0.000000 86.770000 86.770000
247.297908 -0.950000 -0.070000 1.100000 -0.020000 0.030000 0.000000 30.692104 0.000000 0.000000 91.590000 91.590000
247.330951 -0.090000 0.200000 -0.220000 -0.140000 0.010000 -0.040000 27.840375 0.000000 0.000000 83.080000 83.080000
247.360659 -0.510000 -0.530000 -0.480000 -0.180000 0.030000 -0.050000 28.269307 -0.144214 0.000000 81.950000 86.770000
247.388721 -0.420000 0.710000 0.800000 -0.130000 -0.100000 -0.010000 29.076906 0.000000 0.000000 86.770000 86.770000
247.425178 -0.490000 -0.490000 -0.440000 0.020000 0.070000 0.060000 28.612788 0.137931 0.000000 87.690000 83.080000
247.460615 0.580000 2.120000 -0.010000 -0.150000 -0.020000 -0.010000 27.840375 0.000000 0.000000 83.080000 83.080000
247.488545 0.170000 -0.400000 -2.990000 0.130000 0.090000 0.030000 29.076906 0.000000 0.000000 86.770000 86.770000
247.522145 0.560000 -0.310000 2.250000 -0.060000 -0.010000 -0.030000 29.076906 0.000000 0.000000 86.770000 86.770000
247.553492 0.190000 -0.610000 0.100000 -0.070000 -0.010000 -0.020000 27.066287 0.138230 0.000000 83.080000 78.460000
247.587805 0.350000 -0.460000 0.850000 -0.030000 -0.050000 0.020000 29.076906 0.000000 0.000000 86.770000 86.770000
247.620951 -0.130000 -0.260000 0.920000 0.090000 -0.100000 0.040000 25.038912 0.432642 0.000000 81.950000 67.490000
247.658725 -0.180000 -0.550000 -0.870000 0.050000 0.040000 0.060000 21.808517 0.721070 0.000000 77.130000 53.030000
247.695586 0.240000 -1.330000 0.020000 0.070000 0.030000 0.330000 19.916860 1.347294 0.000000 81.950000 36.920000
247.729496 -0.050000 -1.290000 -2.830000 0.090000 0.030000 0.430000 17.768848 1.154012 0.000000 72.310000 33.740000
247.757197 0.010000 -0.390000 2.590000 -0.070000 -0.140000 0.760000 13.920188 1.104644 0.000000 60.000000 23.080000
247.792997 -0.450000 -0.080000 -0.960000 -0.040000 -0.080000 1.000000 10.500459 1.298226 0.000000 53.030000 9.640000
247.821722 -0.310000 0.400000 -0.460000 0.010000 0.070000 1.160000 8.885262 1.586654 0.000000 53.030000 0.000000
247.853737 0.230000 0.470000 -0.530000 -0.010000 0.010000 1.310000 6.960094 1.242874 0.000000 41.540000 0.000000
247.891938 -0.100000 0.240000 -0.760000 0.010000 0.010000 1.330000 6.186005 1.381104 0.000000 41.540000 -4.620000
247.919244 0.210000 0.690000 -0.060000 -0.020000 0.010000 1.280000 6.460790 1.442141 0.000000 43.380000 -4.820000
247.955788 -0.440000 0.400000 0.220000 -0.030000 -0.020000 1.430000 4.845593 1.442141 0.000000 38.560000 -9.640000
247.995053 -0.230000 0.500000 -0.180000 -0.010000 0.010000 1.500000 5.413592 1.519035 0.000000 41.540000 -9.230000
248.031657 0.350000 0.640000 -0.130000 0.000000 0.030000 1.530000 4.037994 1.586355 0.000000 38.560000 -14.460000
248.062567 0.410000 0.390000 0.040000 -0.000000 0.020000 1.600000 3.230395 1.730569 0.000000 38.560000 -19.280000
248.091255 0.210000 0.160000 0.460000 0.000000 0.020000 1.700000 3.230395 1.730569 0.000000 38.560000 -19.280000
248.121962 0.440000 0.090000 -0.120000 0.020000 0.020000 1.710000 2.318914 1.795196 0.000000 36.920000 -23.080000
248.149654 0.050000 0.030000 0.020000 0.010000 0.010000 1.790000 3.230395 2.018997 0.000000 43.380000 -24.100000
248.179635 -0.190000 0.320000 0.220000 -0.020000 0.010000 1.880000 1.546501 1.933127 0.000000 36.920000 -27.690000
248.215010 0.020000 -0.100000 0.010000 0.020000 0.010000 1.890000 0.807599 1.874783 0.000000 33.740000 -28.920000
248.252072 -0.320000 0.260000 0.060000 0.010000 -0.000000 1.920000 2.422796 2.163211 0.000000 43.380000 -28.920000
248.279330 0.190000 -0.370000 0.080000 0.020000 0.010000 1.890000 1.546501 1.933127 0.000000 36.920000 -27.690000
248.315496 0.030000 0.350000 -0.380000 -0.020000 0.040000 2.010000 1.546501 2.209587 0.000000 41.540000 -32.310000
248.349504 0.140000 -0.160000 -0.300000 0.030000 0.030000 1.950000 1.615198 2.018997 0.000000 38.560000 -28.920000
248.386651 -0.250000 0.250000 -0.010000 0.010000 0.040000 1.990000 0.807599 2.163211 0.000000 38.560000 -33.740000
248.418818 0.520000 -0.010000 0.150000 0.040000 0.030000 1.910000 1.546501 2.209587 0.000000 41.540000 -32.310000
248.454623 0.120000 -0.180000 0.270000 0.010000 0.020000 2.000000 1.615198 2.018997 0.000000 38.560000 -28.920000
248.490523 -0.670000 -0.190000 0.360000 0.040000 0.040000 1.980000 0.807599 2.163211 0.000000 38.560000 -33.740000
248.519926 0.040000 -0.240000 0.070000 -0.010000 0.020000 1.970000 1.615198 2.018997 0.000000 38.560000 -28.920000
248.556324 -0.130000 0.130000 -0.180000 0.000000 0.020000 2.040000 1.546501 2.209587 0.000000 41.540000 -32.310000
248.591155 -0.050000 -0.560000 0.070000 0.000000 0.020000 2.070000 0.807599 2.163211 0.000000 38.560000 -33.740000
248.628030 -0.050000 -0.150000 -0.110000 0.020000 0.030000 2.070000 0.774088 2.347518 0.000000 41.540000 -36.920000
248.660827 0.200000 0.230000 0.070000 0.020000 0.030000 2.040000 1.615198 2.307425 0.000000 43.380000 -33.740000
248.688845 0.130000 -0.040000 0.040000 0.000000 0.020000 2.060000 1.615198 2.307425 0.000000 43.380000 -33.740000
248.726501 0.140000 0.070000 -0.200000 0.020000 0.030000 2.010000 1.615198 2.307425 0.000000 43.380000 -33.740000
248.758725 0.220000 -0.190000 -0.070000 0.010000 0.050000 1.940000 1.546501 2.209587 0.000000 41.540000 -32.310000
248.794116 0.350000 0.410000 0.560000 0.020000 0.010000 1.940000 2.422796 2.163211 0.000000 43.380000 -28.920000
248.830677 0.230000 -0.200000 -0.110000 0.010000 0.050000 1.910000 0.807599 2.163211 0.000000 38.560000 -33.740000
248.859498 -0.010000 0.160000 0.060000 0.030000 0.050000 1.860000 0.772413 2.071357 0.000000 36.920000 -32.310000
248.896626 0.020000 -0.180000 0.070000 0.010000 0.020000 1.830000 1.854796 2.264640 0.000000 43.380000 -32.310000
248.930791 -0.590000 0.050000 -0.500000 0.010000 0.030000 1.900000 1.615198 2.018997 0.000000 38.560000 -28.920000
248.961326 -0.310000 -0.290000 0.180000 0.010000 0.030000 1.870000 1.615198 2.018997 0.000000 38.560000 -28.920000
248.989978 -0.070000 0.040000 0.090000 0.000000 0.030000 1.830000 2.320590 2.071357 0.000000 41.540000 -27.690000
249.026195 -0.250000 0.190000 -0.030000 0.020000 0.040000 1.850000 0.807599 2.163211 0.000000 38.560000 -33.740000
249.062187 0.230000 -0.170000 -0.070000 0.010000 0.030000 1.870000 1.546501 1.933127 0.000000 36.920000 -27.690000
249.093668 0.620000 -0.030000 0.050000 0.020000 0.040000 1.790000 1.615198 2.018997 0.000000 38.560000 -28.920000
249.126520 0.030000 -0.220000 -0.190000 -0.000000 -0.020000 1.760000 1.615198 2.018997 0.000000 38.560000 -28.920000
249.162410 -0.090000 0.320000 -0.040000 0.010000 0.040000 1.790000 2.422796 2.163211 0.000000 43.380000 -28.920000
249.192237 -0.010000 -0.540000 0.160000 0.010000 0.030000 1.810000 0.774088 1.795196 0.000000 32.310000 -27.690000
249.221850 -0.490000 -0.040000 0.410000 -0.010000 0.020000 1.800000 1.615198 2.018997 0.000000 38.560000 -28.920000
249.249273 0.190000 -0.010000 -0.370000 0.010000 0.070000 1.810000 1.615198 2.018997 0.000000 38.560000 -28.920000
249.284916 -0.130000 0.680000 -0.020000 0.010000 0.020000 1.840000 1.546501 1.933127 0.000000 36.920000 -27.690000
249.321204 0.330000 -0.330000 0.030000 0.010000 0.040000 1.780000 1.546501 1.933127 0.000000 36.920000 -27.690000
249.351523 -0.170000 0.300000 -0.180000 0.010000 0.010000 1.740000 1.615198 2.018997 0.000000 38.560000 -28.920000
249.382452 -0.410000 -0.270000 -0.130000 0.000000 0.020000 1.780000 0.807599 1.874783 0.000000 33.740000 -28.920000
249.412498 -0.160000 -0.230000 0.110000 -0.010000 0.010000 1.880000 0.774088 1.795196 0.000000 32.310000 -27.690000
249.441771 0.160000 0.060000 -0.030000 -0.000000 0.020000 1.850000 1.615198 2.018997 0.000000 38.560000 -28.920000
249.470817 0.290000 0.340000 0.080000 -0.000000 0.020000 1.790000 1.340413 1.969928 0.000000 36.920000 -28.920000
249.499992 0.120000 0.140000 -0.120000 0.020000 0.030000 1.740000 0.807599 1.874783 0.000000 33.740000 -28.920000
249.527137 0.060000 0.010000 0.390000 -0.000000 0.010000 1.750000 1.615198 2.018997 0.000000 38.560000 -28.920000
249.561274 0.040000 -0.330000 -0.110000 0.010000 0.030000 1.740000 1.615198 2.018997 0.000000 38.560000 -28.920000
249.596628 0.070000 -0.290000 0.030000 -0.020000 0.030000 1.700000 2.318914 1.795196 0.000000 36.920000 -23.080000
249.631502 -0.020000 0.260000 -0.030000 0.010000 0.030000 1.680000 2.422796 1.874783 0.000000 38.560000 -24.100000
249.660705 -0.010000 0.160000 -0.180000 0.010000 0.030000 1.740000 1.615198 2.018997 0.000000 38.560000 -28.920000
249.689416 0.360000 0.010000 0.050000 0.000000 0.030000 1.690000 0.774088 1.795196 0.000000 32.310000 -27.690000
249.724563 0.060000 -0.280000 0.150000 0.000000 0.050000 1.680000 2.318914 1.795196 0.000000 36.920000 -23.080000
249.760571 -0.610000 0.150000 0.020000 0.010000 0.010000 1.690000 1.615198 2.018997 0.000000 38.560000 -28.920000
249.788266 -0.540000 -0.040000 -0.080000 0.000000 0.030000 1.760000 0.807599 1.874783 0.000000 33.740000 -28.920000
249.825791 0.470000 -0.150000 0.230000 -0.000000 0.020000 1.730000 1.546501 1.933127 0.000000 36.920000 -27.690000
249.861488 0.290000 0.260000 -0.380000 -0.010000 0.020000 1.700000 1.615198 2.018997 0.000000 38.560000 -28.920000
249.890830 -0.090000 0.220000 0.100000 0.020000 0.030000 1.710000 1.615198 2.018997 0.000000 38.560000 -28.920000
249.919880 -0.330000 -0.210000 0.190000 0.020000 0.030000 1.800000 0.807599 1.874783 0.000000 33.740000 -28.920000
249.955537 -0.010000 -0.300000 0.160000 0.010000 0.020000 1.750000 2.422796 1.874783 0.000000 38.560000 -24.100000
249.990103 -0.400000 0.090000 -0.110000 0.020000 0.060000 1.790000 0.000000 2.018997 0.000000 33.740000 -33.740000
250.017486 0.210000 0.340000 0.310000 0.000000 0.030000 1.790000 1.546501 1.933127 0.000000 36.920000 -27.690000
250.051208 0.250000 0.030000 -0.050000 0.020000 0.040000 1.840000 1.615198 2.018997 0.000000 38.560000 -28.920000
250.078458 0.350000 0.220000 0.120000 0.040000 0.030000 1.790000 1.615198 2.018997 0.000000 38.560000 -28.920000
250.108222 -0.070000 -0.410000 0.530000 0.020000 0.040000 1.820000 1.546501 1.933127 0.000000 36.920000 -27.690000
250.137060 0.160000 0.050000 -0.040000 -0.010000 0.040000 1.810000 0.772413 2.071357 0.000000 36.920000 -32.310000
250.166964 -0.320000 -0.300000 0.190000 -0.010000 0.040000 1.870000 1.615198 2.018997 0.000000 38.560000 -28.920000
250.206848 -0.300000 0.320000 -0.120000 0.020000 0.050000 1.860000 0.807599 1.874783 0.000000 33.740000 -28.920000
250.245219 -0.010000 -0.010000 -0.100000 0.000000 0.020000 1.880000 1.546501 1.933127 0.000000 36.920000 -27.690000
250.279771 0.200000 0.100000 -0.130000 0.020000 0.040000 1.860000 1.615198 2.018997 0.000000 38.560000 -28.920000
250.316805 0.370000 -0.400000 -0.240000 0.010000 0.040000 1.790000 1.615198 2.018997 0.000000 38.560000 -28.920000
250.354238 -0.180000 0.310000 -0.520000 0.020000 0.020000 1.780000 1.615198 2.018997 0.000000 38.560000 -28.920000
250.386708 -0.420000 -0.110000 0.020000 0.020000 0.020000 1.760000 1.615198 2.018997 0.000000 38.560000 -28.920000
250.424664 -0.410000 -0.030000 -0.340000 0.000000 0.040000 1.860000 1.615198 2.018997 0.000000 38.560000 -28.920000
250.461035 -0.020000 0.060000 0.080000 0.010000 0.040000 1.830000 0.774088 1.795196 0.000000 32.310000 -27.690000
250.490843 0.260000 0.070000 0.200000 0.000000 0.020000 1.770000 0.807599 1.874783 0.000000 33.740000 -28.920000
250.519125 0.170000 0.330000 -0.050000 0.010000 0.030000 1.800000 2.422796 2.163211 0.000000 43.380000 -28.920000
250.549101 -0.030000 0.100000 0.030000 0.020000 0.040000 1.850000 1.546501 1.933127 0.000000 36.920000 -27.690000
250.585659 0.130000 -0.190000 -0.080000 0.020000 0.030000 1.840000 1.546501 1.933127 0.000000 36.920000 -27.690000
250.621599 0.210000 -0.150000 -0.150000 0.000000 0.010000 1.830000 1.615198 2.018997 0.000000 38.560000 -28.920000
250.650732 -0.240000 -0.030000 -0.110000 0.020000 0.020000 1.820000 0.807599 2.163211 0.000000 38.560000 -33.740000
250.678296 -0.060000 -0.100000 -0.270000 0.030000 0.030000 1.890000 1.546501 1.933127 0.000000 36.920000 -27.690000
250.712239 0.210000 -0.080000 0.000000 0.020000 0.050000 1.870000 0.807599 2.163211 0.000000 38.560000 -33.740000
250.742346 -0.240000 0.150000 0.320000 0.010000 0.030000 1.900000 0.807599 2.163211 0.000000 38.560000 -33.740000
250.770982 0.580000 0.480000 0.090000 0.010000 0.030000 1.870000 1.615198 2.018997 0.000000 38.560000 -28.920000
250.798782 -0.060000 -0.340000 -0.120000 -0.000000 0.020000 1.860000 1.821286 1.982195 0.000000 38.560000 -27.690000
250.835106 -0.030000 0.260000 -0.050000 0.010000 0.010000 1.870000 0.807599 2.163211 0.000000 38.560000 -33.740000
250.871233 -0.280000 -0.410000 0.170000 0.010000 0.050000 1.860000 0.772413 2.071357 0.000000 36.920000 -32.310000
250.907438 -0.430000 0.360000 -0.410000 0.000000 0.020000 1.980000 0.807599 1.874783 0.000000 33.740000 -28.920000
250.939426 0.160000 -0.100000 0.220000 0.020000 0.030000 1.870000 0.807599 2.163211 0.000000 38.560000 -33.740000
250.973865 -0.340000 0.130000 0.000000 0.000000 0.030000 1.910000 1.546501 2.209587 0.000000 41.540000 -32.310000
251.007567 0.610000 0.350000 -0.020000 0.030000 0.010000 1.860000 0.772413 2.071357 0.000000 36.920000 -32.310000
251.040695 -0.230000 -0.170000 -0.030000 0.020000 0.050000 1.930000 0.807599 2.163211 0.000000 38.560000 -33.740000
251.074958 0.710000 0.010000 0.170000 0.040000 0.040000 1.840000 1.615198 2.018997 0.000000 38.560000 -28.920000
251.107664 0.080000 -0.290000 0.130000 0.010000 0.020000 1.820000 1.546501 2.209587 0.000000 41.540000 -32.310000
251.145100 -0.310000 -0.040000 0.120000 0.010000 0.030000 1.880000 1.615198 2.018997 0.000000 38.560000 -28.920000
251.182736 -0.210000 -0.210000 -0.070000 -0.010000 0.020000 1.950000 1.615198 2.018997 0.000000 38.560000 -28.920000
251.211997 0.050000 0.020000 0.240000 0.010000 0.030000 1.940000 0.807599 2.163211 0.000000 38.560000 -33.740000
251.241977 0.220000 0.130000 -0.370000 0.010000 0.040000 1.900000 0.772413 2.071357 0.000000 36.920000 -32.310000
251.270457 0.110000 -0.020000 -0.040000 -0.010000 0.030000 1.920000 2.422796 2.163211 0.000000 43.380000 -28.920000
251.306455 0.490000 -0.230000 -0.040000 0.010000 0.030000 1.880000 0.772413 2.071357 0.000000 36.920000 -32.310000
251.342022 0.140000 -0.140000 -0.210000 0.010000 0.030000 1.890000 1.615198 2.018997 0.000000 38.560000 -28.920000
251.378947 -0.360000 0.170000 0.000000 0.010000 0.010000 1.910000 1.615198 2.018997 0.000000 38.560000 -28.920000
251.411287 -0.230000 0.150000 -0.120000 0.010000 0.030000 1.950000 0.807599 2.163211 0.000000 38.560000 -33.740000
251.447712 0.030000 -0.350000 0.360000 -0.010000 0.010000 1.940000 1.546501 1.933127 0.000000 36.920000 -27.690000
251.480997 -0.180000 0.090000 0.060000 0.010000 0.030000 1.930000 1.615198 2.307425 0.000000 43.380000 -33.740000
251.517718 0.100000 -0.000000 -0.110000 0.020000 0.020000 1.980000 1.615198 2.018997 0.000000 38.560000 -28.920000
251.554125 -0.020000 0.140000 0.060000 0.010000 0.020000 2.000000 1.546501 2.209587 0.000000 41.540000 -32.310000
251.586854 0.570000 -0.140000 -0.110000 0.020000 0.050000 1.930000 0.807599 2.163211 0.000000 38.560000 -33.740000
251.622034 0.130000 -0.070000 0.010000 0.020000 0.020000 1.900000 1.615198 2.307425 0.000000 43.380000 -33.740000
251.651418 -0.190000 0.190000 0.010000 0.020000 -0.000000 1.950000 0.807599 2.163211 0.000000 38.560000 -33.740000
251.689234 -0.210000 -0.290000 0.240000 -0.010000 0.000000 1.990000 0.772413 2.071357 0.000000 36.920000 -32.310000
251.718903 0.100000 0.140000 -0.170000 -0.010000 0.020000 1.940000 0.807599 2.163211 0.000000 38.560000 -33.740000
251.754517 0.030000 -0.140000 0.260000 0.010000 0.020000 1.930000 0.772413 2.071357 0.000000 36.920000 -32.310000
251.787998 -0.270000 0.430000 -0.260000 0.010000 0.030000 2.020000 1.615198 2.018997 0.000000 38.560000 -28.920000
251.826089 0.220000 -0.190000 0.340000 0.050000 0.040000 1.980000 0.807599 2.163211 0.000000 38.560000 -33.740000
251.861817 0.270000 0.170000 0.200000 0.000000 0.020000 1.980000 0.807599 2.163211 0.000000 38.560000 -33.740000
251.890482 0.250000 0.120000 -0.100000 0.030000 0.040000 1.900000 1.546501 2.209587 0.000000 41.540000 -32.310000
251.926315 -0.190000 -0.350000 -0.130000 -0.020000 0.030000 1.980000 0.807599 2.163211 0.000000 38.560000 -33.740000
251.962178 -0.110000 -0.240000 0.010000 -0.000000 0.030000 1.960000 0.807599 2.163211 0.000000 38.560000 -33.740000
251.990160 -0.020000 -0.050000 -0.060000 -0.010000 0.030000 1.940000 2.320590 2.071357 0.000000 41.540000 -27.690000
252.021616 -0.590000 0.240000 0.010000 0.010000 0.040000 1.950000 1.546501 1.933127 0.000000 36.920000 -27.690000
252.050552 -0.190000 -0.180000 0.200000 0.010000 0.050000 1.980000 0.807599 2.163211 0.000000 38.560000 -33.740000
252.081032 0.430000 0.200000 0.100000 -0.010000 0.030000 1.950000 1.615198 2.018997 0.000000 38.560000 -28.920000
252.113780 -0.060000 -0.210000 -0.170000 0.020000 0.050000 1.970000 1.546501 2.209587 0.000000 41.540000 -32.310000
252.148183 0.480000 0.280000 -0.050000 0.010000 0.020000 2.010000 1.615198 2.018997 0.000000 38.560000 -28.920000
252.184488 0.260000 -0.180000 0.200000 0.010000 0.040000 1.930000 1.546501 2.209587 0.000000 41.540000 -32.310000
252.217590 0.010000 0.090000 -0.030000 -0.000000 0.030000 1.930000 0.807599 2.163211 0.000000 38.560000 -33.740000
252.252807 -0.040000 -0.100000 0.130000 0.020000 0.050000 2.000000 1.615198 2.307425 0.000000 43.380000 -33.740000
252.283019 -0.310000 -0.280000 0.100000 0.020000 0.030000 2.070000 1.615198 2.018997 0.000000 38.560000 -28.920000
252.312878 -0.110000 0.080000 -0.350000 0.020000 0.040000 2.040000 1.546501 2.209587 0.000000 41.540000 -32.310000
252.341933 -0.140000 -0.290000 -0.260000 0.020000 0.040000 2.020000 1.615198 2.307425 0.000000 43.380000 -33.740000
252.369612 -0.160000 0.080000 -0.160000 0.010000 0.030000 2.050000 1.615198 2.307425 0.000000 43.380000 -33.740000
252.407229 -0.080000 -0.450000 -0.210000 0.010000 0.030000 2.030000 1.546501 2.209587 0.000000 41.540000 -32.310000
252.443481 -0.160000 0.100000 0.020000 -0.010000 0.040000 1.940000 0.772413 2.071357 0.000000 36.920000 -32.310000
252.475574 0.100000 0.160000 -0.040000 -0.010000 0.030000 1.900000 1.615198 2.307425 0.000000 43.380000 -33.740000
252.512212 0.020000 -0.080000 0.180000 0.000000 0.050000 1.920000 1.615198 2.018997 0.000000 38.560000 -28.920000
252.539262 0.110000 0.290000 0.130000 0.000000 0.020000 1.960000 1.546501 1.933127 0.000000 36.920000 -27.690000
252.576527 -0.250000 0.260000 -0.100000 0.030000 0.050000 1.900000 1.615198 2.307425 0.000000 43.380000 -33.740000
252.609893 -0.080000 0.320000 -0.150000 -0.000000 0.040000 1.960000 1.615198 2.018997 0.000000 38.560000 -28.920000
252.640730 0.170000 -0.170000 0.220000 0.020000 0.020000 1.890000 0.807599 2.163211 0.000000 38.560000 -33.740000
252.667988 0.190000 -0.090000 -0.190000 0.020000 0.020000 1.860000 2.422796 2.163211 0.000000 43.380000 -28.920000
252.704462 0.040000 0.150000 0.370000 0.020000 0.010000 1.860000 1.615198 2.018997 0.000000 38.560000 -28.920000
252.738644 -0.220000 -0.180000 0.340000 -0.020000 0.010000 1.910000 2.320590 2.071357 0.000000 41.540000 -27.690000
252.773511 -0.150000 0.040000 0.030000 0.010000 0.030000 1.830000 1.615198 2.018997 0.000000 38.560000 -28.920000
252.806486 -0.170000 -0.210000 -0.080000 -0.010000 0.010000 1.860000 1.615198 2.307425 0.000000 43.380000 -33.740000
252.838224 -0.340000 0.120000 -0.160000 0.010000 0.040000 1.890000 1.546501 1.933127 0.000000 36.920000 -27.690000
252.869938 0.080000 -0.340000 -0.390000 0.010000 0.040000 1.880000 0.772413 2.071357 0.000000 36.920000 -32.310000
252.897731 0.150000 0.540000 -0.010000 0.000000 0.000000 1.850000 2.422796 2.163211 0.000000 43.380000 -28.920000
252.934626 0.220000 0.120000 -0.060000 0.020000 0.040000 1.810000 1.615198 2.018997 0.000000 38.560000 -28.920000
252.969260 0.120000 0.230000 -0.060000 0.020000 0.020000 1.860000 2.320590 2.071357 0.000000 41.540000 -27.690000
253.005751 0.250000 -0.180000 0.150000 0.020000 0.010000 1.810000 0.807599 2.163211 0.000000 38.560000 -33.740000
253.042632 -0.130000 -0.410000 -0.110000 0.000000 0.020000 1.820000 2.422796 2.163211 0.000000 43.380000 -28.920000
253.070278 -0.180000 0.090000 -0.090000 0.010000 0.020000 1.850000 1.615198 2.018997 0.000000 38.560000 -28.920000
253.099849 -0.230000 -0.200000 0.320000 -0.000000 0.020000 1.900000 1.615198 2.018997 0.000000 38.560000 -28.920000
253.129643 -0.120000 0.100000 -0.120000 0.010000 0.020000 1.880000 1.615198 2.018997 0.000000 38.560000 -28.920000
253.163115 0.190000 0.110000 0.070000 -0.000000 0.020000 1.860000 2.320590 2.071357 0.000000 41.540000 -27.690000
253.192562 0.260000 0.150000 0.060000 -0.010000 0.010000 1.900000 2.422796 1.874783 0.000000 38.560000 -24.100000
253.222332 0.060000 0.020000 -0.060000 0.010000 0.010000 1.820000 1.615198 2.018997 0.000000 38.560000 -28.920000
253.252002 -0.090000 -0.040000 0.240000 0.000000 0.000000 1.750000 1.546501 1.933127 0.000000 36.920000 -27.690000
253.281650 -0.290000 -0.070000 -0.100000 0.020000 0.030000 1.730000 1.546501 1.933127 0.000000 36.920000 -27.690000
253.311733 -0.050000 -0.040000 -0.120000 0.010000 0.010000 1.820000 1.615198 2.018997 0.000000 38.560000 -28.920000
253.341889 0.110000 -0.090000 -0.130000 0.020000 0.020000 1.800000 1.615198 2.018997 0.000000 38.560000 -28.920000
253.371258 -0.240000 0.230000 -0.350000 -0.000000 0.020000 1.810000 1.546501 1.933127 0.000000 36.920000 -27.690000
253.400956 0.490000 -0.080000 0.330000 0.020000 0.020000 1.700000 1.615198 2.018997 0.000000 38.560000 -28.920000
253.434018 -0.370000 0.210000 -0.230000 0.010000 0.000000 1.750000 2.422796 1.874783 0.000000 38.560000 -24.100000
253.466928 0.060000 -0.370000 -0.130000 0.020000 0.010000 1.720000 0.807599 1.874783 0.000000 33.740000 -28.920000
253.501757 -0.380000 -0.070000 -0.050000 0.020000 0.040000 1.760000 1.821286 1.982195 0.000000 38.560000 -27.690000
253.540298 0.400000 0.180000 0.290000 0.000000 0.000000 1.770000 2.422796 1.874783 0.000000 38.560000 -24.100000
253.569172 0.240000 0.130000 -0.230000 0.010000 0.040000 1.790000 1.546501 1.933127 0.000000 36.920000 -27.690000
253.605256 0.210000 -0.000000 0.110000 0.020000 0.030000 1.730000 0.807599 1.874783 0.000000 33.740000 -28.920000
253.638886 0.090000 -0.110000 -0.020000 0.020000 0.010000 1.740000 1.615198 2.018997 0.000000 38.560000 -28.920000
253.671565 0.210000 -0.120000 0.120000 0.000000 0.000000 1.730000 2.318914 1.795196 0.000000 36.920000 -23.080000
253.700499 -0.540000 -0.130000 0.060000 0.010000 0.030000 1.840000 1.546501 1.933127 0.000000 36.920000 -27.690000
253.738911 -0.150000 0.010000 -0.200000 0.020000 0.050000 1.830000 0.807599 1.874783 0.000000 33.740000 -28.920000
253.775064 0.150000 0.170000 -0.030000 0.010000 0.040000 1.820000 1.615198 2.018997 0.000000 38.560000 -28.920000
253.811257 0.530000 0.260000 0.360000 0.020000 0.020000 1.780000 1.546501 1.933127 0.000000 36.920000 -27.690000
253.840684 -0.060000 -0.240000 -0.020000 0.030000 0.030000 1.820000 1.615198 2.018997 0.000000 38.560000 -28.920000
253.870180 -0.200000 -0.100000 -0.200000 0.030000 0.040000 1.850000 1.615198 2.018997 0.000000 38.560000 -28.920000
253.898959 -0.140000 0.030000 0.110000 0.000000 0.020000 1.850000 1.615198 2.018997 0.000000 38.560000 -28.920000
253.935058 -0.120000 -0.000000 0.120000 0.000000 0.050000 1.890000 1.546501 2.209587 0.000000 41.540000 -32.310000
253.968891 0.060000 -0.080000 -0.260000 0.010000 0.030000 1.930000 1.615198 2.018997 0.000000 38.560000 -28.920000
254.004164 0.070000 0.410000 0.420000 0.020000 0.040000 1.920000 0.772413 2.071357 0.000000 36.920000 -32.310000
254.038338 0.320000 0.090000 0.140000 0.030000 0.040000 1.870000 1.615198 2.018997 0.000000 38.560000 -28.920000
254.074853 -0.060000 0.310000 -0.020000 0.020000 0.020000 1.890000 1.615198 2.018997 0.000000 38.560000 -28.920000
254.109828 -0.050000 -0.280000 -0.220000 0.020000 0.030000 1.840000 0.532814 2.114142 0.000000 36.920000 -33.740000
254.154882 0.000000 -0.270000 0.000000 -0.010000 0.040000 1.820000 1.546501 1.933127 0.000000 36.920000 -27.690000
254.211513 -0.060000 -0.030000 0.070000 -0.000000 0.020000 1.830000 1.615198 2.307425 0.000000 43.380000 -33.740000
254.263825 -0.360000 0.200000 -0.420000 0.020000 0.050000 1.880000 1.615198 2.018997 0.000000 38.560000 -28.920000
254.318855 0.000000 0.060000 0.210000 0.010000 0.040000 1.840000 1.546501 1.933127 0.000000 36.920000 -27.690000
254.352992 0.120000 -0.110000 -0.170000 0.020000 0.040000 1.820000 0.807599 2.163211 0.000000 38.560000 -33.740000
254.383979 0.240000 0.100000 -0.140000 0.020000 0.040000 1.740000 2.422796 2.163211 0.000000 43.380000 -28.920000
254.420944 0.360000 -0.390000 -0.020000 0.030000 0.040000 1.810000 0.807599 1.874783 0.000000 33.740000 -28.920000
254.450528 -0.030000 0.250000 0.290000 0.000000 0.030000 1.780000 1.546501 1.933127 0.000000 36.920000 -27.690000
254.479061 -0.260000 0.030000 0.440000 0.030000 0.090000 1.810000 0.807599 2.163211 0.000000 38.560000 -33.740000
254.515853 0.180000 0.250000 0.280000 0.000000 0.040000 1.860000 2.320590 2.071357 0.000000 41.540000 -27.690000
254.552350 0.330000 -0.160000 0.410000 0.000000 0.050000 1.870000 0.807599 2.163211 0.000000 38.560000 -33.740000
254.581707 0.110000 0.000000 0.180000 -0.000000 0.050000 1.820000 1.615198 2.018997 0.000000 38.560000 -28.920000
254.611468 0.180000 0.100000 -0.380000 0.000000 0.030000 1.830000 1.615198 2.018997 0.000000 38.560000 -28.920000
254.639210 -0.020000 0.180000 -0.050000 -0.000000 0.020000 1.860000 1.546501 2.209587 0.000000 41.540000 -32.310000
254.674092 -0.620000 -0.140000 0.040000 0.000000 0.020000 1.860000 1.615198 2.018997 0.000000 38.560000 -28.920000
254.712159 -0.290000 0.080000 -0.080000 -0.010000 0.010000 1.870000 1.615198 2.018997 0.000000 38.560000 -28.920000
254.741323 -0.210000 -0.300000 -0.270000 0.000000 0.040000 1.920000 0.772413 2.071357 0.000000 36.920000 -32.310000
254.771234 -0.160000 0.190000 -0.290000 0.010000 0.040000 1.980000 0.772413 2.071357 0.000000 36.920000 -32.310000
254.807598 0.320000 -0.010000 -0.220000 0.020000 0.040000 1.900000 1.615198 2.018997 0.000000 38.560000 -28.920000
254.842488 0.140000 0.130000 0.120000 0.010000 0.010000 1.860000 0.807599 2.163211 0.000000 38.560000 -33.740000
254.871501 0.220000 0.130000 0.130000 -0.000000 0.030000 1.900000 1.546501 1.933127 0.000000 36.920000 -27.690000
254.898898 -0.060000 -0.080000 0.170000 0.010000 0.040000 1.930000 0.807599 2.163211 0.000000 38.560000 -33.740000
254.932451 0.150000 -0.080000 -0.090000 0.000000 0.030000 1.860000 2.320590 2.071357 0.000000 41.540000 -27.690000
254.960590 -0.340000 -0.260000 -0.040000 -0.000000 0.050000 1.880000 1.615198 2.018997 0.000000 38.560000 -28.920000
254.996155 -0.070000 0.010000 0.060000 0.010000 0.020000 1.950000 1.615198 2.307425 0.000000 43.380000 -33.740000
255.034325 0.140000 -0.670000 -0.270000 -0.010000 0.020000 1.960000 0.807599 2.163211 0.000000 38.560000 -33.740000
255.067044 -0.390000 0.310000 0.170000 -0.000000 0.020000 1.950000 2.320590 2.071357 0.000000 41.540000 -27.690000
255.103782 0.080000 0.270000 0.070000 0.000000 0.020000 1.940000 0.807599 2.163211 0.000000 38.560000 -33.740000
255.140772 0.120000 0.270000 0.010000 -0.010000 0.020000 1.990000 1.615198 2.307425 0.000000 43.380000 -33.740000
255.168775 0.240000 -0.020000 0.000000 0.010000 0.010000 1.930000 0.772413 2.071357 0.000000 36.920000 -32.310000
255.204023 -0.310000 0.100000 0.220000 0.010000 0.020000 1.980000 2.320590 2.071357 0.000000 41.540000 -27.690000
255.235834 0.440000 0.310000 0.070000 0.020000 0.040000 1.950000 0.807599 2.163211 0.000000 38.560000 -33.740000
255.272466 -0.140000 -0.190000 -0.070000 0.010000 0.020000 1.940000 0.807599 2.163211 0.000000 38.560000 -33.740000
255.302764 0.000000 0.190000 -0.190000 0.020000 0.020000 1.940000 0.772413 2.071357 0.000000 36.920000 -32.310000
255.332213 -0.180000 -0.330000 0.170000 0.000000 0.010000 1.960000 0.807599 2.163211 0.000000 38.560000 -33.740000
255.359932 -0.230000 0.020000 0.090000 -0.030000 -0.020000 2.020000 0.807599 2.163211 0.000000 38.560000 -33.740000
255.393640 -0.070000 -0.170000 -0.480000 0.010000 0.030000 1.970000 1.615198 2.018997 0.000000 38.560000 -28.920000
255.427954 -0.080000 0.220000 0.330000 0.000000 0.000000 1.930000 0.807599 2.163211 0.000000 38.560000 -33.740000
255.464538 0.480000 0.070000 -0.130000 0.010000 0.020000 1.930000 0.807599 2.163211 0.000000 38.560000 -33.740000
255.498667 -0.340000 0.200000 0.140000 0.050000 0.040000 2.000000 1.546501 2.209587 0.000000 41.540000 -32.310000
255.533892 0.310000 -0.200000 -0.200000 0.020000 0.010000 1.960000 0.807599 2.163211 0.000000 38.560000 -33.740000
255.571270 -0.070000 0.030000 0.080000 0.020000 0.030000 1.960000 1.615198 2.307425 0.000000 43.380000 -33.740000
255.598706 0.120000 -0.200000 -0.160000 0.020000 0.030000 1.980000 0.772413 2.071357 0.000000 36.920000 -32.310000
255.637563 -0.460000 -0.450000 -0.280000 -0.000000 0.040000 2.040000 1.546501 1.933127 0.000000 36.920000 -27.690000
255.670817 -0.320000 0.010000 0.100000 -0.010000 0.030000 2.040000 0.807599 2.163211 0.000000 38.560000 -33.740000
255.706035 0.200000 -0.010000 0.140000 0.000000 0.030000 2.010000 1.615198 2.307425 0.000000 43.380000 -33.740000
255.741681 0.120000 0.260000 0.020000 0.010000 0.020000 2.040000 2.320590 2.071357 0.000000 41.540000 -27.690000
255.770800 0.300000 -0.300000 -0.070000 0.030000 0.020000 2.020000 0.807599 2.163211 0.000000 38.560000 -33.740000
255.799592 0.090000 0.270000 0.070000 0.020000 0.040000 2.040000 1.615198 2.307425 0.000000 43.380000 -33.740000
255.828342 0.560000 0.160000 0.260000 0.010000 0.030000 2.000000 1.615198 2.018997 0.000000 38.560000 -28.920000
255.864973 0.070000 -0.230000 -0.090000 0.020000 0.030000 2.020000 1.615198 2.307425 0.000000 43.380000 -33.740000
255.897943 0.310000 -0.010000 0.230000 0.030000 0.020000 1.970000 1.615198 2.307425 0.000000 43.380000 -33.740000
255.934873 0.170000 -0.300000 -0.150000 0.030000 0.020000 1.970000 1.546501 2.209587 0.000000 41.540000 -32.310000
255.971278 -0.160000 0.120000 -0.060000 0.020000 0.020000 2.040000 1.615198 2.018997 0.000000 38.560000 -28.920000
256.000551 -0.140000 -0.370000 0.070000 0.000000 0.020000 1.990000 1.615198 2.307425 0.000000 43.380000 -33.740000
256.028263 -0.300000 -0.290000 0.190000 0.010000 0.030000 2.020000 1.546501 2.209587 0.000000 41.540000 -32.310000
256.063621 -0.040000 0.220000 -0.010000 0.010000 0.050000 2.010000 1.546501 2.209587 0.000000 41.540000 -32.310000
256.101527 -0.260000 -0.470000 0.240000 0.020000 0.040000 2.090000 0.807599 2.163211 0.000000 38.560000 -33.740000
256.135258 -0.130000 0.530000 -0.080000 0.010000 0.030000 1.980000 1.615198 2.307425 0.000000 43.380000 -33.740000
256.170748 0.140000 -0.210000 0.030000 0.010000 0.020000 1.940000 1.546501 2.209587 0.000000 41.540000 -32.310000
256.200757 -0.280000 0.260000 -0.360000 -0.000000 0.040000 1.960000 1.615198 2.018997 0.000000 38.560000 -28.920000
256.229718 0.030000 -0.150000 -0.260000 0.010000 0.040000 1.970000 0.807599 2.163211 0.000000 38.560000 -33.740000
256.264690 0.170000 0.390000 0.030000 0.020000 0.040000 1.950000 2.422796 2.163211 0.000000 43.380000 -28.920000
256.300292 0.140000 0.110000 0.160000 0.020000 0.030000 1.920000 1.615198 2.018997 0.000000 38.560000 -28.920000
256.329905 0.180000 -0.010000 -0.060000 0.020000 0.050000 1.960000 0.807599 2.163211 0.000000 38.560000 -33.740000
256.368343 -0.180000 -0.310000 -0.060000 0.020000 0.020000 1.960000 2.320590 2.071357 0.000000 41.540000 -27.690000
256.406349 -0.220000 0.100000 -0.170000 0.020000 0.020000 1.980000 1.615198 2.018997 0.000000 38.560000 -28.920000
256.439331 0.060000 -0.100000 -0.050000 0.010000 0.020000 1.970000 1.615198 2.307425 0.000000 43.380000 -33.740000
256.476952 -0.130000 -0.400000 -0.250000 0.010000 0.030000 1.940000 0.772413 2.071357 0.000000 36.920000 -32.310000
256.512447 -0.400000 0.000000 0.040000 -0.000000 0.010000 1.900000 1.546501 2.209587 0.000000 41.540000 -32.310000
256.539677 0.090000 -0.130000 0.210000 0.000000 0.030000 1.920000 0.807599 2.163211 0.000000 38.560000 -33.740000
256.574478 -0.280000 0.390000 0.300000 -0.000000 0.030000 1.970000 1.615198 2.018997 0.000000 38.560000 -28.920000
256.609605 0.140000 0.180000 0.080000 0.030000 0.060000 1.860000 1.546501 1.933127 0.000000 36.920000 -27.690000
256.643898 0.100000 0.070000 0.420000 0.010000 0.030000 1.870000 1.615198 2.307425 0.000000 43.380000 -33.740000
256.677655 0.370000 0.340000 0.070000 0.010000 0.050000 1.850000 2.422796 2.163211 0.000000 43.380000 -28.920000
256.714867 0.070000 -0.160000 -0.030000 0.010000 0.020000 1.820000 0.807599 1.874783 0.000000 33.740000 -28.920000
256.750524 0.090000 0.330000 -0.200000 0.010000 0.010000 1.770000 1.546501 1.933127 0.000000 36.920000 -27.690000
256.780314 -0.080000 -0.300000 -0.330000 0.010000 0.030000 1.770000 2.422796 2.163211 0.000000 43.380000 -28.920000
256.807828 -0.270000 0.070000 -0.480000 0.010000 0.030000 1.850000 1.546501 1.933127 0.000000 36.920000 -27.690000
256.843549 0.070000 -0.310000 0.020000 0.010000 0.030000 1.830000 1.615198 2.018997 0.000000 38.560000 -28.920000
256.877338 -0.160000 -0.130000 -0.080000 -0.030000 0.020000 1.880000 1.615198 2.018997 0.000000 38.560000 -28.920000
256.909531 -0.040000 0.380000 0.090000 0.020000 0.030000 1.810000 1.340413 1.969928 0.000000 36.920000 -28.920000
256.946154 -0.300000 -0.220000 0.060000 0.000000 0.030000 1.870000 1.546501 1.933127 0.000000 36.920000 -27.690000
256.979569 0.090000 0.140000 0.090000 0.020000 0.010000 1.770000 1.615198 2.018997 0.000000 38.560000 -28.920000
257.015096 0.150000 -0.220000 -0.080000 0.000000 0.020000 1.730000 1.615198 2.018997 0.000000 38.560000 -28.920000
257.051829 -0.020000 0.000000 0.110000 -0.010000 0.030000 1.780000 1.546501 1.933127 0.000000 36.920000 -27.690000
257.081335 -0.250000 -0.070000 0.480000 0.000000 0.040000 1.820000 1.615198 2.018997 0.000000 38.560000 -28.920000
257.110133 0.110000 0.240000 -0.090000 0.000000 0.050000 1.840000 1.615198 2.018997 0.000000 38.560000 -28.920000
257.140628 0.510000 0.160000 -0.240000 -0.000000 -0.010000 1.790000 1.615198 2.018997 0.000000 38.560000 -28.920000
257.169467 -0.140000 0.090000 -0.130000 0.000000 0.010000 1.780000 1.546501 1.933127 0.000000 36.920000 -27.690000
257.209959 -0.010000 -0.060000 0.490000 -0.000000 0.000000 1.780000 1.615198 2.018997 0.000000 38.560000 -28.920000
257.239196 -0.240000 0.130000 -0.110000 0.000000 0.010000 1.760000 0.774088 1.795196 0.000000 32.310000 -27.690000
257.276944 -0.590000 0.080000 -0.140000 -0.010000 0.030000 1.800000 2.422796 1.874783 0.000000 38.560000 -24.100000
257.313665 -0.100000 -0.030000 0.040000 0.010000 0.040000 1.810000 1.615198 2.018997 0.000000 38.560000 -28.920000
257.349958 0.120000 -0.200000 -0.010000 -0.010000 0.020000 1.780000 1.615198 2.018997 0.000000 38.560000 -28.920000
257.380643 0.060000 0.240000 0.110000 0.010000 0.030000 1.740000 1.546501 1.933127 0.000000 36.920000 -27.690000
257.409263 -0.000000 0.020000 -0.090000 0.020000 0.040000 1.770000 1.615198 2.018997 0.000000 38.560000 -28.920000
257.439630 0.100000 0.120000 -0.040000 0.020000 0.010000 1.800000 1.615198 2.018997 0.000000 38.560000 -28.920000
257.472776 0.310000 -0.440000 -0.170000 0.010000 0.030000 1.750000 1.546501 1.933127 0.000000 36.920000 -27.690000
257.504288 -0.490000 0.030000 -0.310000 -0.010000 -0.000000 1.790000 1.821286 1.982195 0.000000 38.560000 -27.690000
257.539145 -0.180000 -0.020000 -0.210000 0.020000 0.040000 1.710000 1.615198 2.018997 0.000000 38.560000 -28.920000
257.568055 0.440000 0.280000 0.200000 0.000000 0.030000 1.650000 1.615198 1.730569 0.000000 33.740000 -24.100000
257.604978 0.380000 -0.090000 -0.180000 0.020000 0.030000 1.490000 0.772413 1.519035 0.000000 27.690000 -23.080000
257.641727 -0.180000 0.020000 0.270000 0.000000 0.010000 1.320000 1.615198 1.442141 0.000000 28.920000 -19.280000
257.671460 -0.570000 0.130000 -0.020000 0.010000 0.000000 1.020000 0.772413 1.519035 0.000000 27.690000 -23.080000
257.698466 0.140000 -0.050000 0.090000 -0.000000 0.000000 0.450000 0.807599 0.432642 0.000000 9.640000 -4.820000
257.736701 0.250000 -0.250000 -0.010000 -0.000000 0.010000 -0.080000 0.000000 0.288428 0.000000 4.820000 -4.820000
257.771804 -0.130000 0.210000 0.240000 0.000000 -0.010000 0.010000 0.000000 0.000000 0.000000 0.000000 0.000000
257.808213 -0.050000 -0.120000 0.040000 -0.000000 0.000000 0.020000 0.000000 0.000000 0.000000 0.000000 0.000000
257.840087 0.360000 0.140000 0.000000 0.000000 0.000000 0.000000 -0.807599 0.144214 0.000000 0.000000 -4.820000
257.869578 0.170000 -0.000000 -0.020000 0.000000 -0.010000 -0.000000 -0.807599 -0.144214 0.000000 -4.820000 0.000000
257.898671 -0.020000 -0.010000 0.030000 -0.000000 -0.000000 -0.010000 0.000000 0.000000 0.000000 0.000000 0.000000
257.934097 0.010000 -0.020000 0.000000 -0.000000 0.000000 -0.000000 0.000000 0.000000 0.000000 0.000000 0.000000
257.965259 0.110000 0.050000 0.010000 -0.000000 0.000000 0.000000 0.000000 0.000000 0.000000 0.000000 0.000000
258.000290 0.080000 0.040000 0.040000 -0.000000 -0.000000 -0.000000 0.000000 0.000000 0.000000 0.000000 0.000000
258.036672 -0.010000 -0.010000 0.020000 -0.000000 -0.000000 -0.000000 0.000000 0.000000 0.000000 0.000000 0.000000
258.072758 -0.050000 -0.040000 -0.010000 -0.000000 -0.000000 0.000000 0.000000 0.000000 0.000000 0.000000 0.000000
258.101632 -0.050000 -0.000000 -0.020000 -0.000000 0.000000 -0.000000 0.000000 0.000000 0.000000 0.000000 0.000000
258.128492 -0.050000 0.020000 0.020000 -0.000000 0.000000 -0.000000 0.000000 0.000000 0.000000 0.000000 0.000000
258.165208 0.000000 -0.050000 0.030000 0.000000 0.000000 -0.000000 0.000000 0.000000 0.000000 0.000000 0.000000
258.202540 0.050000 -0.000000 -0.080000 -0.000000 -0.000000 0.000000 0.000000 0.000000 0.000000 0.000000 0.000000
258.231754 0.020000 0.010000 -0.050000 -0.000000 -0.000000 -0.000000 0.000000 0.000000 0.000000 0.000000 0.000000
258.260970 -0.030000 0.030000 -0.020000 0.000000 -0.000000 -0.000000 0.000000 0.000000 0.000000 0.000000 0.000000
258.288108 -0.020000 -0.000000 0.060000 -0.000000 0.000000 0.000000 0.000000 0.000000 0.000000 0.000000 0.000000
258.324878 -0.060000 0.010000 -0.010000 -0.000000 0.000000 -0.000000 0.000000 0.000000 0.000000 0.000000 0.000000
258.357764 -0.050000 0.020000 -0.000000 -0.000000 -0.000000 -0.000000 0.000000 0.000000 0.000000 0.000000 0.000000
258.390746 -0.010000 0.000000 -0.010000 -0.000000 -0.000000 0.000000 0.000000 0.000000 0.000000 0.000000 0.000000
258.426676 0.020000 0.000000 0.020000 0.000000 0.000000 -0.000000 0.000000 0.000000 0.000000 0.000000 0.000000
258.465107 -0.060000 -0.010000 0.060000 0.000000 0.000000 -0.000000 0.000000 0.000000 0.000000 0.000000 0.000000
258.502752 -0.060000 -0.000000 -0.030000 0.000000 0.000000 0.000000 0.000000 0.000000 0.000000 0.000000 0.000000
258.530977 0.050000 0.040000 0.020000 0.000000 0.000000 -0.000000 0.000000 0.000000 0.000000 0.000000 0.000000
258.561726 -0.010000 0.000000 0.010000 0.000000 0.000000 -0.000000 0.000000 0.000000 0.000000 0.000000 0.000000
258.590288 -0.030000 -0.040000 -0.010000 -0.000000 0.000000 -0.000000 0.000000 0.000000 0.000000 0.000000 0.000000
258.618828 -0.010000 -0.000000 0.050000 0.000000 0.000000 -0.000000 0.000000 0.000000 0.000000 0.000000 0.000000
258.655635 0.030000 -0.010000 0.020000 -0.000000 0.000000 -0.000000 0.000000 0.000000 0.000000 0.000000 0.000000
258.691362 -0.020000 -0.000000 -0.020000 0.000000 0.000000 0.000000 0.000000 0.000000 0.000000 0.000000 0.000000
258.718625 -0.020000 -0.010000 -0.000000 -0.000000 0.000000 -0.000000 0.000000 0.000000 0.000000 0.000000 0.000000
258.754925 -0.020000 -0.010000 -0.030000 0.000000 0.000000 0.000000 0.000000 0.000000 0.000000 0.000000 0.000000
258.786646 -0.030000 -0.010000 0.000000 -0.000000 0.000000 0.000000 0.000000 0.000000 0.000000 0.000000 0.000000
258.818877 -0.030000 0.010000 0.040000 -0.000000 -0.000000 -0.000000 0.000000 0.000000 0.000000 0.000000 0.000000
258.850703 0.010000 -0.010000 -0.020000 -0.000000 -0.000000 -0.000000 0.000000 0.000000 0.000000 0.000000 0.000000
258.880975 0.000000 -0.010000 0.040000 -0.000000 0.000000 0.000000 0.000000 0.000000 0.000000 0.000000 0.000000
258.909720 -0.030000 0.030000 -0.060000 0.000000 -0.000000 -0.000000 0.000000 0.000000 0.000000 0.000000 0.000000
258.945249 0.040000 -0.060000 0.010000 0.000000 0.000000 -0.000000 0.000000 0.000000 0.000000 0.000000 0.000000
258.981880 -0.040000 0.050000 0.010000 -0.000000 0.000000 -0.000000 0.000000 0.000000 0.000000 0.000000 0.000000
259.008746 -0.010000 -0.020000 -0.050000 0.000000 0.000000 0.000000 0.000000 0.000000 0.000000 0.000000 0.000000
259.043955 0.020000 0.020000 -0.010000 -0.000000 -0.000000 -0.000000 0.000000 0.000000 0.000000 0.000000 0.000000
259.075633 0.010000 0.030000 -0.050000 -0.000000 0.000000 -0.000000 0.000000 0.000000 0.000000 0.000000 0.000000
259.111955 -0.040000 0.010000 0.010000 0.000000 0.000000 -0.000000 0.000000 0.000000 0.000000 0.000000 0.000000
259.140213 -0.010000 0.020000 0.010000 0.000000 0.000000 0.000000 0.000000 0.000000 0.000000 0.000000 0.000000
259.169037 -0.030000 -0.000000 0.050000 -0.000000 -0.000000 -0.000000 0.000000 0.000000 0.000000 0.000000 0.000000
259.204612 -0.000000 0.010000 0.050000 -0.000000 0.000000 -0.000000 0.000000 0.000000 0.000000 0.000000 0.000000
259.239110 -0.030000 0.030000 -0.020000 0.000000 0.000000 0.000000 0.000000 0.000000 0.000000 0.000000 0.000000
259.266536 0.030000 -0.000000 -0.070000 -0.000000 0.000000 -0.000000 0.000000 0.000000 0.000000 0.000000 0.000000
259.302556 0.050000 0.020000 0.010000 -0.000000 0.000000 0.000000 0.000000 0.000000 0.000000 0.000000 0.000000
259.330208 0.010000 0.020000 -0.040000 -0.000000 0.000000 -0.000000 0.000000 0.000000 0.000000 0.000000 0.000000
259.360431 -0.010000 -0.070000 -0.000000 0.000000 -0.000000 0.000000 0.000000 0.000000 0.000000 0.000000 0.000000
259.387632 -0.030000 0.050000 -0.030000 0.000000 -0.000000 -0.000000 0.000000 0.000000 0.000000 0.000000 0.000000
259.421554 -0.000000 0.010000 -0.030000 0.000000 0.000000 0.000000 0.000000 0.000000 0.000000 0.000000 0.000000
259.450225 -0.070000 -0.060000 0.020000 0.000000 0.000000 0.000000 0.000000 0.000000 0.000000 0.000000 0.000000
259.478809 -0.020000 -0.040000 0.050000 0.000000 0.000000 0.000000 0.000000 0.000000 0.000000 0.000000 0.000000
259.515831 -0.010000 0.040000 0.050000 0.000000 -0.000000 -0.000000 0.000000 0.000000 0.000000 0.000000 0.000000
259.551077 0.010000 0.030000 0.010000 -0.000000 0.000000 -0.000000 0.000000 0.000000 0.000000 0.000000 0.000000
259.579929 0.050000 -0.010000 -0.020000 -0.000000 0.000000 0.000000 0.000000 0.000000 0.000000 0.000000 0.000000
259.614212 -0.040000 -0.050000 0.010000 -0.000000 -0.000000 -0.000000 0.000000 0.000000 0.000000 0.000000 0.000000
259.650865 -0.030000 0.020000 -0.020000 -0.000000 -0.000000 0.000000 0.000000 0.000000 0.000000 0.000000 0.000000
259.677601 -0.010000 -0.020000 0.040000 0.000000 0.000000 0.000000 0.000000 0.000000 0.000000 0.000000 0.000000
259.713247 0.010000 -0.010000 -0.000000 -0.000000 0.000000 -0.000000 0.000000 0.000000 0.000000 0.000000 0.000000
259.744913 -0.020000 -0.050000 -0.030000 0.000000 0.000000 -0.000000 0.000000 0.000000 0.000000 0.000000 0.000000
259.781367 0.020000 -0.020000 -0.010000 -0.000000 0.000000 0.000000 0.000000 0.000000 0.000000 0.000000 0.000000
259.809492 0.020000 0.030000 -0.030000 -0.000000 0.000000 -0.000000 0.000000 0.000000 0.000000 0.000000 0.000000
259.843627 -0.030000 0.020000 0.010000 0.000000 -0.000000 0.000000 0.000000 0.000000 0.000000 0.000000 0.000000
259.878275 -0.000000 -0.010000 0.010000 0.000000 0.000000 0.000000 0.000000 0.000000 0.000000 0.000000 0.000000
259.916115 -0.000000 0.010000 -0.060000 -0.000000 0.000000 -0.000000 0.000000 0.000000 0.000000 0.000000 0.000000
259.951110 0.030000 0.010000 0.050000 -0.000000 -0.000000 -0.000000 0.000000 0.000000 0.000000 0.000000 0.000000
259.980544 -0.010000 -0.020000 0.010000 -0.000000 0.000000 -0.000000 0.000000 0.000000 0.000000 0.000000 0.000000
260.008632 -0.010000 0.010000 0.040000 -0.000000 0.000000 0.000000 0.000000 0.000000 0.000000 0.000000 0.000000
260.043992 -0.010000 -0.020000 -0.000000 0.000000 -0.000000 0.000000 0.000000 0.000000 0.000000 0.000000 0.000000
260.079694 -0.000000 -0.010000 0.020000 -0.000000 0.000000 -0.000000 0.000000 0.000000 0.000000 0.000000 0.000000
260.111311 0.030000 0.050000 -0.040000 0.000000 0.000000 0.000000 0.000000 0.000000 0.000000 0.000000 0.000000
260.149521 -0.050000 0.040000 0.010000 -0.000000 -0.000000 0.000000 0.000000 0.000000 0.000000 0.000000 0.000000
260.183906 0.050000 0.030000 0.020000 0.000000 -0.000000 -0.000000 0.000000 0.000000 0.000000 0.000000 0.000000
260.217252 -0.000000 0.040000 -0.040000 0.000000 0.000000 0.000000 0.000000 0.000000 0.000000 0.000000 0.000000
260.254944 0.030000 -0.020000 -0.020000 0.000000 0.000000 0.000000 0.000000 0.000000 0.000000 0.000000 0.000000
260.289091 -0.030000 0.000000 0.040000 0.000000 -0.000000 -0.000000 0.000000 0.000000 0.000000 0.000000 0.000000
260.328312 0.010000 0.030000 0.020000 0.000000 -0.000000 -0.000000 0.000000 0.000000 0.000000 0.000000 0.000000
260.366289 0.050000 -0.030000 0.000000 -0.000000 -0.000000 0.000000 0.000000 0.000000 0.000000 0.000000 0.000000
260.397581 -0.050000 0.010000 0.000000 0.000000 0.000000 -0.000000 0.000000 0.000000 0.000000 0.000000 0.000000
260.429774 0.000000 -0.000000 0.010000 0.000000 0.000000 0.000000 0.000000 0.000000 0.000000 0.000000 0.000000
260.456559 0.030000 -0.040000 -0.060000 0.000000 -0.000000 0.000000 0.000000 0.000000 0.000000 0.000000 0.000000
260.494875 0.010000 0.000000 -0.010000 -0.000000 -0.000000 -0.000000 0.000000 0.000000 0.000000 0.000000 0.000000
260.527860 0.010000 -0.020000 0.000000 -0.000000 -0.000000 0.000000 0.000000 0.000000 0.000000 0.000000 0.000000
260.565315 -0.020000 0.020000 0.010000 -0.000000 -0.000000 -0.000000 0.000000 0.000000 0.000000 0.000000 0.000000
260.600621 -0.030000 0.030000 -0.020000 0.000000 0.000000 0.000000 0.000000 0.000000 0.000000 0.000000 0.000000
260.631315 -0.010000 -0.010000 -0.040000 -0.000000 0.000000 -0.000000 0.000000 0.000000 0.000000 0.000000 0.000000
260.659846 0.020000 -0.020000 0.030000 -0.000000 0.000000 -0.000000 0.000000 0.000000 0.000000 0.000000 0.000000
260.696727 -0.010000 -0.030000 0.060000 0.000000 -0.000000 -0.000000 0.000000 0.000000 0.000000 0.000000 0.000000
260.733174 -0.020000 -0.040000 -0.030000 -0.000000 -0.000000 0.000000 0.000000 0.000000 0.000000 0.000000 0.000000
260.760953 -0.010000 0.030000 0.060000 -0.000000 0.000000 -0.000000 0.000000 0.000000 0.000000 0.000000 0.000000
260.797877 0.020000 0.010000 -0.100000 -0.000000 -0.000000 -0.000000 0.000000 0.000000 0.000000 0.000000 0.000000
260.833288 0.030000 -0.020000 0.080000 -0.000000 0.000000 0.000000 0.000000 0.000000 0.000000 0.000000 0.000000
260.863208 0.010000 -0.040000 0.030000 0.000000 -0.000000 -0.000000 0.000000 0.000000 0.000000 0.000000 0.000000
260.901463 -0.010000 0.040000 -0.070000 -0.000000 0.000000 -0.000000 0.000000 0.000000 0.000000 0.000000 0.000000
260.930449 -0.010000 -0.020000 0.000000 -0.000000 -0.000000 0.000000 0.000000 0.000000 0.000000 0.000000 0.000000
260.958890 0.040000 -0.010000 0.020000 0.000000 -0.000000 0.000000 0.000000 0.000000 0.000000 0.000000 0.000000
260.993651 -0.000000 -0.000000 -0.040000 0.000000 0.000000 0.000000 0.000000 0.000000 0.000000 0.000000 0.000000
261.030290 -0.010000 -0.020000 -0.070000 0.000000 -0.000000 -0.000000 0.000000 0.000000 0.000000 0.000000 0.000000
261.058973 -0.000000 -0.020000 0.010000 -0.000000 0.000000 -0.000000 0.000000 0.000000 0.000000 0.000000 0.000000
261.095055 -0.040000 0.000000 0.020000 -0.000000 -0.000000 -0.000000 0.000000 0.000000 0.000000 0.000000 0.000000
261.128304 -0.020000 0.050000 0.010000 -0.000000 0.000000 -0.000000 0.000000 0.000000 0.000000 0.000000 0.000000
261.165087 0.020000 0.010000 -0.010000 -0.000000 0.000000 0.000000 0.000000 0.000000 0.000000 0.000000 0.000000
261.198951 0.020000 0.040000 0.030000 -0.000000 0.000000 -0.000000 0.000000 0.000000 0.000000 0.000000 0.000000
261.234900 -0.040000 -0.010000 0.040000 0.000000 0.000000 0.000000 0.000000 0.000000 0.000000 0.000000 0.000000
261.269325 -0.010000 0.030000 -0.050000 0.000000 -0.000000 -0.000000 0.000000 0.000000 0.000000 0.000000 0.000000
261.302323 -0.020000 -0.040000 0.030000 -0.000000 0.000000 -0.000000 0.000000 0.000000 0.000000 0.000000 0.000000
261.337277 -0.010000 0.040000 0.050000 0.000000 -0.000000 -0.000000 0.000000 0.000000 0.000000 0.000000 0.000000
261.370978 -0.020000 0.010000 -0.030000 -0.000000 0.000000 0.000000 0.000000 0.000000 0.000000 0.000000 0.000000
261.407003 0.010000 -0.040000 -0.040000 0.000000 0.000000 -0.000000 0.000000 0.000000 0.000000 0.000000 0.000000
261.439889 0.040000 -0.030000 -0.030000 0.000000 -0.000000 0.000000 0.000000 0.000000 0.000000 0.000000 0.000000
261.476012 0.040000 -0.040000 -0.090000 -0.000000 0.000000 0.000000 0.000000 0.000000 0.000000 0.000000 0.000000
261.509816 -0.000000 -0.020000 0.030000 0.000000 -0.000000 -0.000000 0.000000 0.000000 0.000000 0.000000 0.000000
261.545162 0.010000 -0.010000 -0.010000 0.000000 0.000000 -0.000000 0.000000 0.000000 0.000000 0.000000 0.000000
261.583535 -0.000000 -0.010000 -0.030000 -0.000000 0.000000 -0.000000 0.000000 0.000000 0.000000 0.000000 0.000000
261.610755 0.010000 0.010000 0.080000 -0.000000 0.000000 0.000000 0.000000 0.000000 0.000000 0.000000 0.000000
261.643011 0.010000 -0.050000 0.050000 0.000000 0.000000 0.000000 0.000000 0.000000 0.000000 0.000000 0.000000
261.672052 -0.010000 -0.020000 0.010000 -0.000000 -0.000000 -0.000000 0.000000 0.000000 0.000000 0.000000 0.000000
261.701836 0.010000 0.030000 0.050000 0.000000 -0.000000 -0.000000 0.000000 0.000000 0.000000 0.000000 0.000000
261.736770 -0.010000 0.040000 -0.040000 0.000000 0.000000 0.000000 0.000000 0.000000 0.000000 0.000000 0.000000
261.771355 -0.020000 0.000000 0.040000 -0.000000 -0.000000 0.000000 0.000000 0.000000 0.000000 0.000000 0.000000
261.798714 0.010000 0.030000 0.030000 -0.000000 0.000000 -0.000000 0.000000 0.000000 0.000000 0.000000 0.000000
261.835086 -0.020000 0.020000 -0.050000 0.000000 -0.000000 0.000000 0.000000 0.000000 0.000000 0.000000 0.000000
261.870797 0.020000 0.000000 0.050000 0.000000 -0.000000 -0.000000 0.000000 0.000000 0.000000 0.000000 0.000000
261.899677 -0.030000 -0.020000 -0.040000 0.000000 0.000000 0.000000 0.000000 0.000000 0.000000 0.000000 0.000000
261.935614 0.010000 -0.010000 0.020000 -0.000000 0.000000 -0.000000 0.000000 0.000000 0.000000 0.000000 0.000000
261.970994 -0.040000 0.040000 -0.000000 -0.000000 0.000000 -0.000000 0.000000 0.000000 0.000000 0.000000 0.000000
262.005800 0.020000 0.000000 0.020000 -0.000000 -0.000000 -0.000000 0.000000 0.000000 0.000000 0.000000 0.000000
262.040342 -0.020000 -0.030000 -0.010000 -0.000000 0.000000 -0.000000 0.000000 0.000000 0.000000 0.000000 0.000000
262.070285 -0.020000 -0.030000 -0.060000 -0.000000 -0.000000 -0.000000 0.000000 0.000000 0.000000 0.000000 0.000000
262.098588 0.020000 0.050000 0.020000 0.000000 -0.000000 -0.000000 0.000000 0.000000 0.000000 0.000000 0.000000
262.134020 0.030000 -0.050000 -0.040000 -0.000000 -0.000000 0.000000 0.000000 0.000000 0.000000 0.000000 0.000000
262.168636 -0.050000 0.030000 0.000000 0.000000 0.000000 -0.000000 0.000000 0.000000 0.000000 0.000000 0.000000
262.203708 0.000000 -0.030000 -0.010000 -0.000000 0.000000 -0.000000 0.000000 0.000000 0.000000 0.000000 0.000000
262.239932 -0.000000 0.010000 0.030000 0.000000 -0.000000 0.000000 0.000000 0.000000 0.000000 0.000000 0.000000
262.276207 0.020000 0.030000 -0.040000 -0.000000 -0.000000 -0.000000 0.000000 0.000000 0.000000 0.000000 0.000000
262.312000 0.020000 -0.000000 -0.000000 -0.000000 0.000000 0.000000 0.000000 0.000000 0.000000 0.000000 0.000000
262.340383 -0.030000 0.010000 -0.010000 0.000000 0.000000 -0.000000 0.000000 0.000000 0.000000 0.000000 0.000000
262.369136 -0.010000 0.030000 -0.040000 0.000000 -0.000000 0.000000 0.000000 0.000000 0.000000 0.000000 0.000000
262.406827 -0.060000 0.010000 -0.010000 0.000000 0.000000 -0.000000 0.000000 0.000000 0.000000 0.000000 0.000000
262.440905 0.070000 -0.020000 0.070000 -0.000000 -0.000000 -0.000000 0.000000 0.000000 0.000000 0.000000 0.000000
262.469704 -0.000000 -0.010000 -0.030000 -0.000000 0.000000 -0.000000 0.000000 0.000000 0.000000 0.000000 0.000000
262.498680 0.030000 0.020000 0.070000 0.000000 -0.000000 -0.000000 0.000000 0.000000 0.000000 0.000000 0.000000
262.534020 0.050000 -0.010000 -0.060000 0.000000 0.000000 0.000000 0.000000 0.000000 0.000000 0.000000 0.000000
262.568990 -0.020000 0.000000 0.070000 0.000000 -0.000000 0.000000 0.000000 0.000000 0.000000 0.000000 0.000000
262.606073 0.000000 0.020000 -0.060000 0.000000 0.000000 -0.000000 0.000000 0.000000 0.000000 0.000000 0.000000
262.639330 0.030000 -0.010000 0.010000 0.000000 0.000000 -0.000000 0.000000 0.000000 0.000000 0.000000 0.000000
262.673596 -0.020000 -0.010000 -0.000000 0.000000 0.000000 -0.000000 0.000000 0.000000 0.000000 0.000000 0.000000
262.708129 0.000000 0.010000 -0.060000 0.000000 -0.000000 -0.000000 0.000000 0.000000 0.000000 0.000000 0.000000
262.742507 -0.020000 -0.010000 -0.000000 0.000000 -0.000000 -0.000000 0.000000 0.000000 0.000000 0.000000 0.000000
262.771011 0.010000 -0.000000 -0.010000 -0.000000 0.000000 0.000000 0.000000 0.000000 0.000000 0.000000 0.000000
262.798891 -0.000000 -0.030000 -0.010000 0.000000 0.000000 -0.000000 0.000000 0.000000 0.000000 0.000000 0.000000
262.834260 0.010000 -0.010000 0.100000 -0.000000 0.000000 -0.000000 0.000000 0.000000 0.000000 0.000000 0.000000
262.867774 -0.010000 -0.020000 0.020000 -0.000000 0.000000 0.000000 0.000000 0.000000 0.000000 0.000000 0.000000
262.902867 0.020000 0.010000 0.020000 -0.000000 0.000000 -0.000000 0.000000 0.000000 0.000000 0.000000 0.000000
262.930538 -0.020000 -0.020000 0.050000 0.000000 -0.000000 -0.000000 0.000000 0.000000 0.000000 0.000000 0.000000
262.959153 0.010000 0.020000 0.010000 -0.000000 0.000000 0.000000 0.000000 0.000000 0.000000 0.000000 0.000000
262.995992 -0.000000 0.040000 -0.030000 0.000000 0.000000 -0.000000 0.000000 0.000000 0.000000 0.000000 0.000000
263.029440 -0.020000 0.040000 -0.050000 0.000000 0.000000 0.000000 0.000000 0.000000 0.000000 0.000000 0.000000
263.065314 -0.020000 -0.020000 0.040000 0.000000 -0.000000 0.000000 0.000000 0.000000 0.000000 0.000000 0.000000
263.097977 0.010000 0.010000 -0.030000 -0.000000 -0.000000 -0.000000 0.000000 0.000000 0.000000 0.000000 0.000000
263.132611 0.010000 0.020000 -0.070000 -0.000000 -0.000000 0.000000 0.000000 0.000000 0.000000 0.000000 0.000000
263.160891 -0.040000 0.030000 -0.020000 0.000000 -0.000000 0.000000 0.000000 0.000000 0.000000 0.000000 0.000000
263.196220 -0.040000 0.000000 -0.070000 0.000000 0.000000 0.000000 0.000000 0.000000 0.000000 0.000000 0.000000
263.228679 0.000000 0.020000 0.060000 0.000000 0.000000 0.000000 0.000000 0.000000 0.000000 0.000000 0.000000
263.263973 0.010000 -0.030000 0.010000 -0.000000 0.000000 -0.000000 0.000000 0.000000 0.000000 0.000000 0.000000
263.299100 0.000000 0.000000 0.090000 0.000000 -0.000000 0.000000 0.000000 0.000000 0.000000 0.000000 0.000000
263.330156 0.050000 -0.040000 -0.030000 0.000000 -0.000000 0.000000 0.000000 0.000000 0.000000 0.000000 0.000000
263.364810 -0.000000 0.030000 -0.030000 -0.000000 0.000000 -0.000000 0.000000 0.000000 0.000000 0.000000 0.000000
263.404175 -0.020000 -0.010000 -0.070000 0.000000 0.000000 0.000000 0.000000 0.000000 0.000000 0.000000 0.000000
263.447239 0.000000 -0.040000 -0.000000 -0.000000 0.000000 -0.000000 0.000000 0.000000 0.000000 0.000000 0.000000
263.485745 -0.010000 0.020000 -0.010000 -0.000000 0.000000 -0.000000 0.000000 0.000000 0.000000 0.000000 0.000000
263.527503 0.000000 -0.010000 -0.010000 -0.000000 0.000000 -0.000000 0.000000 0.000000 0.000000 0.000000 0.000000
263.569356 0.020000 -0.010000 -0.040000 0.000000 0.000000 0.000000 0.000000 0.000000 0.000000 0.000000 0.000000
263.609573 0.010000 -0.020000 0.040000 0.000000 0.000000 -0.000000 0.000000 0.000000 0.000000 0.000000 0.000000
263.646819 0.060000 0.050000 -0.040000 -0.000000 0.000000 0.000000 0.000000 0.000000 0.000000 0.000000 0.000000
263.688459 -0.020000 -0.000000 0.040000 -0.000000 -0.000000 -0.000000 0.000000 0.000000 0.000000 0.000000 0.000000
263.732190 -0.020000 -0.040000 0.040000 0.000000 0.000000 -0.000000 0.000000 0.000000 0.000000 0.000000 0.000000
263.765176 0.050000 0.020000 0.060000 -0.000000 0.000000 -0.000000 0.000000 0.000000 0.000000 0.000000 0.000000
263.807539 -0.060000 0.010000 -0.050000 0.000000 -0.000000 -0.000000 0.000000 0.000000 0.000000 0.000000 0.000000
263.848613 0.010000 -0.020000 0.000000 -0.000000 -0.000000 0.000000 0.000000 0.000000 0.000000 0.000000 0.000000
263.889472 -0.010000 0.010000 0.100000 -0.000000 0.000000 0.000000 0.000000 0.000000 0.000000 0.000000 0.000000
263.931087 -0.010000 -0.020000 -0.020000 -0.000000 -0.000000 -0.000000 0.000000 0.000000 0.000000 0.000000 0.000000
263.965935 0.020000 -0.040000 -0.030000 0.000000 -0.000000 0.000000 0.000000 0.000000 0.000000 0.000000 0.000000
264.006276 -0.040000 0.010000 0.020000 0.000000 0.000000 -0.000000 0.000000 0.000000 0.000000 0.000000 0.000000
264.048980 0.040000 0.020000 0.050000 -0.000000 0.000000 -0.000000 0.000000 0.000000 0.000000 0.000000 0.000000
264.091167 0.020000 0.030000 0.020000 -0.000000 0.000000 -0.000000 0.000000 0.000000 0.000000 0.000000 0.000000
264.124477 0.030000 0.030000 0.020000 -0.000000 0.000000 -0.000000 0.000000 0.000000 0.000000 0.000000 0.000000
264.166999 -0.020000 -0.010000 -0.040000 -0.000000 0.000000 -0.000000 0.000000 0.000000 0.000000 0.000000 0.000000
264.206851 -0.030000 0.020000 0.010000 -0.000000 -0.000000 -0.000000 0.000000 0.000000 0.000000 0.000000 0.000000
264.245652 -0.040000 -0.010000 -0.030000 -0.000000 -0.000000 0.000000 0.000000 0.000000 0.000000 0.000000 0.000000
264.288830 0.010000 0.000000 -0.090000 0.000000 -0.000000 -0.000000 0.000000 0.000000 0.000000 0.000000 0.000000
264.330127 0.000000 -0.000000 -0.040000 -0.000000 0.000000 0.000000 0.000000 0.000000 0.000000 0.000000 0.000000
264.362281 0.020000 0.020000 -0.000000 -0.000000 0.000000 -0.000000 0.000000 0.000000 0.000000 0.000000 0.000000
264.396635 0.000000 -0.030000 0.020000 -0.000000 -0.000000 -0.000000 0.000000 0.000000 0.000000 0.000000 0.000000
264.435647 0.020000 -0.030000 -0.020000 0.000000 0.000000 0.000000 0.000000 0.000000 0.000000 0.000000 0.000000
264.476259 -0.020000 0.000000 0.040000 -0.000000 0.000000 -0.000000 0.000000 0.000000 0.000000 0.000000 0.000000
264.518522 -0.010000 0.030000 0.020000 -0.000000 0.000000 0.000000 0.000000 0.000000 0.000000 0.000000 0.000000
264.560264 -0.020000 -0.020000 -0.050000 0.000000 0.000000 -0.000000 0.000000 0.000000 0.000000 0.000000 0.000000
264.595015 0.050000 -0.030000 -0.010000 0.000000 -0.000000 -0.000000 0.000000 0.000000 0.000000 0.000000 0.000000
264.634909 0.010000 0.030000 0.070000 -0.000000 -0.000000 0.000000 0.000000 0.000000 0.000000 0.000000 0.000000
