246.292839 -0.000000 0.000000 -8.650000 -0.000000 -0.000000 0.000000 0.000000 0.000000 0.000000 0.000000 0.000000
246.326940 0.020000 0.070000 -7.730000 0.000000 0.000000 0.010000 0.000000 0.000000 0.000000 0.000000 0.000000
246.366278 0.040000 -0.080000 -6.760000 0.000000 -0.000000 -0.020000 1.615198 0.000000 0.000000 4.820000 4.820000
246.403876 0.030000 0.460000 -5.900000 0.010000 -0.000000 0.040000 2.422796 -0.432642 0.000000 0.000000 14.460000
246.441972 -0.400000 0.940000 -5.090000 -0.000000 -0.010000 0.110000 4.639504 -0.276161 0.000000 9.230000 18.460000
246.473653 0.960000 0.100000 -4.500000 -0.020000 0.010000 -0.130000 6.960094 -0.138230 0.000000 18.460000 23.080000
246.509793 -0.270000 1.410000 -2.150000 -0.040000 -0.020000 -0.030000 9.691185 0.000000 0.000000 28.920000 28.920000
246.539578 -0.170000 -0.380000 -1.960000 0.010000 0.050000 0.030000 9.691185 0.000000 0.000000 28.920000 28.920000
246.577633 -0.400000 0.480000 0.040000 -0.010000 0.010000 -0.010000 13.920188 0.000000 0.000000 41.540000 41.540000
246.611394 -0.310000 -0.110000 -0.220000 -0.040000 0.000000 0.020000 16.155326 0.000000 0.000000 48.210000 48.210000
246.649475 0.100000 -0.470000 -0.100000 -0.140000 0.030000 0.020000 18.578122 0.144214 0.000000 57.850000 53.030000
246.684642 0.520000 -0.520000 -0.540000 0.040000 0.040000 0.010000 19.385721 -0.288428 0.000000 53.030000 62.670000
246.719940 -0.400000 0.230000 0.520000 0.080000 -0.020000 0.010000 21.808517 0.144214 0.000000 67.490000 62.670000
246.750654 -0.690000 -1.160000 0.430000 -0.070000 0.020000 0.040000 22.616116 0.000000 0.000000 67.490000 67.490000
246.783953 0.020000 0.190000 0.480000 0.070000 0.010000 -0.040000 22.426783 0.137931 0.000000 69.230000 64.620000
246.818771 0.320000 -0.710000 -0.860000 -0.050000 0.000000 0.000000 23.423715 -0.144214 0.000000 67.490000 72.310000
246.856191 -0.490000 0.700000 0.510000 -0.010000 0.010000 -0.050000 25.038912 0.144214 0.000000 77.130000 72.310000
246.893149 -0.070000 -1.070000 -0.200000 -0.000000 0.020000 0.030000 24.747373 0.000000 0.000000 73.850000 73.850000
246.925707 0.050000 1.460000 -0.220000 -0.210000 0.000000 -0.050000 26.292198 0.000000 0.000000 78.460000 78.460000
246.961104 0.090000 -0.750000 2.230000 -0.130000 -0.030000 0.020000 26.654110 -0.144214 0.000000 77.130000 81.950000
246.992854 0.410000 -0.150000 -3.100000 0.210000 0.070000 -0.030000 25.038912 0.432642 0.000000 81.950000 67.490000
247.020866 0.050000 -1.630000 -1.090000 0.090000 0.110000 -0.010000 26.292198 0.000000 0.000000 78.460000 78.460000
247.049267 -0.480000 0.570000 1.220000 -0.110000 0.030000 0.070000 29.076906 0.000000 0.000000 86.770000 86.770000
247.078197 -0.130000 -0.350000 -2.270000 0.080000 0.040000 -0.040000 29.884505 0.144214 0.000000 91.590000 86.770000
247.114710 0.820000 -0.170000 0.710000 -0.070000 0.010000 0.040000 27.461709 0.000000 0.000000 81.950000 81.950000
247.147089 0.500000 0.150000 -1.910000 0.130000 0.060000 -0.070000 29.076906 0.000000 0.000000 86.770000 86.770000
247.183164 0.380000 -0.300000 1.350000 0.200000 -0.050000 0.050000 30.692104 0.000000 0.000000 91.590000 91.590000
247.212394 -0.080000 0.670000 -0.440000 -0.090000 0.010000 0.070000 27.840375 0.000000 0.000000 83.080000 83.080000
247.240467 0.060000 -0.170000 1.240000 -0.030000 0.090000 -0.050000 27.461709 0.000000 0.000000 81.950000 81.950000
247.268686 0.410000 -0.510000 0.130000 -0.070000 0.130000 0.000000 29.884505 -0.144214 0.000000 86.770000 91.590000
247.301861 0.040000 0.590000 1.040000 0.100000 -0.030000 -0.050000 27.840375 0.000000 0.000000 83.080000 83.080000
247.337131 -0.730000 -0.260000 1.670000 -0.140000 -0.010000 0.040000 27.840375 0.000000 0.000000 83.080000 83.080000
247.374124 -0.240000 0.760000 0.980000 -0.080000 -0.020000 -0.000000 29.884505 0.144214 0.000000 91.590000 86.770000
247.409844 -0.170000 -1.010000 -1.320000 0.220000 0.050000 0.040000 29.076906 0.000000 0.000000 86.770000 86.770000
247.439061 0.010000 -0.230000 0.290000 0.080000 0.020000 -0.030000 29.385201 0.000000 0.000000 87.690000 87.690000
247.472959 0.010000 0.310000 -1.350000 0.020000 -0.040000 -0.040000 29.076906 0.000000 0.000000 86.770000 86.770000
247.503886 0.410000 -0.140000 1.260000 0.070000 0.040000 0.020000 29.076906 0.000000 0.000000 86.770000 86.770000
247.541570 0.500000 0.960000 -0.830000 0.060000 -0.080000 0.020000 28.269307 0.144214 0.000000 86.770000 81.950000
247.571505 -0.170000 -0.220000 1.160000 0.170000 -0.010000 -0.020000 28.269307 -0.144214 0.000000 81.950000 86.770000
247.601364 0.040000 -0.200000 -0.080000 -0.080000 -0.040000 0.020000 29.884505 -0.144214 0.000000 86.770000 91.590000
247.634969 -0.170000 0.080000 -1.640000 -0.140000 -0.020000 -0.030000 27.840375 0.000000 0.000000 83.080000 83.080000
247.673013 -0.380000 -0.770000 -0.660000 -0.100000 -0.000000 0.000000 27.461709 0.000000 0.000000 81.950000 81.950000
247.702675 0.170000 0.410000 1.270000 -0.140000 -0.060000 -0.050000 30.692104 0.288428 0.000000 96.410000 86.770000
247.732587 -0.390000 -0.710000 0.090000 -0.050000 -0.010000 0.020000 27.840375 0.000000 0.000000 83.080000 83.080000
247.763321 0.430000 1.150000 -0.660000 -0.210000 0.060000 -0.040000 28.612788 0.137931 0.000000 87.690000 83.080000
247.799814 -0.800000 -0.150000 -1.710000 0.070000 0.070000 -0.010000 29.884505 0.144214 0.000000 91.590000 86.770000
247.829916 -0.140000 0.160000 1.610000 0.010000 -0.050000 0.070000 29.076906 0.000000 0.000000 86.770000 86.770000
247.865061 0.050000 0.330000 1.140000 -0.060000 -0.090000 -0.050000 28.612788 0.137931 0.000000 87.690000 83.080000
247.900747 -0.110000 0.190000 1.160000 0.010000 -0.060000 -0.040000 29.076906 0.288428 0.000000 91.590000 81.950000
247.931002 -0.150000 -0.650000 -1.000000 -0.000000 -0.030000 0.040000 29.076906 0.000000 0.000000 86.770000 86.770000
247.969763 0.040000 -0.440000 -1.310000 0.080000 -0.030000 -0.010000 26.654110 0.144214 0.000000 81.950000 77.130000
248.007667 -0.730000 -0.870000 0.110000 -0.060000 -0.000000 0.060000 28.492151 0.392849 0.000000 91.590000 78.460000
248.043110 -0.020000 1.310000 -1.680000 0.140000 -0.030000 -0.030000 29.884505 0.144214 0.000000 91.590000 86.770000
248.072741 -0.520000 -0.890000 -0.920000 0.170000 0.040000 0.020000 27.066287 -0.138230 0.000000 78.460000 83.080000
248.102712 0.200000 1.430000 1.210000 -0.090000 -0.020000 0.020000 29.076906 0.288428 0.000000 91.590000 81.950000
248.133023 0.150000 -0.960000 -2.520000 0.100000 0.080000 -0.010000 29.884505 -0.144214 0.000000 86.770000 91.590000
248.161254 0.590000 0.050000 1.140000 -0.050000 0.010000 0.080000 27.066287 0.138230 0.000000 83.080000 78.460000
248.191412 1.130000 0.080000 -2.410000 0.220000 0.080000 -0.060000 27.840375 0.000000 0.000000 83.080000 83.080000
248.218810 -0.060000 0.150000 4.340000 0.150000 0.030000 0.050000 29.884505 0.144214 0.000000 91.590000 86.770000
248.256741 0.340000 0.700000 0.660000 -0.090000 0.110000 0.020000 29.884505 0.144214 0.000000 91.590000 86.770000
248.291187 0.330000 0.200000 0.700000 -0.040000 0.070000 -0.050000 27.066287 -0.138230 0.000000 78.460000 83.080000
248.321823 0.540000 -1.000000 -0.150000 -0.090000 0.140000 0.050000 29.884505 0.144214 0.000000 91.590000 86.770000
248.350247 -0.030000 0.520000 1.270000 0.050000 -0.020000 -0.050000 29.884505 -0.144214 0.000000 86.770000 91.590000
248.381953 -0.220000 -0.150000 -0.110000 -0.170000 -0.060000 0.020000 28.269307 0.144214 0.000000 86.770000 81.950000
248.415350 0.000000 1.230000 0.510000 -0.080000 -0.090000 -0.030000 27.840375 0.000000 0.000000 83.080000 83.080000
248.453486 0.070000 -0.730000 -2.470000 0.170000 -0.000000 0.010000 29.076906 -0.288428 0.000000 81.950000 91.590000
248.487732 0.240000 -0.260000 0.450000 0.090000 0.020000 -0.040000 27.066287 0.138230 0.000000 83.080000 78.460000
248.526718 0.130000 -0.680000 -1.420000 -0.010000 -0.010000 0.010000 28.269307 0.432642 0.000000 91.590000 77.130000
248.564419 -0.040000 -0.330000 0.860000 0.010000 -0.020000 0.020000 28.269307 -0.144214 0.000000 81.950000 86.770000
248.598891 -0.010000 1.150000 0.720000 0.010000 -0.030000 0.050000 28.458641 -0.110405 0.000000 83.080000 86.770000
248.635639 -0.470000 -0.250000 1.240000 0.160000 0.010000 -0.010000 27.840375 0.000000 0.000000 83.080000 83.080000
248.672688 -0.860000 -0.960000 0.710000 -0.110000 -0.000000 -0.010000 29.076906 0.000000 0.000000 86.770000 86.770000
248.700882 -0.330000 0.150000 -0.770000 -0.150000 0.010000 -0.050000 29.076906 0.000000 0.000000 86.770000 86.770000
248.734409 -0.720000 -0.620000 -0.900000 -0.090000 0.020000 0.070000 27.838700 0.276161 0.000000 87.690000 78.460000
248.769382 -0.380000 0.710000 1.760000 -0.130000 -0.050000 -0.020000 29.884505 -0.144214 0.000000 86.770000 91.590000
248.805716 -0.290000 -0.860000 -0.850000 -0.030000 -0.040000 0.040000 29.076906 0.000000 0.000000 86.770000 86.770000
248.838221 0.630000 1.390000 1.500000 -0.250000 0.030000 -0.040000 28.269307 0.144214 0.000000 86.770000 81.950000
248.873504 0.060000 -0.980000 -4.210000 0.050000 0.040000 0.020000 28.612788 -0.137931 0.000000 83.080000 87.690000
248.910990 -0.880000 0.280000 2.720000 -0.010000 -0.110000 0.060000 29.076906 0.000000 0.000000 86.770000 86.770000
248.941980 -0.070000 0.590000 -0.990000 -0.060000 -0.080000 -0.050000 28.612788 0.137931 0.000000 87.690000 83.080000
248.971251 0.020000 0.120000 0.260000 0.030000 -0.040000 -0.030000 28.269307 -0.144214 0.000000 81.950000 86.770000
248.999041 -0.290000 -0.500000 -0.610000 0.070000 0.030000 0.030000 29.076906 0.000000 0.000000 86.770000 86.770000
249.034635 -0.240000 -0.590000 -1.000000 0.070000 0.000000 0.010000 30.692104 0.288428 0.000000 96.410000 86.770000
249.072503 -0.610000 -0.620000 0.010000 -0.020000 0.020000 0.030000 27.840375 0.000000 0.000000 83.080000 83.080000
249.102176 -0.170000 1.210000 -0.990000 0.140000 -0.000000 0.050000 29.076906 0.000000 0.000000 86.770000 86.770000
249.130322 -0.970000 -0.540000 0.200000 0.170000 -0.010000 0.060000 29.076906 0.000000 0.000000 86.770000 86.770000
249.162896 0.390000 1.450000 1.970000 -0.030000 -0.050000 -0.070000 27.840375 0.000000 0.000000 83.080000 83.080000
249.192389 0.040000 -0.010000 -0.930000 0.020000 0.040000 0.040000 29.076906 0.000000 0.000000 86.770000 86.770000
249.222671 1.150000 -0.310000 0.330000 -0.060000 0.060000 -0.010000 29.076906 0.000000 0.000000 86.770000 86.770000
249.250712 0.450000 -0.280000 -0.760000 0.050000 0.040000 -0.070000 27.461709 0.000000 0.000000 81.950000 81.950000
249.279721 0.780000 0.460000 -0.320000 0.190000 -0.080000 0.020000 27.840375 0.000000 0.000000 83.080000 83.080000
249.313706 0.360000 0.230000 2.520000 -0.080000 0.000000 0.000000 30.692104 0.000000 0.000000 91.590000 91.590000
249.347856 0.090000 -0.540000 -0.280000 -0.070000 0.020000 -0.020000 25.519785 -0.137931 0.000000 73.850000 78.460000
249.384168 0.520000 -0.300000 -0.600000 0.000000 -0.030000 -0.040000 23.423715 -0.721070 0.000000 57.850000 81.950000
249.416970 -1.200000 -1.450000 0.180000 0.010000 -0.020000 0.000000 21.000919 -0.865284 0.000000 48.210000 77.130000
249.453825 0.640000 -0.650000 -1.340000 0.060000 0.060000 -0.660000 18.576447 -1.298226 0.000000 33.740000 77.130000
249.488500 0.690000 0.120000 0.190000 -0.170000 -0.040000 -0.820000 15.466689 -1.104943 0.000000 27.690000 64.620000
249.526780 0.580000 -1.470000 2.310000 0.060000 -0.010000 -1.070000 14.538453 -1.442440 0.000000 19.280000 67.490000
249.565329 0.130000 -0.670000 0.960000 -0.050000 0.200000 -1.260000 10.500459 -1.875082 0.000000 0.000000 62.670000
249.600971 0.360000 1.070000 -1.100000 0.070000 -0.020000 -1.570000 9.279008 -1.656966 0.000000 0.000000 55.380000
249.629614 0.330000 0.260000 -1.040000 -0.000000 -0.000000 -1.500000 6.958418 -1.519035 0.000000 -4.620000 46.150000
249.667825 0.110000 1.490000 0.590000 0.010000 -0.010000 -1.400000 8.077663 -1.730868 0.000000 -4.820000 53.030000
249.704447 -0.100000 0.360000 0.050000 0.010000 -0.020000 -1.530000 5.653191 -1.586355 0.000000 -9.640000 43.380000
249.737444 -0.080000 0.310000 0.310000 -0.010000 -0.020000 -1.500000 4.639504 -1.657265 0.000000 -13.850000 41.540000
249.775774 -0.320000 0.550000 -0.690000 -0.010000 -0.010000 -1.520000 4.845593 -1.730569 0.000000 -14.460000 43.380000
249.813087 -0.330000 0.200000 -0.160000 0.000000 -0.010000 -1.620000 4.639504 -1.657265 0.000000 -13.850000 41.540000
249.841924 -0.210000 0.480000 -0.360000 -0.010000 -0.020000 -1.610000 3.230395 -1.730569 0.000000 -19.280000 38.560000
249.872690 0.160000 0.390000 -0.040000 0.020000 -0.020000 -1.690000 3.230395 -1.730569 0.000000 -19.280000 38.560000
249.901202 -0.850000 0.090000 0.300000 -0.010000 -0.020000 -1.660000 3.230395 -1.730569 0.000000 -19.280000 38.560000
249.930932 0.520000 0.590000 -0.110000 0.020000 -0.020000 -1.730000 2.318914 -1.795196 0.000000 -23.080000 36.920000
249.962646 0.020000 -0.050000 -0.050000 -0.000000 -0.020000 -1.680000 0.000000 -2.018997 0.000000 -33.740000 33.740000
249.992316 -0.130000 0.110000 0.130000 0.000000 -0.050000 -1.780000 2.422796 -1.874783 0.000000 -24.100000 38.560000
250.021286 -0.290000 0.580000 0.200000 -0.010000 -0.050000 -1.720000 1.546501 -1.933127 0.000000 -27.690000 36.920000
250.052452 0.230000 -0.270000 -0.030000 -0.010000 -0.060000 -1.830000 1.546501 -1.933127 0.000000 -27.690000 36.920000
250.083649 -0.020000 -0.360000 -0.140000 -0.020000 -0.000000 -1.770000 0.807599 -1.874783 0.000000 -28.920000 33.740000
250.119318 -0.440000 0.200000 0.210000 0.020000 -0.060000 -1.770000 2.422796 -1.874783 0.000000 -24.100000 38.560000
250.156110 0.160000 -0.190000 -0.040000 -0.020000 -0.030000 -1.780000 2.320590 -2.071357 0.000000 -27.690000 41.540000
250.195804 -0.530000 -0.310000 0.150000 0.010000 -0.040000 -1.770000 0.000000 -1.730569 0.000000 -28.920000 28.920000
250.233780 -0.010000 0.290000 -0.200000 0.020000 -0.030000 -1.730000 1.615198 -2.018997 0.000000 -28.920000 38.560000
250.266848 0.020000 -0.180000 0.030000 -0.010000 -0.030000 -1.820000 3.230395 -1.730569 0.000000 -19.280000 38.560000
250.305438 0.210000 0.270000 0.030000 0.010000 -0.040000 -1.840000 1.615198 -2.018997 0.000000 -28.920000 38.560000
250.344274 0.060000 -0.640000 -0.080000 -0.010000 -0.040000 -1.830000 1.615198 -2.018997 0.000000 -28.920000 38.560000
250.379157 -0.140000 0.350000 0.080000 -0.030000 -0.040000 -1.810000 2.320590 -2.071357 0.000000 -27.690000 41.540000
250.415335 0.090000 0.200000 -0.240000 0.000000 -0.040000 -1.820000 1.615198 -2.018997 0.000000 -28.920000 38.560000
250.453354 0.750000 0.200000 -0.060000 0.000000 -0.020000 -1.920000 1.615198 -2.307425 0.000000 -33.740000 43.380000
250.489247 -0.290000 -0.380000 0.220000 -0.000000 -0.040000 -1.860000 3.093003 -1.933426 0.000000 -23.080000 41.540000
250.524387 -0.080000 -0.090000 -0.010000 -0.030000 -0.060000 -1.910000 2.320590 -2.071357 0.000000 -27.690000 41.540000
250.562793 -0.390000 -0.020000 0.160000 -0.010000 -0.050000 -1.900000 0.807599 -2.163211 0.000000 -33.740000 38.560000
250.594767 -0.470000 -0.520000 -0.110000 -0.030000 -0.010000 -1.870000 1.615198 -2.018997 0.000000 -28.920000 38.560000
250.631607 0.180000 0.580000 0.000000 0.010000 -0.040000 -1.820000 2.320590 -2.071357 0.000000 -27.690000 41.540000
250.684839 0.160000 -0.010000 -0.100000 -0.010000 -0.070000 -1.910000 1.615198 -2.018997 0.000000 -28.920000 38.560000
250.734737 -0.560000 -0.200000 0.160000 -0.010000 -0.010000 -1.820000 1.615198 -2.018997 0.000000 -28.920000 38.560000
250.788388 0.730000 -0.410000 0.050000 0.010000 -0.030000 -1.870000 2.422796 -2.163211 0.000000 -28.920000 43.380000
250.839670 0.040000 0.410000 -1.230000 -0.010000 -0.020000 -1.860000 1.615198 -2.018997 0.000000 -28.920000 38.560000
250.872859 0.120000 0.010000 0.480000 0.000000 -0.010000 -1.850000 0.000000 -2.307425 0.000000 -38.560000 38.560000
250.910358 0.440000 0.540000 0.090000 -0.020000 -0.050000 -1.920000 1.546501 -1.933127 0.000000 -27.690000 36.920000
250.941494 -0.100000 -0.590000 -0.470000 0.000000 -0.050000 -1.870000 2.422796 -1.874783 0.000000 -24.100000 38.560000
250.972919 -0.690000 -0.130000 0.540000 -0.040000 -0.040000 -1.840000 1.615198 -2.018997 0.000000 -28.920000 38.560000
251.003215 -0.400000 -0.160000 0.200000 -0.000000 -0.010000 -1.850000 2.320590 -2.071357 0.000000 -27.690000 41.540000
251.033622 0.220000 -0.350000 -0.160000 -0.020000 -0.040000 -1.900000 1.546501 -2.209587 0.000000 -32.310000 41.540000
251.066432 -0.570000 0.560000 0.310000 0.020000 -0.040000 -1.820000 2.422796 -1.874783 0.000000 -24.100000 38.560000
251.102974 -0.170000 -0.760000 -0.100000 -0.010000 -0.030000 -1.790000 1.615198 -2.018997 0.000000 -28.920000 38.560000
251.134389 -0.260000 0.230000 0.130000 -0.040000 -0.020000 -1.790000 5.413592 -2.071357 0.000000 -18.460000 50.770000
251.172522 -0.080000 -0.340000 -0.170000 -0.020000 -0.020000 -1.710000 0.807599 -1.874783 0.000000 -28.920000 33.740000
251.208498 0.750000 0.270000 -0.140000 -0.010000 -0.010000 -1.800000 2.422796 -1.874783 0.000000 -24.100000 38.560000
251.244858 -0.070000 0.380000 0.150000 0.010000 -0.020000 -1.800000 2.422796 -1.874783 0.000000 -24.100000 38.560000
251.280998 0.310000 -0.080000 0.220000 -0.030000 -0.030000 -1.820000 1.546501 -1.933127 0.000000 -27.690000 36.920000
251.310953 0.200000 -0.160000 -0.170000 -0.000000 -0.010000 -1.760000 2.422796 -1.874783 0.000000 -24.100000 38.560000
251.344238 0.940000 0.240000 0.020000 -0.000000 0.010000 -1.810000 2.320590 -2.071357 0.000000 -27.690000 41.540000
251.385997 -0.510000 -0.660000 0.110000 -0.050000 -0.040000 -1.820000 2.422796 -1.874783 0.000000 -24.100000 38.560000
251.423434 -0.180000 0.100000 -0.050000 -0.030000 -0.040000 -1.820000 1.615198 -2.018997 0.000000 -28.920000 38.560000
251.460588 0.320000 0.090000 0.060000 -0.030000 0.000000 -1.810000 4.639504 -1.657265 0.000000 -13.850000 41.540000
251.490878 -0.070000 -0.190000 0.070000 -0.010000 -0.010000 -1.830000 1.546501 -1.933127 0.000000 -27.690000 36.920000
251.528031 -0.130000 0.430000 0.230000 -0.010000 -0.030000 -1.850000 1.615198 -2.018997 0.000000 -28.920000 38.560000
251.566119 0.220000 -0.260000 -0.450000 -0.020000 -0.030000 -1.830000 1.615198 -2.018997 0.000000 -28.920000 38.560000
251.602694 0.020000 0.520000 0.670000 -0.010000 -0.010000 -1.800000 2.320590 -1.519035 0.000000 -18.460000 32.310000
251.633462 0.070000 -0.160000 -0.140000 -0.010000 -0.030000 -1.830000 1.615198 -2.018997 0.000000 -28.920000 38.560000
251.669033 -0.770000 -0.090000 0.050000 -0.050000 -0.030000 -1.810000 4.037994 -1.297927 0.000000 -9.640000 33.740000
251.704801 0.000000 -0.040000 -0.290000 -0.000000 -0.020000 -1.740000 1.615198 -2.018997 0.000000 -28.920000 38.560000
251.740984 0.780000 0.050000 -0.120000 -0.020000 -0.030000 -1.810000 2.318914 -1.795196 0.000000 -23.080000 36.920000
251.770221 0.150000 0.200000 -0.310000 0.010000 -0.020000 -1.820000 2.422796 -2.163211 0.000000 -28.920000 43.380000
251.801403 -0.220000 -0.210000 0.140000 -0.020000 -0.040000 -1.860000 2.318914 -1.795196 0.000000 -23.080000 36.920000
251.831687 -0.190000 -0.300000 -0.030000 -0.030000 -0.040000 -1.720000 2.422796 -1.586355 0.000000 -19.280000 33.740000
251.861685 0.740000 0.100000 -0.040000 -0.020000 -0.030000 -1.750000 2.424472 -2.451938 0.000000 -33.740000 48.210000
251.890261 -0.080000 -0.050000 -0.600000 0.020000 -0.020000 -1.810000 2.422796 -1.874783 0.000000 -24.100000 38.560000
251.919993 -0.740000 -0.210000 0.400000 -0.010000 0.010000 -1.750000 1.546501 -1.933127 0.000000 -27.690000 36.920000
251.954738 0.100000 0.570000 -0.160000 -0.010000 -0.010000 -1.770000 4.037994 -1.586355 0.000000 -14.460000 38.560000
251.990461 0.110000 -0.440000 0.030000 -0.010000 -0.010000 -1.800000 1.615198 -2.018997 0.000000 -28.920000 38.560000
252.020359 0.290000 0.760000 0.070000 0.020000 0.020000 -1.800000 2.318914 -1.795196 0.000000 -23.080000 36.920000
252.049632 -0.070000 -0.440000 0.010000 -0.000000 -0.020000 -1.790000 1.340413 -1.969928 0.000000 -28.920000 36.920000
252.078229 0.170000 0.470000 0.390000 -0.050000 0.030000 -1.780000 2.422796 -2.163211 0.000000 -28.920000 43.380000
252.112258 0.060000 0.290000 -0.160000 -0.000000 -0.060000 -1.840000 1.615198 -2.018997 0.000000 -28.920000 38.560000
252.140980 -0.380000 -0.160000 -1.040000 -0.030000 -0.050000 -1.860000 1.546501 -1.933127 0.000000 -27.690000 36.920000
252.170453 0.090000 -0.100000 0.280000 -0.000000 -0.010000 -1.720000 3.230395 -2.018997 0.000000 -24.100000 43.380000
252.201932 0.490000 -0.120000 0.090000 -0.020000 -0.030000 -1.800000 1.546501 -1.933127 0.000000 -27.690000 36.920000
252.231475 0.070000 0.220000 -0.270000 0.000000 -0.040000 -1.800000 2.422796 -1.874783 0.000000 -24.100000 38.560000
252.261616 -0.210000 -0.420000 0.060000 -0.020000 -0.020000 -1.820000 4.039669 -2.163510 0.000000 -24.100000 48.210000
252.293305 -0.250000 0.120000 -0.030000 -0.000000 -0.040000 -1.740000 1.615198 -2.018997 0.000000 -28.920000 38.560000
252.328857 0.710000 0.230000 -0.060000 0.020000 0.010000 -1.810000 3.093003 -1.933426 0.000000 -23.080000 41.540000
252.362238 -0.140000 -0.160000 0.220000 -0.000000 -0.050000 -1.830000 1.615198 -2.018997 0.000000 -28.920000 38.560000
252.400995 -0.510000 -0.410000 0.280000 -0.030000 -0.020000 -1.800000 2.422796 -1.586355 0.000000 -19.280000 33.740000
252.430851 0.240000 0.540000 0.130000 0.010000 -0.030000 -1.770000 1.546501 -1.933127 0.000000 -27.690000 36.920000
252.461491 -0.500000 -0.360000 0.290000 -0.020000 -0.000000 -1.780000 2.318914 -1.795196 0.000000 -23.080000 36.920000
252.490382 0.150000 0.730000 0.310000 -0.000000 -0.040000 -1.870000 2.422796 -1.874783 0.000000 -24.100000 38.560000
252.521246 0.070000 -0.440000 -0.260000 -0.000000 -0.030000 -1.810000 1.615198 -2.018997 0.000000 -28.920000 38.560000
252.549709 -0.080000 0.430000 -0.210000 -0.010000 -0.010000 -1.860000 2.318914 -1.795196 0.000000 -23.080000 36.920000
252.585442 0.320000 0.170000 0.520000 0.010000 -0.010000 -1.820000 1.615198 -2.018997 0.000000 -28.920000 38.560000
252.619206 0.100000 -0.660000 -0.810000 -0.000000 -0.070000 -1.890000 1.821286 -1.982195 0.000000 -27.690000 38.560000
252.657657 -0.330000 0.220000 0.050000 0.010000 -0.030000 -1.800000 2.422796 -2.163211 0.000000 -28.920000 43.380000
252.693903 0.200000 -0.070000 0.140000 0.020000 -0.020000 -1.800000 1.615198 -2.018997 0.000000 -28.920000 38.560000
252.730499 -0.410000 -0.250000 0.110000 -0.030000 -0.000000 -1.830000 1.615198 -2.018997 0.000000 -28.920000 38.560000
252.760379 0.270000 -0.290000 -0.200000 0.010000 -0.020000 -1.850000 3.093003 -2.209288 0.000000 -27.690000 46.150000
252.795256 -0.760000 -0.600000 -0.140000 0.020000 -0.030000 -1.780000 2.422796 -1.874783 0.000000 -24.100000 38.560000
252.830408 -0.020000 -0.230000 0.500000 -0.010000 -0.030000 -1.760000 1.615198 -2.018997 0.000000 -28.920000 38.560000
252.858656 0.420000 0.400000 -0.410000 0.010000 -0.010000 -1.840000 1.546501 -1.380805 0.000000 -18.460000 27.690000
252.895266 -0.320000 -0.510000 0.210000 -0.000000 -0.040000 -1.800000 1.546501 -1.933127 0.000000 -27.690000 36.920000
252.931692 -0.010000 0.440000 0.010000 -0.010000 -0.040000 -1.850000 1.615198 -2.018997 0.000000 -28.920000 38.560000
252.959980 -0.290000 -0.530000 0.120000 0.010000 -0.020000 -1.860000 1.615198 -2.018997 0.000000 -28.920000 38.560000
252.996115 -0.100000 -0.070000 0.160000 -0.030000 -0.010000 -1.910000 1.546501 -1.933127 0.000000 -27.690000 36.920000
253.033658 0.150000 0.160000 0.160000 0.010000 -0.010000 -1.820000 2.422796 -2.163211 0.000000 -28.920000 43.380000
253.069239 0.410000 -0.260000 -0.150000 -0.020000 -0.030000 -1.890000 1.615198 -2.307425 0.000000 -33.740000 43.380000
253.098798 -0.390000 0.280000 -0.270000 -0.010000 -0.020000 -1.900000 4.037994 -1.586355 0.000000 -14.460000 38.560000
253.134297 -0.060000 -0.320000 0.210000 -0.020000 -0.010000 -1.830000 0.807599 -2.163211 0.000000 -33.740000 38.560000
253.167498 0.290000 0.210000 0.270000 0.000000 -0.020000 -1.840000 -0.807599 -1.586355 0.000000 -28.920000 24.100000
253.203443 -0.270000 0.220000 0.500000 -0.000000 -0.010000 -1.870000 2.320590 -1.519035 0.000000 -18.460000 32.310000
253.239052 0.210000 0.470000 -0.100000 -0.020000 -0.020000 -1.890000 -4.037994 -1.297927 0.000000 -33.740000 9.640000
253.269207 -0.280000 -0.250000 -0.640000 0.010000 -0.030000 -1.890000 4.847268 -2.019296 0.000000 -19.280000 48.210000
253.306323 -0.480000 0.080000 0.080000 -0.020000 -0.030000 -1.800000 1.546501 -1.933127 0.000000 -27.690000 36.920000
253.341960 0.460000 0.050000 -0.050000 -0.010000 -0.030000 -1.810000 2.318914 -2.347518 0.000000 -32.310000 46.150000
253.373667 -0.170000 -0.050000 -0.180000 -0.010000 -0.050000 -1.840000 1.615198 -2.018997 0.000000 -28.920000 38.560000
253.412183 -0.010000 0.150000 0.050000 -0.020000 -0.040000 -1.750000 2.422796 -2.163211 0.000000 -28.920000 43.380000
253.442814 0.270000 -0.070000 0.020000 -0.010000 -0.020000 -1.830000 1.546501 -1.933127 0.000000 -27.690000 36.920000
253.472917 -0.500000 -0.020000 0.050000 -0.020000 -0.010000 -1.800000 0.807599 -1.586355 0.000000 -24.100000 28.920000
253.508900 0.720000 0.370000 -0.100000 0.010000 -0.010000 -1.820000 1.615198 -2.018997 0.000000 -28.920000 38.560000
253.548428 0.140000 -0.070000 0.460000 0.000000 -0.040000 -1.840000 4.847268 -2.019296 0.000000 -19.280000 48.210000
253.586293 -0.340000 -0.140000 0.080000 -0.030000 -0.030000 -1.790000 1.615198 -2.307425 0.000000 -33.740000 43.380000
253.622917 0.200000 0.500000 -0.140000 -0.010000 -0.020000 -1.870000 1.615198 -2.018997 0.000000 -28.920000 38.560000
253.653471 -0.390000 -0.340000 -0.030000 -0.010000 -0.030000 -1.790000 -0.774088 -1.795196 0.000000 -32.310000 27.690000
253.686427 0.600000 0.650000 0.330000 -0.010000 -0.020000 -1.880000 1.615198 -2.018997 0.000000 -28.920000 38.560000
253.725360 0.190000 0.110000 -0.080000 0.010000 -0.020000 -1.870000 0.807599 -1.874783 0.000000 -28.920000 33.740000
253.759880 -0.120000 -0.350000 -0.180000 -0.040000 -0.030000 -1.850000 5.413592 -2.071357 0.000000 -18.460000 50.770000
253.797186 0.120000 -0.040000 -0.140000 0.010000 -0.030000 -1.800000 3.093003 -1.933426 0.000000 -23.080000 41.540000
253.833472 0.110000 -0.540000 0.230000 -0.050000 -0.030000 -1.810000 2.422796 -2.163211 0.000000 -28.920000 43.380000
253.866717 0.190000 0.310000 -0.250000 -0.000000 -0.040000 -1.840000 1.615198 -2.018997 0.000000 -28.920000 38.560000
253.902943 0.050000 -0.090000 0.250000 -0.010000 -0.030000 -1.880000 1.546501 -1.933127 0.000000 -27.690000 36.920000
253.933956 0.120000 0.470000 -0.260000 -0.000000 -0.030000 -1.820000 1.615198 -2.018997 0.000000 -28.920000 38.560000
253.969664 -0.140000 0.040000 0.070000 -0.020000 -0.010000 -1.780000 1.615198 -2.018997 0.000000 -28.920000 38.560000
254.005269 -0.090000 0.150000 -0.200000 -0.000000 -0.010000 -1.840000 0.807599 -2.163211 0.000000 -33.740000 38.560000
254.040237 -0.310000 -0.520000 0.400000 -0.000000 -0.040000 -1.900000 1.340413 -1.969928 0.000000 -28.920000 36.920000
254.069287 -0.790000 0.110000 0.090000 -0.020000 -0.030000 -1.840000 1.615198 -2.018997 0.000000 -28.920000 38.560000
254.107275 0.220000 0.190000 0.030000 -0.000000 -0.050000 -1.820000 1.546501 -1.933127 0.000000 -27.690000 36.920000
254.144333 0.330000 0.500000 -0.370000 -0.010000 -0.040000 -1.880000 1.615198 -1.730569 0.000000 -24.100000 33.740000
254.177598 0.150000 -0.050000 0.300000 0.000000 -0.020000 -1.830000 1.615198 -2.018997 0.000000 -28.920000 38.560000
254.211451 0.090000 -0.060000 -0.320000 -0.000000 -0.060000 -1.910000 4.639504 -1.933127 0.000000 -18.460000 46.150000
254.242123 -0.510000 -0.420000 -0.430000 -0.040000 -0.030000 -1.900000 2.320590 -2.071357 0.000000 -27.690000 41.540000
254.278254 0.200000 0.040000 0.100000 -0.030000 -0.020000 -1.860000 1.615198 -2.018997 0.000000 -28.920000 38.560000
254.313951 0.440000 -0.140000 -0.050000 0.010000 -0.020000 -1.830000 0.000000 -2.307425 0.000000 -38.560000 38.560000
254.348855 0.080000 -0.200000 0.360000 -0.030000 -0.010000 -1.860000 1.546501 -1.933127 0.000000 -27.690000 36.920000
254.386704 0.040000 0.700000 -0.030000 -0.000000 -0.070000 -1.900000 2.422796 -2.163211 0.000000 -28.920000 43.380000
254.424729 -0.510000 -0.680000 -0.430000 -0.030000 -0.020000 -1.920000 0.807599 -2.163211 0.000000 -33.740000 38.560000
254.460296 -0.550000 0.370000 0.350000 -0.020000 -0.020000 -1.790000 1.615198 -2.018997 0.000000 -28.920000 38.560000
254.493321 0.960000 -0.000000 -0.060000 -0.020000 -0.020000 -1.890000 2.320590 -2.071357 0.000000 -27.690000 41.540000
254.529720 0.200000 0.060000 0.550000 -0.040000 0.010000 -1.980000 1.615198 -2.018997 0.000000 -28.920000 38.560000
254.569403 -0.080000 -0.390000 -0.490000 -0.030000 -0.000000 -1.920000 0.774088 -2.347518 0.000000 -36.920000 41.540000
254.606453 -0.010000 0.400000 -1.150000 -0.020000 -0.020000 -1.960000 2.422796 -2.163211 0.000000 -28.920000 43.380000
254.644660 -0.350000 -0.250000 0.380000 -0.030000 -0.020000 -1.950000 1.615198 -2.018997 0.000000 -28.920000 38.560000
254.683390 0.180000 0.260000 0.540000 -0.010000 -0.040000 -1.910000 1.615198 -1.730569 0.000000 -24.100000 33.740000
254.716206 0.220000 -0.140000 0.090000 -0.010000 -0.010000 -1.890000 1.546501 -1.933127 0.000000 -27.690000 36.920000
254.756377 -0.380000 -0.020000 -0.080000 -0.000000 -0.060000 -1.980000 1.615198 -2.307425 0.000000 -33.740000 43.380000
254.795678 -0.450000 0.140000 0.010000 -0.010000 -0.030000 -1.920000 2.422796 -2.163211 0.000000 -28.920000 43.380000
254.833682 0.050000 -0.300000 -0.020000 -0.020000 -0.020000 -1.860000 0.000000 -2.209288 0.000000 -36.920000 36.920000
254.871455 -0.360000 0.180000 0.140000 -0.010000 -0.030000 -1.900000 2.114501 -2.108158 0.000000 -28.920000 41.540000
254.901366 -0.290000 -0.010000 0.050000 -0.020000 -0.030000 -1.840000 2.422796 -2.163211 0.000000 -28.920000 43.380000
254.939676 0.670000 -0.070000 0.260000 -0.030000 0.000000 -1.950000 1.615198 -2.018997 0.000000 -28.920000 38.560000
254.970885 0.140000 -0.320000 -0.040000 0.010000 -0.030000 -1.930000 2.320590 -2.071357 0.000000 -27.690000 41.540000
255.001450 -0.500000 -0.020000 -0.040000 -0.040000 -0.000000 -1.830000 1.615198 -2.018997 0.000000 -28.920000 38.560000
255.031275 0.290000 0.190000 -0.280000 0.000000 -0.030000 -1.860000 0.000000 -1.933426 0.000000 -32.310000 32.310000
255.062146 -0.180000 -0.240000 0.300000 -0.040000 -0.000000 -1.810000 1.615198 -2.018997 0.000000 -28.920000 38.560000
255.091400 0.200000 0.150000 0.220000 0.010000 0.000000 -1.780000 1.615198 -2.018997 0.000000 -28.920000 38.560000
255.120132 0.100000 -0.200000 -0.080000 -0.000000 -0.030000 -1.930000 0.807599 -1.874783 0.000000 -28.920000 33.740000
255.150177 -0.590000 0.230000 0.240000 -0.020000 -0.000000 -1.810000 2.320590 -2.071357 0.000000 -27.690000 41.540000
255.179228 0.360000 -0.170000 -0.290000 -0.000000 -0.010000 -1.790000 3.230395 -1.730569 0.000000 -19.280000 38.560000
255.208715 0.350000 0.160000 -0.180000 -0.000000 -0.020000 -1.890000 2.422796 -2.163211 0.000000 -28.920000 43.380000
255.242100 -0.160000 -0.030000 -0.040000 0.020000 -0.020000 -1.870000 1.546501 -1.933127 0.000000 -27.690000 36.920000
255.273870 0.500000 0.090000 -0.090000 -0.010000 -0.020000 -1.910000 2.320590 -2.071357 0.000000 -27.690000 41.540000
255.309431 0.100000 -0.190000 -0.010000 0.000000 -0.020000 -1.820000 1.615198 -2.018997 0.000000 -28.920000 38.560000
255.345930 0.590000 0.500000 0.090000 -0.010000 -0.010000 -1.840000 2.422796 -2.163211 0.000000 -28.920000 43.380000
255.379511 -0.200000 -0.170000 -0.110000 0.020000 -0.030000 -1.880000 1.546501 -1.933127 0.000000 -27.690000 36.920000
255.418366 -0.400000 -0.280000 -0.160000 -0.020000 -0.020000 -1.850000 2.424472 -2.451938 0.000000 -33.740000 48.210000
255.454665 -0.560000 -0.000000 0.490000 -0.010000 -0.010000 -1.780000 2.422796 -2.163211 0.000000 -28.920000 43.380000
255.491840 0.070000 -0.210000 -0.170000 -0.010000 -0.030000 -1.850000 0.807599 -1.874783 0.000000 -28.920000 33.740000
255.522639 -0.160000 0.140000 0.390000 -0.010000 -0.010000 -1.820000 4.037994 -1.874783 0.000000 -19.280000 43.380000
255.552481 0.430000 -0.220000 -0.160000 0.020000 -0.020000 -1.800000 1.615198 -2.018997 0.000000 -28.920000 38.560000
255.582386 -0.420000 0.080000 -0.050000 -0.010000 -0.030000 -1.860000 2.320590 -2.071357 0.000000 -27.690000 41.540000
255.611641 0.100000 0.030000 0.110000 0.010000 -0.030000 -1.780000 6.462466 -1.730868 0.000000 -9.640000 48.210000
255.642479 0.770000 0.140000 0.100000 -0.000000 0.010000 -1.870000 1.615198 -2.018997 0.000000 -28.920000 38.560000
255.670695 0.290000 -0.230000 -0.230000 0.020000 -0.050000 -1.770000 2.318914 -1.795196 0.000000 -23.080000 36.920000
255.700370 0.140000 0.260000 -0.590000 -0.000000 -0.010000 -1.840000 3.093003 -1.933426 0.000000 -23.080000 41.540000
255.728505 -0.250000 -0.130000 0.150000 0.010000 -0.040000 -1.780000 2.422796 -2.163211 0.000000 -28.920000 43.380000
255.763614 0.030000 0.050000 0.460000 -0.010000 -0.020000 -1.780000 1.615198 -1.730569 0.000000 -24.100000 33.740000
255.798994 -0.070000 0.290000 0.230000 0.000000 -0.020000 -1.800000 3.093003 -1.933426 0.000000 -23.080000 41.540000
255.836799 -0.210000 -0.310000 -0.480000 -0.030000 -0.020000 -1.790000 1.615198 -2.018997 0.000000 -28.920000 38.560000
255.872387 -0.210000 -0.040000 0.690000 -0.030000 0.010000 -1.760000 4.845593 -1.730569 0.000000 -14.460000 43.380000
255.902594 0.330000 0.000000 -0.260000 -0.010000 -0.030000 -1.800000 1.615198 -1.730569 0.000000 -24.100000 33.740000
255.932697 -0.440000 0.650000 -0.290000 0.020000 -0.030000 -1.770000 3.232071 -2.307724 0.000000 -28.920000 48.210000
255.962858 -0.330000 -0.190000 0.030000 -0.020000 -0.030000 -1.760000 1.615198 -2.018997 0.000000 -28.920000 38.560000
255.993294 0.070000 -0.080000 0.000000 -0.030000 -0.070000 -1.760000 2.318914 -1.795196 0.000000 -23.080000 36.920000
256.025811 0.700000 0.030000 -0.060000 0.000000 -0.020000 -1.720000 2.422796 -1.874783 0.000000 -24.100000 38.560000
256.062620 0.850000 -0.130000 -0.030000 -0.010000 -0.020000 -1.840000 2.422796 -1.874783 0.000000 -24.100000 38.560000
256.101252 -0.740000 -0.090000 0.040000 -0.000000 -0.040000 -1.770000 1.546501 -1.933127 0.000000 -27.690000 36.920000
256.131521 -0.020000 -0.430000 0.090000 -0.030000 -0.010000 -1.810000 1.546501 -1.933127 0.000000 -27.690000 36.920000
256.161634 -0.410000 0.110000 -0.210000 -0.020000 -0.040000 -1.730000 2.422796 -1.874783 0.000000 -24.100000 38.560000
256.191948 0.210000 -0.200000 -0.080000 -0.010000 -0.040000 -1.780000 2.422796 -2.163211 0.000000 -28.920000 43.380000
256.222500 -0.250000 0.270000 0.000000 0.010000 -0.050000 -1.850000 1.546501 -1.933127 0.000000 -27.690000 36.920000
256.253034 -0.490000 0.020000 0.350000 -0.030000 -0.030000 -1.740000 1.615198 -1.442141 0.000000 -19.280000 28.920000
256.283419 0.480000 0.440000 0.240000 -0.010000 -0.020000 -1.800000 2.422796 -1.874783 0.000000 -24.100000 38.560000
256.318518 -0.350000 -0.270000 -0.750000 -0.020000 -0.020000 -1.840000 1.615198 -2.018997 0.000000 -28.920000 38.560000
256.352646 0.250000 0.280000 0.520000 -0.030000 -0.010000 -1.790000 2.422796 -2.163211 0.000000 -28.920000 43.380000
256.382513 0.820000 -0.080000 -0.880000 -0.020000 -0.020000 -1.790000 2.422796 -1.874783 0.000000 -24.100000 38.560000
256.410948 0.410000 0.540000 -0.660000 -0.000000 -0.030000 -1.810000 0.774088 -2.347518 0.000000 -36.920000 41.540000
256.439134 -0.120000 0.000000 0.850000 -0.020000 -0.020000 -1.860000 3.230395 -2.018997 0.000000 -24.100000 43.380000
256.476803 -0.360000 -0.300000 0.030000 -0.040000 -0.020000 -1.870000 3.230395 -2.018997 0.000000 -24.100000 43.380000
256.511401 -0.290000 0.510000 -0.060000 -0.000000 -0.040000 -1.790000 1.546501 -1.933127 0.000000 -27.690000 36.920000
256.542431 0.120000 -0.430000 -0.160000 -0.010000 -0.030000 -1.870000 1.546501 -1.933127 0.000000 -27.690000 36.920000
256.574431 -0.370000 0.000000 0.360000 -0.020000 -0.020000 -1.860000 3.230395 -2.018997 0.000000 -24.100000 43.380000
256.610777 -0.060000 -0.460000 0.210000 -0.010000 -0.010000 -1.840000 1.615198 -2.018997 0.000000 -28.920000 38.560000
256.641598 0.130000 0.230000 -0.070000 -0.030000 -0.020000 -1.900000 2.320590 -2.071357 0.000000 -27.690000 41.540000
256.671741 -0.570000 0.190000 0.360000 -0.000000 -0.010000 -1.880000 1.615198 -2.307425 0.000000 -33.740000 43.380000
256.701709 0.420000 -0.240000 -0.100000 -0.020000 -0.030000 -1.890000 0.807599 -2.163211 0.000000 -33.740000 38.560000
256.732916 -0.670000 -0.420000 0.280000 -0.040000 -0.010000 -1.790000 2.422796 -1.874783 0.000000 -24.100000 38.560000
256.762883 0.510000 0.450000 -0.240000 -0.030000 -0.020000 -1.790000 2.320590 -2.071357 0.000000 -27.690000 41.540000
256.792773 0.270000 -0.190000 0.120000 -0.000000 -0.040000 -1.870000 1.615198 -2.018997 0.000000 -28.920000 38.560000
256.824235 -0.220000 0.100000 -0.220000 -0.020000 -0.020000 -1.890000 2.318914 -1.795196 0.000000 -23.080000 36.920000
256.860663 0.080000 0.350000 -0.290000 -0.000000 -0.010000 -1.790000 1.615198 -2.018997 0.000000 -28.920000 38.560000
256.891360 0.220000 -0.180000 -0.120000 -0.010000 0.010000 -1.860000 1.615198 -2.018997 0.000000 -28.920000 38.560000
256.920811 0.140000 0.810000 0.340000 -0.010000 0.010000 -1.850000 1.821286 -1.982195 0.000000 -27.690000 38.560000
256.951431 -0.050000 -0.710000 -0.450000 -0.000000 -0.040000 -1.880000 0.772413 -2.071357 0.000000 -32.310000 36.920000
256.981166 -0.640000 0.460000 0.130000 -0.050000 0.000000 -1.860000 4.845593 -1.442141 0.000000 -9.640000 38.560000
257.011000 0.300000 0.060000 -0.340000 -0.000000 0.000000 -1.790000 0.807599 -2.163211 0.000000 -33.740000 38.560000
257.040654 0.690000 -0.280000 0.070000 0.010000 -0.030000 -1.910000 1.546501 -1.933127 0.000000 -27.690000 36.920000
257.071309 -0.350000 -0.400000 0.480000 0.000000 -0.010000 -1.820000 2.422796 -2.163211 0.000000 -28.920000 43.380000
257.101764 -0.030000 -0.030000 -0.310000 -0.050000 -0.000000 -1.880000 0.807599 -2.163211 0.000000 -33.740000 38.560000
257.134737 -0.630000 -0.110000 0.230000 -0.020000 -0.030000 -1.890000 2.422796 -1.874783 0.000000 -24.100000 38.560000
257.173987 -0.060000 0.120000 0.350000 -0.020000 0.010000 -1.860000 1.546501 -1.380805 0.000000 -18.460000 27.690000
257.209188 0.140000 0.310000 -0.120000 0.010000 -0.030000 -1.820000 1.615198 -2.018997 0.000000 -28.920000 38.560000
257.237911 0.310000 0.030000 -0.070000 0.020000 -0.040000 -1.840000 1.546501 -1.933127 0.000000 -27.690000 36.920000
257.277757 0.040000 0.370000 -0.120000 -0.010000 -0.020000 -1.860000 1.615198 -2.018997 0.000000 -28.920000 38.560000
257.313939 -0.420000 -0.400000 0.110000 0.000000 -0.040000 -1.890000 1.615198 -2.018997 0.000000 -28.920000 38.560000
257.351666 -0.440000 0.630000 -0.010000 -0.020000 -0.030000 -1.830000 1.615198 -2.018997 0.000000 -28.920000 38.560000
257.382211 0.150000 -0.150000 0.070000 0.010000 -0.020000 -1.790000 2.318914 -1.795196 0.000000 -23.080000 36.920000
257.410717 0.450000 0.090000 -0.160000 -0.010000 -0.050000 -1.940000 3.230395 -1.730569 0.000000 -19.280000 38.560000
257.441285 -0.290000 -0.440000 -0.240000 -0.010000 -0.020000 -1.840000 2.422796 -2.163211 0.000000 -28.920000 43.380000
257.471467 0.190000 -0.180000 0.090000 -0.030000 -0.020000 -1.920000 0.000000 -2.209288 0.000000 -36.920000 36.920000
257.501430 0.040000 0.050000 -0.090000 0.020000 -0.040000 -1.940000 2.114501 -2.108158 0.000000 -28.920000 41.540000
257.529902 -0.270000 -0.330000 0.080000 -0.010000 -0.010000 -1.890000 0.807599 -2.451639 0.000000 -38.560000 43.380000
257.569205 0.090000 0.710000 0.270000 0.020000 -0.010000 -1.850000 1.615198 -2.018997 0.000000 -28.920000 38.560000
257.607109 0.070000 -0.700000 -0.080000 -0.020000 -0.020000 -1.910000 0.772413 -2.071357 0.000000 -32.310000 36.920000
257.642974 -0.610000 0.060000 0.230000 -0.010000 -0.010000 -1.860000 1.615198 -2.018997 0.000000 -28.920000 38.560000
257.672790 0.720000 0.160000 0.260000 0.000000 0.010000 -1.840000 0.772413 -2.071357 0.000000 -32.310000 36.920000
257.701233 0.020000 0.270000 -0.460000 0.020000 -0.030000 -1.910000 1.615198 -2.018997 0.000000 -28.920000 38.560000
257.729722 -0.650000 -0.100000 0.700000 0.010000 -0.040000 -1.860000 2.422796 -2.163211 0.000000 -28.920000 43.380000
257.765730 0.350000 0.190000 -0.460000 -0.000000 -0.030000 -1.920000 0.807599 -2.163211 0.000000 -33.740000 38.560000
257.803887 -0.080000 -0.600000 -0.340000 0.000000 -0.040000 -1.930000 2.320590 -2.071357 0.000000 -27.690000 41.540000
257.837034 -0.550000 0.110000 0.370000 -0.020000 -0.030000 -1.880000 1.615198 -2.018997 0.000000 -28.920000 38.560000
257.871501 0.670000 0.460000 -0.020000 0.030000 -0.020000 -1.850000 4.039669 -2.451938 0.000000 -28.920000 53.030000
257.902085 0.270000 -0.260000 -0.060000 -0.020000 -0.020000 -1.950000 2.318914 -1.795196 0.000000 -23.080000 36.920000
257.934369 -0.470000 0.090000 -0.040000 -0.010000 -0.080000 -1.850000 2.320590 -2.071357 0.000000 -27.690000 41.540000
257.967649 0.220000 -0.460000 -0.400000 0.000000 -0.010000 -1.880000 0.000000 -2.018997 0.000000 -33.740000 33.740000
258.004288 0.310000 0.210000 0.150000 -0.010000 -0.020000 -1.940000 3.230395 -1.730569 0.000000 -19.280000 38.560000
258.041390 -0.500000 -0.630000 0.120000 -0.040000 -0.030000 -1.880000 0.772413 -2.071357 0.000000 -32.310000 36.920000
258.070421 0.190000 0.740000 -0.200000 -0.000000 -0.030000 -1.810000 3.232071 -2.307724 0.000000 -28.920000 48.210000
258.108405 0.430000 -0.150000 0.120000 -0.010000 -0.040000 -1.910000 2.422796 -2.163211 0.000000 -28.920000 43.380000
258.145315 0.130000 0.140000 -0.870000 -0.030000 -0.020000 -1.950000 1.615198 -2.018997 0.000000 -28.920000 38.560000
258.180755 -0.020000 -0.210000 0.430000 0.020000 -0.040000 -1.850000 2.422796 -2.163211 0.000000 -28.920000 43.380000
258.212021 0.540000 0.110000 -0.610000 -0.030000 -0.070000 -1.900000 1.615198 -2.307425 0.000000 -33.740000 43.380000
258.241330 -0.400000 -0.100000 0.490000 -0.020000 -0.010000 -1.950000 1.546501 -1.933127 0.000000 -27.690000 36.920000
258.272529 0.140000 0.060000 -0.150000 -0.020000 -0.020000 -1.920000 1.615198 -2.018997 0.000000 -28.920000 38.560000
258.302203 0.030000 0.260000 0.300000 -0.010000 -0.030000 -1.940000 1.615198 -2.018997 0.000000 -28.920000 38.560000
258.334698 -0.300000 -0.290000 -0.120000 -0.020000 -0.050000 -1.910000 2.320590 -2.071357 0.000000 -27.690000 41.540000
258.367612 0.090000 0.350000 -0.070000 0.020000 -0.030000 -1.940000 1.546501 -1.933127 0.000000 -27.690000 36.920000
258.404195 -0.360000 -0.520000 0.110000 -0.020000 -0.030000 -1.900000 1.615198 -2.018997 0.000000 -28.920000 38.560000
258.440517 -0.310000 0.400000 0.150000 -0.020000 -0.050000 -1.960000 2.422796 -2.163211 0.000000 -28.920000 43.380000
258.470963 -0.150000 -0.010000 -0.180000 -0.010000 -0.040000 -1.820000 2.320590 -2.071357 0.000000 -27.690000 41.540000
258.501316 0.340000 -0.290000 0.160000 -0.030000 -0.050000 -1.900000 1.615198 -2.307425 0.000000 -33.740000 43.380000
258.530278 0.090000 0.280000 -0.260000 0.010000 -0.020000 -1.840000 2.422796 -2.163211 0.000000 -28.920000 43.380000
258.560357 0.060000 -0.340000 0.120000 -0.020000 -0.010000 -1.880000 0.000000 -2.018997 0.000000 -33.740000 33.740000
258.590482 -0.120000 0.380000 0.190000 -0.000000 -0.030000 -1.960000 2.422796 -2.163211 0.000000 -28.920000 43.380000
258.625331 -0.350000 -0.290000 0.210000 -0.030000 -0.020000 -1.890000 4.845593 -1.730569 0.000000 -14.460000 43.380000
258.660926 -0.190000 0.360000 0.020000 0.020000 -0.030000 -1.810000 2.320590 -2.071357 0.000000 -27.690000 41.540000
258.691234 0.200000 -0.480000 -0.070000 -0.020000 -0.020000 -1.900000 1.615198 -2.018997 0.000000 -28.920000 38.560000
258.719668 -0.190000 0.060000 0.180000 -0.030000 -0.030000 -1.840000 2.422796 -2.163211 0.000000 -28.920000 43.380000
258.748927 0.450000 -0.150000 0.230000 0.010000 -0.020000 -1.820000 1.546501 -1.933127 0.000000 -27.690000 36.920000
258.784206 -0.050000 0.140000 0.050000 0.000000 -0.030000 -1.900000 1.546501 -1.933127 0.000000 -27.690000 36.920000
258.819444 -0.220000 0.320000 0.050000 0.000000 -0.020000 -1.850000 2.422796 -1.874783 0.000000 -24.100000 38.560000
258.849660 0.190000 -0.330000 -0.160000 -0.010000 -0.010000 -1.900000 0.807599 -1.874783 0.000000 -28.920000 33.740000
258.888194 -0.170000 0.060000 -0.060000 -0.010000 -0.020000 -1.820000 1.546501 -1.933127 0.000000 -27.690000 36.920000
258.926723 0.210000 0.170000 0.150000 -0.010000 -0.000000 -1.840000 1.615198 -2.307425 0.000000 -33.740000 43.380000
258.962457 0.520000 0.200000 -0.040000 -0.000000 -0.020000 -1.950000 2.422796 -2.163211 0.000000 -28.920000 43.380000
258.992526 -0.320000 -0.300000 -0.240000 -0.020000 -0.020000 -1.860000 1.615198 -2.018997 0.000000 -28.920000 38.560000
259.031464 -0.040000 0.010000 0.120000 -0.030000 -0.020000 -1.870000 1.340413 -1.969928 0.000000 -28.920000 36.920000
259.061946 -0.140000 -0.540000 -0.090000 -0.000000 -0.040000 -1.900000 1.615198 -2.018997 0.000000 -28.920000 38.560000
259.091527 0.210000 0.180000 0.130000 -0.020000 -0.030000 -1.910000 2.318914 -1.795196 0.000000 -23.080000 36.920000
259.120918 0.010000 0.170000 0.110000 0.010000 -0.040000 -1.870000 2.422796 -2.163211 0.000000 -28.920000 43.380000
259.149808 -0.290000 -0.560000 -0.150000 -0.020000 -0.030000 -1.860000 0.807599 -1.874783 0.000000 -28.920000 33.740000
259.187038 -0.110000 0.740000 0.250000 0.010000 -0.030000 -1.870000 1.546501 -2.209587 0.000000 -32.310000 41.540000
259.224638 -0.260000 -0.410000 -0.010000 -0.020000 -0.040000 -1.810000 1.546501 -1.933127 0.000000 -27.690000 36.920000
259.261012 0.420000 0.520000 -0.020000 -0.000000 -0.040000 -1.840000 4.037994 -1.874783 0.000000 -19.280000 43.380000
259.292496 -0.050000 -0.180000 0.010000 0.020000 -0.020000 -1.840000 2.422796 -1.874783 0.000000 -24.100000 38.560000
259.321529 -0.010000 -0.030000 -0.200000 -0.030000 -0.040000 -1.830000 1.546501 -1.933127 0.000000 -27.690000 36.920000
259.351274 0.120000 0.350000 -0.070000 0.010000 -0.030000 -1.750000 1.615198 -2.018997 0.000000 -28.920000 38.560000
259.379799 0.650000 0.170000 0.690000 0.040000 -0.020000 -1.820000 1.615198 -2.018997 0.000000 -28.920000 38.560000
259.418745 -0.480000 -0.300000 -0.570000 -0.030000 -0.030000 -1.580000 1.615198 -1.730569 0.000000 -24.100000 33.740000
259.452630 -0.340000 0.130000 -0.140000 -0.010000 -0.000000 -1.210000 4.639504 -1.104943 0.000000 -4.620000 32.310000
259.483432 0.690000 0.010000 0.060000 -0.010000 -0.010000 -0.860000 4.037994 -1.009498 0.000000 -4.820000 28.920000
259.518047 0.110000 -0.100000 0.100000 -0.000000 0.000000 -0.640000 3.865416 -0.966713 0.000000 -4.620000 27.690000
259.556884 0.030000 -0.990000 -0.020000 -0.040000 0.000000 -0.170000 2.422796 -0.144214 0.000000 4.820000 9.640000
259.594170 0.460000 -0.820000 0.050000 0.020000 -0.010000 -0.030000 0.000000 0.000000 0.000000 0.000000 0.000000
259.628270 -0.190000 0.310000 0.080000 0.010000 -0.010000 0.050000 0.807599 -0.144214 0.000000 0.000000 4.820000
259.664976 -0.170000 0.510000 -0.020000 0.000000 0.010000 -0.020000 0.000000 0.000000 0.000000 0.000000 0.000000
259.700125 -0.060000 -0.030000 -0.200000 -0.000000 0.000000 -0.000000 0.000000 0.000000 0.000000 0.000000 0.000000
259.737890 -0.160000 0.300000 0.050000 0.010000 -0.000000 -0.020000 0.000000 0.000000 0.000000 0.000000 0.000000
259.772601 -0.040000 0.200000 -0.170000 -0.000000 0.000000 -0.040000 0.774088 -0.138230 0.000000 0.000000 4.620000
259.801028 0.090000 -0.390000 -0.060000 0.000000 0.010000 -0.040000 0.807599 -0.144214 0.000000 0.000000 4.820000
259.829958 0.130000 0.710000 0.130000 0.000000 -0.010000 -0.030000 0.000000 0.000000 0.000000 0.000000 0.000000
259.867414 0.290000 -0.170000 -0.240000 -0.020000 0.000000 -0.080000 0.807599 -0.144214 0.000000 0.000000 4.820000
259.903236 0.170000 0.130000 0.210000 0.010000 -0.010000 -0.010000 0.000000 0.000000 0.000000 0.000000 0.000000
259.931157 -0.350000 -0.260000 -0.050000 0.000000 -0.000000 -0.000000 0.000000 0.000000 0.000000 0.000000 0.000000
259.962234 -0.180000 0.100000 -0.010000 -0.000000 0.000000 0.010000 0.000000 0.000000 0.000000 0.000000 0.000000
259.991812 0.200000 0.070000 -0.010000 0.000000 0.000000 0.010000 0.000000 0.000000 0.000000 0.000000 0.000000
260.022368 0.030000 -0.040000 -0.000000 -0.000000 -0.000000 0.000000 0.000000 0.000000 0.000000 0.000000 0.000000
260.051223 -0.090000 -0.050000 0.080000 0.000000 -0.000000 0.000000 0.000000 0.000000 0.000000 0.000000 0.000000
260.080280 -0.050000 0.080000 -0.030000 0.000000 -0.000000 -0.000000 0.000000 0.000000 0.000000 0.000000 0.000000
260.109500 -0.030000 -0.050000 -0.040000 -0.000000 0.000000 -0.000000 0.000000 0.000000 0.000000 0.000000 0.000000
260.145732 -0.030000 -0.020000 0.060000 -0.000000 -0.000000 0.000000 0.000000 0.000000 0.000000 0.000000 0.000000
260.181238 0.030000 -0.010000 0.100000 0.000000 -0.000000 0.000000 0.000000 0.000000 0.000000 0.000000 0.000000
260.209175 0.060000 0.070000 0.050000 0.000000 0.000000 0.000000 0.000000 0.000000 0.000000 0.000000 0.000000
260.240978 -0.040000 0.010000 0.010000 -0.000000 0.000000 0.000000 0.000000 0.000000 0.000000 0.000000 0.000000
260.268360 0.030000 0.040000 -0.080000 -0.000000 -0.000000 -0.000000 0.000000 0.000000 0.000000 0.000000 0.000000
260.304475 0.040000 -0.010000 -0.030000 -0.000000 -0.000000 -0.000000 0.000000 0.000000 0.000000 0.000000 0.000000
260.339039 -0.070000 -0.020000 -0.020000 0.000000 0.000000 0.000000 0.000000 0.000000 0.000000 0.000000 0.000000
260.374417 -0.020000 -0.030000 0.020000 -0.000000 0.000000 0.000000 0.000000 0.000000 0.000000 0.000000 0.000000
260.409898 0.070000 0.010000 0.020000 -0.000000 -0.000000 -0.000000 0.000000 0.000000 0.000000 0.000000 0.000000
260.446050 -0.010000 -0.030000 -0.040000 0.000000 0.000000 -0.000000 0.000000 0.000000 0.000000 0.000000 0.000000
260.478483 -0.010000 -0.080000 -0.030000 0.000000 0.000000 0.000000 0.000000 0.000000 0.000000 0.000000 0.000000
260.513996 -0.020000 0.040000 0.010000 0.000000 -0.000000 -0.000000 0.000000 0.000000 0.000000 0.000000 0.000000
260.549472 0.060000 0.090000 0.020000 -0.000000 0.000000 0.000000 0.000000 0.000000 0.000000 0.000000 0.000000
260.577345 -0.000000 -0.040000 0.040000 -0.000000 0.000000 0.000000 0.000000 0.000000 0.000000 0.000000 0.000000
260.613412 -0.000000 -0.030000 0.040000 -0.000000 -0.000000 -0.000000 0.000000 0.000000 0.000000 0.000000 0.000000
260.642188 0.060000 0.020000 -0.020000 0.000000 0.000000 0.000000 0.000000 0.000000 0.000000 0.000000 0.000000
260.672176 0.000000 0.000000 0.000000 -0.000000 0.000000 0.000000 0.000000 0.000000 0.000000 0.000000 0.000000
260.701666 0.020000 -0.030000 -0.070000 -0.000000 -0.000000 -0.000000 0.000000 0.000000 0.000000 0.000000 0.000000
260.733054 0.000000 -0.030000 0.050000 0.000000 0.000000 -0.000000 0.000000 0.000000 0.000000 0.000000 0.000000
260.762199 0.040000 -0.010000 0.020000 0.000000 0.000000 0.000000 0.000000 0.000000 0.000000 0.000000 0.000000
260.791526 -0.050000 0.040000 -0.040000 -0.000000 0.000000 -0.000000 0.000000 0.000000 0.000000 0.000000 0.000000
260.818766 -0.080000 0.030000 0.020000 -0.000000 -0.000000 0.000000 0.000000 0.000000 0.000000 0.000000 0.000000
260.856426 0.060000 -0.030000 0.010000 0.000000 0.000000 0.000000 0.000000 0.000000 0.000000 0.000000 0.000000
260.891503 0.060000 -0.000000 0.070000 -0.000000 -0.000000 -0.000000 0.000000 0.000000 0.000000 0.000000 0.000000
260.925954 -0.070000 0.050000 0.040000 -0.000000 0.000000 -0.000000 0.000000 0.000000 0.000000 0.000000 0.000000
260.962915 -0.000000 0.030000 0.020000 -0.000000 -0.000000 0.000000 0.000000 0.000000 0.000000 0.000000 0.000000
260.993897 0.090000 -0.030000 -0.050000 -0.000000 -0.000000 -0.000000 0.000000 0.000000 0.000000 0.000000 0.000000
261.028636 -0.040000 -0.020000 -0.060000 0.000000 0.000000 -0.000000 0.000000 0.000000 0.000000 0.000000 0.000000
261.065712 -0.020000 -0.010000 0.020000 0.000000 0.000000 0.000000 0.000000 0.000000 0.000000 0.000000 0.000000
261.102337 0.030000 0.100000 0.010000 -0.000000 -0.000000 -0.000000 0.000000 0.000000 0.000000 0.000000 0.000000
261.130457 -0.030000 -0.040000 -0.030000 -0.000000 0.000000 0.000000 0.000000 0.000000 0.000000 0.000000 0.000000
261.168121 -0.050000 -0.090000 0.090000 0.000000 0.000000 -0.000000 0.000000 0.000000 0.000000 0.000000 0.000000
261.200114 0.050000 0.010000 0.000000 0.000000 -0.000000 0.000000 0.000000 0.000000 0.000000 0.000000 0.000000
261.235117 0.010000 0.070000 -0.100000 -0.000000 -0.000000 -0.000000 0.000000 0.000000 0.000000 0.000000 0.000000
261.270804 -0.040000 -0.030000 0.030000 0.000000 0.000000 0.000000 0.000000 0.000000 0.000000 0.000000 0.000000
261.298073 0.010000 -0.010000 -0.050000 0.000000 -0.000000 -0.000000 0.000000 0.000000 0.000000 0.000000 0.000000
261.331786 0.030000 0.000000 -0.040000 -0.000000 -0.000000 0.000000 0.000000 0.000000 0.000000 0.000000 0.000000
261.368625 -0.040000 -0.050000 0.060000 0.000000 0.000000 0.000000 0.000000 0.000000 0.000000 0.000000 0.000000
261.405445 -0.070000 -0.010000 -0.020000 -0.000000 -0.000000 -0.000000 0.000000 0.000000 0.000000 0.000000 0.000000
261.438737 0.000000 -0.010000 -0.010000 0.000000 -0.000000 -0.000000 0.000000 0.000000 0.000000 0.000000 0.000000
261.473469 0.050000 -0.020000 0.000000 0.000000 0.000000 0.000000 0.000000 0.000000 0.000000 0.000000 0.000000
261.512447 -0.070000 -0.010000 0.050000 0.000000 0.000000 -0.000000 0.000000 0.000000 0.000000 0.000000 0.000000
261.539649 -0.030000 0.020000 0.040000 0.000000 -0.000000 0.000000 0.000000 0.000000 0.000000 0.000000 0.000000
261.575015 0.080000 -0.010000 0.040000 0.000000 -0.000000 -0.000000 0.000000 0.000000 0.000000 0.000000 0.000000
261.607237 0.000000 -0.050000 -0.010000 -0.000000 0.000000 0.000000 0.000000 0.000000 0.000000 0.000000 0.000000
261.641499 -0.010000 0.010000 -0.070000 0.000000 -0.000000 -0.000000 0.000000 0.000000 0.000000 0.000000 0.000000
261.670810 0.030000 0.070000 0.010000 -0.000000 -0.000000 0.000000 0.000000 0.000000 0.000000 0.000000 0.000000
261.700943 0.020000 0.110000 0.000000 -0.000000 0.000000 -0.000000 0.000000 0.000000 0.000000 0.000000 0.000000
261.737347 -0.020000 -0.110000 -0.000000 0.000000 -0.000000 -0.000000 0.000000 0.000000 0.000000 0.000000 0.000000
261.774721 -0.020000 -0.010000 -0.030000 0.000000 0.000000 -0.000000 0.000000 0.000000 0.000000 0.000000 0.000000
261.810405 0.050000 0.020000 -0.000000 0.000000 0.000000 0.000000 0.000000 0.000000 0.000000 0.000000 0.000000
261.840835 -0.010000 0.030000 -0.040000 -0.000000 0.000000 -0.000000 0.000000 0.000000 0.000000 0.000000 0.000000
261.869459 0.050000 0.010000 0.050000 -0.000000 -0.000000 -0.000000 0.000000 0.000000 0.000000 0.000000 0.000000
261.898253 0.050000 0.040000 0.060000 0.000000 0.000000 -0.000000 0.000000 0.000000 0.000000 0.000000 0.000000
261.930105 0.010000 0.030000 0.010000 -0.000000 0.000000 0.000000 0.000000 0.000000 0.000000 0.000000 0.000000
261.959938 -0.030000 -0.040000 -0.010000 -0.000000 0.000000 -0.000000 0.000000 0.000000 0.000000 0.000000 0.000000
261.995258 -0.020000 -0.030000 -0.050000 0.000000 -0.000000 -0.000000 0.000000 0.000000 0.000000 0.000000 0.000000
262.032513 0.040000 -0.000000 0.080000 -0.000000 0.000000 0.000000 0.000000 0.000000 0.000000 0.000000 0.000000
262.062330 -0.030000 0.030000 -0.070000 0.000000 0.000000 0.000000 0.000000 0.000000 0.000000 0.000000 0.000000
262.090806 -0.040000 -0.020000 0.030000 0.000000 -0.000000 0.000000 0.000000 0.000000 0.000000 0.000000 0.000000
262.120162 0.030000 0.030000 -0.030000 -0.000000 0.000000 -0.000000 0.000000 0.000000 0.000000 0.000000 0.000000
262.149522 -0.000000 -0.030000 -0.010000 -0.000000 -0.000000 -0.000000 0.000000 0.000000 0.000000 0.000000 0.000000
262.186655 -0.050000 -0.030000 0.020000 -0.000000 0.000000 0.000000 0.000000 0.000000 0.000000 0.000000 0.000000
262.219713 0.010000 -0.020000 0.020000 0.000000 0.000000 -0.000000 0.000000 0.000000 0.000000 0.000000 0.000000
262.255454 0.020000 0.010000 -0.020000 0.000000 0.000000 -0.000000 0.000000 0.000000 0.000000 0.000000 0.000000
262.287276 -0.040000 -0.040000 0.010000 0.000000 0.000000 0.000000 0.000000 0.000000 0.000000 0.000000 0.000000
262.322518 -0.020000 0.010000 0.040000 0.000000 0.000000 -0.000000 0.000000 0.000000 0.000000 0.000000 0.000000
262.353121 0.030000 0.000000 -0.000000 -0.000000 -0.000000 -0.000000 0.000000 0.000000 0.000000 0.000000 0.000000
262.382721 -0.020000 -0.010000 -0.020000 -0.000000 0.000000 0.000000 0.000000 0.000000 0.000000 0.000000 0.000000
262.412150 -0.010000 -0.020000 0.010000 -0.000000 0.000000 0.000000 0.000000 0.000000 0.000000 0.000000 0.000000
262.440829 0.040000 -0.020000 0.010000 0.000000 -0.000000 -0.000000 0.000000 0.000000 0.000000 0.000000 0.000000
262.469144 0.000000 0.010000 0.010000 -0.000000 0.000000 0.000000 0.000000 0.000000 0.000000 0.000000 0.000000
262.504862 -0.030000 0.010000 -0.090000 -0.000000 -0.000000 -0.000000 0.000000 0.000000 0.000000 0.000000 0.000000
262.540645 0.010000 -0.020000 0.050000 0.000000 -0.000000 0.000000 0.000000 0.000000 0.000000 0.000000 0.000000
262.569217 0.030000 0.000000 0.020000 -0.000000 0.000000 0.000000 0.000000 0.000000 0.000000 0.000000 0.000000
262.606542 0.010000 0.000000 0.040000 -0.000000 0.000000 -0.000000 0.000000 0.000000 0.000000 0.000000 0.000000
262.641864 0.000000 -0.000000 -0.050000 -0.000000 0.000000 -0.000000 0.000000 0.000000 0.000000 0.000000 0.000000
262.670387 0.040000 0.030000 0.020000 -0.000000 -0.000000 0.000000 0.000000 0.000000 0.000000 0.000000 0.000000
262.699374 0.060000 -0.050000 -0.010000 -0.000000 0.000000 0.000000 0.000000 0.000000 0.000000 0.000000 0.000000
262.734222 -0.010000 -0.010000 -0.020000 -0.000000 -0.000000 0.000000 0.000000 0.000000 0.000000 0.000000 0.000000
262.769761 -0.000000 0.060000 -0.000000 -0.000000 0.000000 -0.000000 0.000000 0.000000 0.000000 0.000000 0.000000
262.797415 0.010000 0.010000 -0.020000 -0.000000 0.000000 0.000000 0.000000 0.000000 0.000000 0.000000 0.000000
262.833357 -0.010000 -0.010000 -0.010000 -0.000000 0.000000 -0.000000 0.000000 0.000000 0.000000 0.000000 0.000000
262.869836 -0.050000 -0.010000 -0.020000 -0.000000 -0.000000 0.000000 0.000000 0.000000 0.000000 0.000000 0.000000
262.898872 0.030000 0.050000 -0.050000 0.000000 -0.000000 -0.000000 0.000000 0.000000 0.000000 0.000000 0.000000
262.930833 0.010000 0.020000 0.050000 -0.000000 0.000000 -0.000000 0.000000 0.000000 0.000000 0.000000 0.000000
262.968669 -0.030000 -0.020000 0.000000 -0.000000 -0.000000 0.000000 0.000000 0.000000 0.000000 0.000000 0.000000
263.007178 -0.020000 -0.010000 0.010000 -0.000000 -0.000000 0.000000 0.000000 0.000000 0.000000 0.000000 0.000000
263.041146 0.030000 0.050000 -0.000000 0.000000 0.000000 0.000000 0.000000 0.000000 0.000000 0.000000 0.000000
263.071010 -0.050000 0.030000 0.060000 -0.000000 0.000000 -0.000000 0.000000 0.000000 0.000000 0.000000 0.000000
263.098357 0.060000 0.040000 0.070000 -0.000000 -0.000000 0.000000 0.000000 0.000000 0.000000 0.000000 0.000000
263.133162 -0.010000 -0.020000 0.070000 -0.000000 0.000000 -0.000000 0.000000 0.000000 0.000000 0.000000 0.000000
263.161345 0.000000 -0.050000 -0.030000 -0.000000 0.000000 0.000000 0.000000 0.000000 0.000000 0.000000 0.000000
263.198624 0.030000 0.010000 -0.050000 -0.000000 -0.000000 -0.000000 0.000000 0.000000 0.000000 0.000000 0.000000
263.235416 -0.010000 0.010000 -0.050000 0.000000 -0.000000 0.000000 0.000000 0.000000 0.000000 0.000000 0.000000
263.269250 -0.000000 -0.030000 -0.020000 0.000000 0.000000 0.000000 0.000000 0.000000 0.000000 0.000000 0.000000
263.303266 -0.050000 -0.070000 -0.060000 0.000000 -0.000000 -0.000000 0.000000 0.000000 0.000000 0.000000 0.000000
263.335466 -0.020000 0.030000 0.040000 0.000000 -0.000000 0.000000 0.000000 0.000000 0.000000 0.000000 0.000000
263.370893 0.050000 0.010000 -0.010000 0.000000 0.000000 0.000000 0.000000 0.000000 0.000000 0.000000 0.000000
263.398309 -0.020000 -0.020000 -0.030000 -0.000000 0.000000 0.000000 0.000000 0.000000 0.000000 0.000000 0.000000
263.433890 0.000000 -0.030000 -0.040000 0.000000 0.000000 -0.000000 0.000000 0.000000 0.000000 0.000000 0.000000
263.469046 -0.020000 0.020000 0.050000 -0.000000 0.000000 -0.000000 0.000000 0.000000 0.000000 0.000000 0.000000
263.505421 0.020000 0.040000 -0.030000 -0.000000 0.000000 0.000000 0.000000 0.000000 0.000000 0.000000 0.000000
263.537806 -0.030000 0.030000 0.010000 0.000000 -0.000000 0.000000 0.000000 0.000000 0.000000 0.000000 0.000000
263.573168 0.030000 0.000000 0.040000 -0.000000 0.000000 -0.000000 0.000000 0.000000 0.000000 0.000000 0.000000
263.609109 0.000000 0.020000 0.000000 -0.000000 0.000000 0.000000 0.000000 0.000000 0.000000 0.000000 0.000000
263.637922 -0.010000 0.010000 0.090000 0.000000 -0.000000 -0.000000 0.000000 0.000000 0.000000 0.000000 0.000000
263.673228 -0.010000 -0.000000 0.000000 -0.000000 0.000000 -0.000000 0.000000 0.000000 0.000000 0.000000 0.000000
263.702257 0.020000 -0.030000 0.010000 -0.000000 -0.000000 0.000000 0.000000 0.000000 0.000000 0.000000 0.000000
263.730765 0.000000 -0.010000 0.030000 -0.000000 0.000000 0.000000 0.000000 0.000000 0.000000 0.000000 0.000000
263.758776 0.010000 0.050000 -0.030000 0.000000 -0.000000 -0.000000 0.000000 0.000000 0.000000 0.000000 0.000000
263.796133 -0.000000 0.050000 -0.020000 0.000000 0.000000 -0.000000 0.000000 0.000000 0.000000 0.000000 0.000000
263.830217 -0.000000 -0.040000 -0.000000 -0.000000 0.000000 0.000000 0.000000 0.000000 0.000000 0.000000 0.000000
263.861202 0.020000 -0.020000 -0.030000 -0.000000 -0.000000 0.000000 0.000000 0.000000 0.000000 0.000000 0.000000
263.896121 0.000000 0.000000 0.000000 0.000000 -0.000000 0.000000 0.000000 0.000000 0.000000 0.000000 0.000000
263.928209 0.020000 0.010000 0.010000 0.000000 -0.000000 -0.000000 0.000000 0.000000 0.000000 0.000000 0.000000
263.960533 0.010000 -0.010000 -0.010000 0.000000 0.000000 0.000000 0.000000 0.000000 0.000000 0.000000 0.000000
263.996883 -0.040000 0.010000 0.030000 -0.000000 0.000000 0.000000 0.000000 0.000000 0.000000 0.000000 0.000000
264.034708 0.000000 -0.010000 -0.060000 -0.000000 -0.000000 -0.000000 0.000000 0.000000 0.000000 0.000000 0.000000
264.074750 -0.010000 0.030000 0.040000 0.000000 0.000000 0.000000 0.000000 0.000000 0.000000 0.000000 0.000000
264.117772 -0.020000 -0.030000 -0.020000 -0.000000 0.000000 -0.000000 0.000000 0.000000 0.000000 0.000000 0.000000
264.161915 -0.000000 -0.020000 -0.080000 -0.000000 -0.000000 -0.000000 0.000000 0.000000 0.000000 0.000000 0.000000
264.194415 -0.030000 0.040000 0.030000 0.000000 0.000000 0.000000 0.000000 0.000000 0.000000 0.000000 0.000000
264.236344 -0.060000 0.000000 -0.000000 -0.000000 0.000000 0.000000 0.000000 0.000000 0.000000 0.000000 0.000000
264.276874 0.010000 -0.010000 0.020000 -0.000000 0.000000 -0.000000 0.000000 0.000000 0.000000 0.000000 0.000000
264.319797 0.010000 0.030000 -0.020000 -0.000000 0.000000 0.000000 0.000000 0.000000 0.000000 0.000000 0.000000
264.361515 0.010000 -0.030000 -0.000000 0.000000 -0.000000 0.000000 0.000000 0.000000 0.000000 0.000000 0.000000
264.396794 0.020000 -0.010000 0.060000 0.000000 -0.000000 -0.000000 0.000000 0.000000 0.000000 0.000000 0.000000
264.437916 0.020000 0.010000 0.090000 -0.000000 0.000000 -0.000000 0.000000 0.000000 0.000000 0.000000 0.000000
264.479745 0.000000 0.010000 -0.000000 0.000000 -0.000000 0.000000 0.000000 0.000000 0.000000 0.000000 0.000000
264.523022 -0.050000 -0.000000 -0.050000 0.000000 0.000000 -0.000000 0.000000 0.000000 0.000000 0.000000 0.000000
264.556735 0.040000 -0.020000 0.080000 -0.000000 0.000000 -0.000000 0.000000 0.000000 0.000000 0.000000 0.000000
264.597925 -0.030000 0.000000 -0.030000 -0.000000 -0.000000 -0.000000 0.000000 0.000000 0.000000 0.000000 0.000000
264.638475 0.010000 -0.060000 0.000000 0.000000 -0.000000 -0.000000 0.000000 0.000000 0.000000 0.000000 0.000000
264.677658 -0.030000 -0.030000 0.000000 0.000000 0.000000 0.000000 0.000000 0.000000 0.000000 0.000000 0.000000
264.717444 0.030000 0.040000 -0.080000 -0.000000 0.000000 0.000000 0.000000 0.000000 0.000000 0.000000 0.000000
264.759493 -0.010000 -0.010000 -0.020000 -0.000000 -0.000000 -0.000000 0.000000 0.000000 0.000000 0.000000 0.000000
264.792415 0.010000 0.020000 0.000000 -0.000000 0.000000 -0.000000 0.000000 0.000000 0.000000 0.000000 0.000000
264.825667 0.020000 0.010000 0.060000 0.000000 0.000000 0.000000 0.000000 0.000000 0.000000 0.000000 0.000000
264.868300 0.050000 -0.020000 -0.010000 -0.000000 0.000000 -0.000000 0.000000 0.000000 0.000000 0.000000 0.000000
264.909898 -0.030000 0.010000 0.020000 -0.000000 0.000000 0.000000 0.000000 0.000000 0.000000 0.000000 0.000000
264.953190 -0.030000 0.010000 -0.070000 -0.000000 0.000000 0.000000 0.000000 0.000000 0.000000 0.000000 0.000000
264.987437 0.020000 -0.030000 0.100000 0.000000 0.000000 -0.000000 0.000000 0.000000 0.000000 0.000000 0.000000
265.027950 0.020000 0.070000 -0.000000 0.000000 0.000000 -0.000000 0.000000 0.000000 0.000000 0.000000 0.000000
265.072342 -0.020000 0.030000 -0.030000 -0.000000 -0.000000 -0.000000 0.000000 0.000000 0.000000 0.000000 0.000000
265.105809 -0.000000 0.040000 -0.070000 -0.000000 -0.000000 0.000000 0.000000 0.000000 0.000000 0.000000 0.000000
265.146637 -0.000000 -0.030000 0.010000 -0.000000 0.000000 -0.000000 0.000000 0.000000 0.000000 0.000000 0.000000
265.186966 -0.010000 0.000000 -0.040000 0.000000 0.000000 0.000000 0.000000 0.000000 0.000000 0.000000 0.000000
265.228522 -0.030000 -0.020000 0.010000 0.000000 -0.000000 0.000000 0.000000 0.000000 0.000000 0.000000 0.000000
265.271027 0.000000 -0.010000 -0.020000 -0.000000 -0.000000 0.000000 0.000000 0.000000 0.000000 0.000000 0.000000
265.314708 0.020000 -0.000000 -0.010000 -0.000000 0.000000 0.000000 0.000000 0.000000 0.000000 0.000000 0.000000
265.357393 0.010000 -0.030000 -0.020000 0.000000 0.000000 -0.000000 0.000000 0.000000 0.000000 0.000000 0.000000
265.396716 0.050000 -0.000000 -0.070000 0.000000 -0.000000 -0.000000 0.000000 0.000000 0.000000 0.000000 0.000000
265.435856 0.010000 0.010000 0.030000 0.000000 0.000000 -0.000000 0.000000 0.000000 0.000000 0.000000 0.000000
265.477918 0.010000 0.040000 0.040000 -0.000000 0.000000 -0.000000 0.000000 0.000000 0.000000 0.000000 0.000000
265.516919 0.000000 0.020000 0.050000 -0.000000 -0.000000 0.000000 0.000000 0.000000 0.000000 0.000000 0.000000
265.558452 0.020000 -0.010000 0.000000 0.000000 -0.000000 0.000000 0.000000 0.000000 0.000000 0.000000 0.000000
265.598746 0.010000 -0.060000 0.060000 -0.000000 0.000000 -0.000000 0.000000 0.000000 0.000000 0.000000 0.000000
265.640703 -0.020000 0.020000 -0.100000 0.000000 -0.000000 0.000000 0.000000 0.000000 0.000000 0.000000 0.000000
265.675198 -0.030000 -0.020000 -0.060000 -0.000000 -0.000000 -0.000000 0.000000 0.000000 0.000000 0.000000 0.000000
265.716959 0.030000 0.000000 0.030000 0.000000 -0.000000 -0.000000 0.000000 0.000000 0.000000 0.000000 0.000000
265.755699 -0.000000 -0.050000 -0.040000 -0.000000 0.000000 -0.000000 0.000000 0.000000 0.000000 0.000000 0.000000
265.798323 -0.050000 0.040000 0.040000 -0.000000 -0.000000 0.000000 0.000000 0.000000 0.000000 0.000000 0.000000
265.839103 -0.040000 0.000000 0.010000 0.000000 -0.000000 0.000000 0.000000 0.000000 0.000000 0.000000 0.000000
265.872010 0.010000 -0.020000 0.030000 -0.000000 -0.000000 0.000000 0.000000 0.000000 0.000000 0.000000 0.000000
265.915833 -0.000000 0.000000 -0.020000 -0.000000 0.000000 -0.000000 0.000000 0.000000 0.000000 0.000000 0.000000
265.956908 -0.010000 0.030000 0.040000 -0.000000 0.000000 0.000000 0.000000 0.000000 0.000000 0.000000 0.000000
265.998949 0.000000 -0.010000 0.030000 0.000000 0.000000 -0.000000 0.000000 0.000000 0.000000 0.000000 0.000000
266.038942 -0.050000 0.030000 0.080000 0.000000 0.000000 0.000000 0.000000 0.000000 0.000000 0.000000 0.000000
266.081509 0.020000 -0.020000 -0.000000 0.000000 -0.000000 0.000000 0.000000 0.000000 0.000000 0.000000 0.000000
266.116276 -0.010000 0.050000 -0.080000 -0.000000 -0.000000 0.000000 0.000000 0.000000 0.000000 0.000000 0.000000
266.156033 0.040000 -0.020000 -0.060000 0.000000 0.000000 0.000000 0.000000 0.000000 0.000000 0.000000 0.000000
266.197919 0.050000 -0.010000 0.000000 -0.000000 -0.000000 0.000000 0.000000 0.000000 0.000000 0.000000 0.000000
266.240089 0.030000 0.020000 -0.010000 0.000000 0.000000 -0.000000 0.000000 0.000000 0.000000 0.000000 0.000000
266.274148 0.000000 0.030000 -0.000000 0.000000 -0.000000 0.000000 0.000000 0.000000 0.000000 0.000000 0.000000
266.316255 -0.040000 -0.010000 -0.030000 -0.000000 -0.000000 0.000000 0.000000 0.000000 0.000000 0.000000 0.000000
266.356880 0.020000 -0.030000 0.010000 0.000000 -0.000000 -0.000000 0.000000 0.000000 0.000000 0.000000 0.000000
266.397202 0.070000 -0.010000 -0.000000 0.000000 0.000000 0.000000 0.000000 0.000000 0.000000 0.000000 0.000000
266.440716 0.020000 -0.030000 0.070000 -0.000000 0.000000 -0.000000 0.000000 0.000000 0.000000 0.000000 0.000000
266.474973 -0.010000 -0.020000 0.030000 0.000000 -0.000000 0.000000 0.000000 0.000000 0.000000 0.000000 0.000000
266.518904 -0.000000 -0.030000 -0.010000 -0.000000 -0.000000 -0.000000 0.000000 0.000000 0.000000 0.000000 0.000000
266.556892 0.010000 -0.030000 -0.000000 0.000000 0.000000 -0.000000 0.000000 0.000000 0.000000 0.000000 0.000000
266.601344 0.020000 -0.010000 0.030000 0.000000 -0.000000 0.000000 0.000000 0.000000 0.000000 0.000000 0.000000
266.636844 -0.040000 0.030000 0.030000 -0.000000 -0.000000 -0.000000 0.000000 0.000000 0.000000 0.000000 0.000000
266.674766 -0.010000 0.030000 -0.050000 0.000000 0.000000 0.000000 0.000000 0.000000 0.000000 0.000000 0.000000
266.717951 0.000000 0.020000 -0.010000 0.000000 -0.000000 -0.000000 0.000000 0.000000 0.000000 0.000000 0.000000
266.758975 -0.070000 0.010000 0.010000 -0.000000 -0.000000 -0.000000 0.000000 0.000000 0.000000 0.000000 0.000000
