349.912391 -0.010000 0.030000 -8.670000 -0.000000 -0.000000 0.000000 0.000000 0.000000 0.000000 0.000000 0.000000
349.949436 0.010000 0.030000 -7.730000 -0.000000 -0.000000 -0.000000 0.000000 0.000000 0.000000 0.000000 0.000000
349.984134 -0.430000 0.140000 -6.950000 -0.000000 -0.000000 0.040000 0.000000 0.000000 0.000000 0.000000 0.000000
350.020611 0.340000 0.520000 -5.720000 0.020000 0.000000 0.050000 0.807599 0.144214 0.000000 4.820000 0.000000
350.048267 0.330000 0.630000 -4.760000 0.020000 -0.010000 -0.020000 4.037994 -0.144214 0.000000 9.640000 14.460000
350.083670 -0.180000 0.300000 -4.110000 0.030000 -0.010000 0.000000 6.187681 -0.276161 0.000000 13.850000 23.080000
350.122546 0.260000 1.050000 -2.950000 -0.010000 0.010000 -0.160000 7.268389 -0.432642 0.000000 14.460000 28.920000
350.153032 -0.350000 -0.040000 -1.730000 0.010000 -0.040000 0.010000 10.498784 0.144214 0.000000 33.740000 28.920000
350.183548 0.040000 0.140000 -0.930000 0.030000 -0.020000 0.070000 11.306383 0.000000 0.000000 33.740000 33.740000
350.219197 0.280000 -0.340000 0.730000 0.050000 -0.020000 0.020000 14.692601 0.137931 0.000000 46.150000 41.540000
350.257073 0.130000 0.020000 -0.240000 -0.100000 -0.030000 -0.010000 17.770524 -0.288428 0.000000 48.210000 57.850000
350.290668 0.020000 -0.150000 0.610000 -0.080000 -0.000000 -0.010000 17.013190 0.000000 0.000000 50.770000 50.770000
350.330281 0.040000 -0.990000 -1.960000 0.020000 0.030000 0.010000 20.193320 -0.144214 0.000000 57.850000 62.670000
350.359470 0.150000 0.110000 0.590000 -0.170000 0.030000 -0.030000 21.808517 -0.144214 0.000000 62.670000 67.490000
350.393998 0.260000 -0.120000 -0.020000 0.060000 -0.070000 0.000000 22.616116 0.000000 0.000000 67.490000 67.490000
350.432673 0.330000 0.220000 0.390000 0.090000 -0.040000 -0.020000 23.199196 0.000000 0.000000 69.230000 69.230000
350.462899 -0.890000 -0.720000 0.800000 0.040000 -0.040000 0.010000 24.231314 0.000000 0.000000 72.310000 72.310000
350.493034 -0.590000 -0.500000 -0.250000 0.130000 -0.120000 0.040000 25.846511 0.000000 0.000000 77.130000 77.130000
350.522384 0.470000 0.060000 0.150000 -0.060000 0.000000 0.020000 24.747373 0.000000 0.000000 73.850000 73.850000
350.551972 -0.200000 -0.000000 1.660000 -0.050000 0.020000 0.000000 26.104541 0.242351 0.000000 81.950000 73.850000
350.582695 -0.360000 -0.410000 0.000000 -0.010000 -0.060000 -0.010000 26.654110 -0.144214 0.000000 77.130000 81.950000
350.619252 -0.140000 1.640000 0.600000 0.170000 -0.170000 -0.050000 26.654110 -0.144214 0.000000 77.130000 81.950000
350.649893 -0.260000 -1.310000 -1.560000 0.090000 -0.050000 0.070000 27.066287 0.138230 0.000000 83.080000 78.460000
350.685701 0.200000 0.250000 0.490000 0.130000 -0.030000 0.010000 29.076906 0.000000 0.000000 86.770000 86.770000
350.719062 -0.280000 -1.190000 -1.050000 -0.100000 0.010000 0.020000 27.066287 -0.138230 0.000000 78.460000 83.080000
350.757875 1.010000 -0.060000 0.540000 -0.180000 0.040000 -0.040000 27.461709 0.000000 0.000000 81.950000 81.950000
350.797417 -0.080000 -0.020000 -0.890000 -0.040000 0.030000 -0.050000 29.076906 0.000000 0.000000 86.770000 86.770000
350.832901 -0.660000 -1.100000 -0.080000 -0.130000 0.040000 -0.010000 29.076906 0.000000 0.000000 86.770000 86.770000
350.863160 -0.050000 0.570000 0.640000 -0.010000 -0.010000 -0.010000 27.840375 0.000000 0.000000 83.080000 83.080000
350.892301 -0.810000 -0.720000 0.980000 -0.280000 0.050000 0.010000 29.884505 0.144214 0.000000 91.590000 86.770000
350.922242 -0.570000 0.220000 -1.560000 0.080000 0.010000 0.050000 29.076906 0.000000 0.000000 86.770000 86.770000
350.951656 -0.120000 0.440000 1.430000 0.120000 -0.060000 -0.010000 27.840375 0.000000 0.000000 83.080000 83.080000
350.981643 0.210000 -0.330000 0.070000 -0.070000 -0.090000 -0.040000 28.612788 -0.137931 0.000000 83.080000 87.690000
351.011498 0.690000 1.080000 -0.200000 0.000000 -0.090000 -0.090000 29.076906 0.000000 0.000000 86.770000 86.770000
351.041578 -0.310000 0.300000 0.020000 0.110000 -0.140000 0.060000 27.461709 0.000000 0.000000 81.950000 81.950000
351.071129 0.360000 0.060000 -0.900000 0.050000 -0.070000 0.000000 28.612788 -0.137931 0.000000 83.080000 87.690000
351.100401 -0.300000 -0.700000 1.590000 0.020000 -0.120000 0.030000 29.076906 0.000000 0.000000 86.770000 86.770000
351.128236 0.410000 0.370000 -0.520000 -0.050000 -0.020000 0.030000 28.458641 -0.110405 0.000000 83.080000 86.770000
351.161910 0.510000 1.050000 -0.890000 0.080000 -0.070000 -0.120000 29.076906 0.000000 0.000000 86.770000 86.770000
351.199962 -0.000000 0.270000 0.730000 -0.200000 -0.130000 0.030000 28.269307 0.144214 0.000000 86.770000 81.950000
351.229999 -0.090000 0.610000 -0.150000 -0.050000 -0.090000 0.090000 29.076906 0.000000 0.000000 86.770000 86.770000
351.258391 -0.050000 -0.590000 -0.980000 -0.030000 0.030000 -0.000000 27.840375 0.000000 0.000000 83.080000 83.080000
351.295473 -0.510000 -0.130000 -1.530000 0.060000 -0.050000 0.070000 30.692104 0.000000 0.000000 91.590000 91.590000
351.333976 -0.090000 -1.130000 -1.620000 0.170000 0.050000 -0.010000 29.076906 0.000000 0.000000 86.770000 86.770000
351.368171 -0.610000 -0.240000 2.530000 -0.060000 -0.070000 0.100000 27.840375 0.000000 0.000000 83.080000 83.080000
351.404137 0.180000 0.090000 1.450000 -0.120000 -0.040000 -0.010000 27.840375 0.000000 0.000000 83.080000 83.080000
351.442037 0.070000 -0.490000 -1.030000 0.030000 -0.040000 -0.010000 29.884505 -0.144214 0.000000 86.770000 91.590000
351.472013 0.070000 -0.720000 -1.230000 0.000000 0.090000 0.110000 28.269307 0.144214 0.000000 86.770000 81.950000
351.499967 -0.430000 1.150000 0.330000 -0.010000 0.020000 -0.000000 28.612788 -0.137931 0.000000 83.080000 87.690000
351.538177 -0.090000 -0.460000 1.410000 -0.100000 0.060000 0.010000 29.076906 0.000000 0.000000 86.770000 86.770000
351.571268 0.910000 0.800000 -2.760000 0.190000 0.030000 0.050000 30.692104 0.288428 0.000000 96.410000 86.770000
351.599339 0.710000 -1.110000 -1.810000 0.140000 0.120000 -0.050000 27.461709 0.000000 0.000000 81.950000 81.950000
351.637075 -0.230000 0.240000 -0.170000 -0.050000 0.110000 0.050000 29.076906 0.000000 0.000000 86.770000 86.770000
351.673647 -0.070000 -0.440000 -2.400000 0.070000 0.130000 -0.030000 29.076906 0.288428 0.000000 91.590000 81.950000
351.711501 0.480000 0.010000 2.120000 -0.010000 0.100000 0.070000 27.840375 0.000000 0.000000 83.080000 83.080000
351.740617 1.260000 0.330000 -1.120000 0.150000 0.100000 -0.040000 26.654110 0.144214 0.000000 81.950000 77.130000
351.770539 -0.210000 0.660000 2.830000 0.100000 0.000000 0.050000 29.076906 -0.288428 0.000000 81.950000 91.590000
351.799878 0.360000 0.130000 1.640000 -0.110000 0.060000 -0.010000 27.840375 0.000000 0.000000 83.080000 83.080000
351.835541 0.170000 0.880000 0.560000 -0.040000 0.050000 -0.050000 28.612788 -0.137931 0.000000 83.080000 87.690000
351.872009 0.370000 -0.440000 -0.790000 0.010000 0.060000 0.000000 29.076906 0.000000 0.000000 86.770000 86.770000
351.899724 -0.090000 0.440000 1.660000 0.040000 -0.060000 -0.090000 26.654110 -0.144214 0.000000 77.130000 81.950000
351.936510 -0.760000 0.190000 -0.140000 -0.240000 -0.070000 0.000000 27.840375 0.000000 0.000000 83.080000 83.080000
351.973731 0.380000 0.640000 -0.400000 -0.070000 -0.070000 0.000000 29.076906 0.000000 0.000000 86.770000 86.770000
352.009884 0.370000 -0.590000 -1.560000 0.190000 0.030000 -0.010000 29.076906 0.000000 0.000000 86.770000 86.770000
352.046182 0.020000 0.500000 -0.010000 0.100000 -0.000000 -0.010000 27.461709 0.000000 0.000000 81.950000 81.950000
352.080303 0.210000 0.240000 0.260000 0.010000 0.010000 0.010000 29.076906 0.000000 0.000000 86.770000 86.770000
352.108013 -0.030000 -0.580000 2.080000 0.030000 0.000000 -0.030000 29.076906 0.000000 0.000000 86.770000 86.770000
352.142149 -0.270000 0.110000 0.410000 -0.030000 -0.020000 0.070000 29.385201 0.000000 0.000000 87.690000 87.690000
352.176190 0.230000 -0.100000 -0.030000 0.150000 -0.020000 -0.040000 27.461709 0.000000 0.000000 81.950000 81.950000
352.212351 -0.880000 -1.180000 0.560000 -0.110000 0.040000 0.080000 29.076906 0.000000 0.000000 86.770000 86.770000
352.240647 0.350000 2.510000 -0.240000 -0.020000 -0.030000 -0.080000 28.612788 -0.137931 0.000000 83.080000 87.690000
352.269666 -0.310000 -0.730000 1.560000 -0.180000 -0.000000 -0.030000 28.612788 -0.137931 0.000000 83.080000 87.690000
352.306909 0.470000 0.500000 1.940000 -0.220000 -0.050000 0.000000 29.076906 0.000000 0.000000 86.770000 86.770000
352.341510 -0.290000 -0.420000 -1.380000 -0.020000 0.010000 -0.010000 29.076906 -0.288428 0.000000 81.950000 91.590000
352.377066 0.270000 1.630000 -1.300000 0.010000 -0.050000 0.050000 27.840375 0.000000 0.000000 83.080000 83.080000
352.413417 0.710000 -0.910000 -4.300000 0.050000 0.050000 -0.000000 29.076906 0.000000 0.000000 86.770000 86.770000
352.452431 -0.480000 -0.610000 1.780000 0.010000 -0.040000 0.070000 29.076906 0.000000 0.000000 86.770000 86.770000
352.483160 -0.450000 0.300000 0.190000 -0.080000 -0.010000 -0.000000 29.076906 0.000000 0.000000 86.770000 86.770000
352.513293 -0.390000 -0.420000 -0.680000 -0.030000 -0.060000 -0.030000 28.269307 -0.144214 0.000000 81.950000 86.770000
352.552012 -0.420000 -1.520000 -1.150000 0.080000 0.060000 0.080000 29.076906 0.000000 0.000000 86.770000 86.770000
352.581103 -0.870000 0.060000 0.360000 0.100000 0.040000 -0.050000 27.840375 0.000000 0.000000 83.080000 83.080000
352.619860 -1.190000 -1.010000 1.980000 -0.020000 0.060000 0.070000 27.461709 0.000000 0.000000 81.950000 81.950000
352.656217 -0.430000 0.950000 0.380000 0.090000 -0.020000 -0.000000 29.076906 0.000000 0.000000 86.770000 86.770000
352.690275 -0.670000 0.550000 0.010000 0.080000 -0.100000 0.010000 29.386877 0.276161 0.000000 92.310000 83.080000
352.720920 0.060000 0.340000 0.870000 -0.120000 -0.130000 0.050000 27.840375 0.000000 0.000000 83.080000 83.080000
352.750920 -0.130000 0.530000 -0.360000 -0.040000 -0.090000 0.010000 29.076906 0.000000 0.000000 86.770000 86.770000
352.781615 0.950000 0.150000 -1.480000 0.010000 -0.010000 0.070000 29.076906 0.000000 0.000000 86.770000 86.770000
352.811029 0.310000 -0.360000 -1.240000 0.090000 0.050000 -0.070000 28.612788 0.137931 0.000000 87.690000 83.080000
352.840607 0.480000 -0.420000 -0.120000 0.170000 -0.050000 0.030000 29.076906 0.000000 0.000000 86.770000 86.770000
352.869713 0.610000 -0.150000 0.020000 -0.120000 0.010000 0.020000 29.076906 0.000000 0.000000 86.770000 86.770000
352.908070 -0.160000 -0.280000 -0.530000 -0.060000 0.030000 0.000000 28.269307 0.144214 0.000000 86.770000 81.950000
352.944598 0.170000 -0.560000 -0.650000 0.040000 0.080000 0.030000 28.458641 0.110405 0.000000 86.770000 83.080000
352.981391 -0.070000 -0.380000 1.280000 0.050000 0.030000 -0.050000 29.884505 -0.144214 0.000000 86.770000 91.590000
353.010567 0.300000 0.300000 1.130000 -0.120000 0.010000 -0.060000 24.745697 -0.276161 0.000000 69.230000 78.460000
353.040174 0.570000 -0.380000 0.970000 -0.120000 0.020000 -0.010000 21.808517 -0.721070 0.000000 53.030000 77.130000
353.070111 -0.280000 -1.260000 0.210000 0.040000 -0.060000 -0.260000 20.191644 -1.009798 0.000000 43.380000 77.130000
353.100692 1.000000 -0.710000 -1.050000 -0.040000 -0.060000 -0.760000 18.559692 -1.104943 0.000000 36.920000 73.850000
353.131254 -0.550000 -0.160000 0.920000 -0.020000 -0.090000 -0.880000 14.694276 -1.242874 0.000000 23.080000 64.620000
353.159224 0.720000 -0.140000 -0.220000 0.010000 -0.040000 -1.270000 12.115657 -1.298226 0.000000 14.460000 57.850000
353.195892 -0.460000 0.070000 -0.400000 0.020000 0.030000 -1.460000 8.885262 -1.586654 0.000000 0.000000 53.030000
353.231144 -0.150000 1.140000 -1.270000 -0.020000 0.010000 -1.390000 7.732507 -1.380805 0.000000 0.000000 46.150000
353.267356 0.230000 0.580000 0.620000 -0.020000 -0.020000 -1.250000 8.077663 -1.442440 0.000000 0.000000 48.210000
353.301434 -0.450000 0.680000 -0.620000 -0.010000 -0.030000 -1.240000 7.268389 -1.297927 0.000000 0.000000 43.380000
353.338008 -0.260000 0.540000 0.730000 -0.010000 -0.020000 -1.180000 7.268389 -1.297927 0.000000 0.000000 43.380000
353.374965 -0.020000 0.000000 -0.740000 -0.010000 0.000000 -1.320000 6.186005 -1.381104 0.000000 -4.620000 41.540000
353.412774 -0.420000 0.230000 0.470000 -0.010000 0.000000 -1.360000 5.653191 -1.586355 0.000000 -9.640000 43.380000
353.444001 1.000000 0.290000 0.540000 -0.030000 -0.030000 -1.520000 3.865416 -1.519035 0.000000 -13.850000 36.920000
353.480673 -0.220000 0.070000 -0.160000 -0.010000 -0.050000 -1.590000 3.230395 -1.730569 0.000000 -19.280000 38.560000
353.509075 0.350000 0.330000 0.140000 0.000000 -0.030000 -1.740000 3.230395 -1.730569 0.000000 -19.280000 38.560000
353.544896 -0.670000 0.070000 0.310000 -0.000000 -0.020000 -1.670000 3.093003 -1.933426 0.000000 -23.080000 41.540000
353.581606 0.420000 0.170000 -0.580000 0.010000 -0.010000 -1.750000 3.093003 -1.933426 0.000000 -23.080000 41.540000
353.611718 -0.100000 0.620000 0.210000 -0.010000 -0.040000 -1.740000 1.615198 -2.018997 0.000000 -28.920000 38.560000
353.648157 -0.190000 -0.360000 -0.000000 -0.010000 -0.020000 -1.730000 2.422796 -1.874783 0.000000 -24.100000 38.560000
353.685100 -0.450000 0.160000 0.090000 -0.030000 -0.020000 -1.760000 2.320590 -2.071357 0.000000 -27.690000 41.540000
353.720179 -0.200000 -0.130000 0.170000 -0.010000 -0.040000 -1.840000 1.615198 -2.018997 0.000000 -28.920000 38.560000
353.759298 -0.230000 0.010000 -0.400000 -0.030000 -0.050000 -1.950000 1.615198 -2.018997 0.000000 -28.920000 38.560000
353.789874 -0.020000 -0.060000 0.380000 -0.010000 0.010000 -1.910000 -1.615198 -1.442141 0.000000 -28.920000 19.280000
353.824276 0.550000 0.220000 -0.150000 0.020000 0.000000 -1.980000 2.320590 -2.071357 0.000000 -27.690000 41.540000
353.860886 -0.040000 -0.330000 0.210000 -0.020000 -0.010000 -2.050000 1.615198 -2.307425 0.000000 -33.740000 43.380000
353.891623 -0.330000 -0.310000 0.010000 -0.010000 -0.040000 -1.970000 1.546501 -2.209587 0.000000 -32.310000 41.540000
353.922234 -0.130000 0.050000 -0.300000 0.010000 -0.030000 -1.930000 2.422796 -2.163211 0.000000 -28.920000 43.380000
353.952438 -0.120000 -0.270000 0.090000 -0.020000 -0.030000 -1.910000 1.615198 -2.018997 0.000000 -28.920000 38.560000
353.982860 -0.310000 -0.020000 0.500000 -0.020000 -0.020000 -1.890000 1.615198 -2.018997 0.000000 -28.920000 38.560000
354.011392 0.220000 0.000000 -0.380000 -0.010000 -0.020000 -1.890000 1.546501 -2.209587 0.000000 -32.310000 41.540000
354.049343 0.140000 -0.100000 0.010000 -0.010000 -0.030000 -1.980000 1.615198 -2.018997 0.000000 -28.920000 38.560000
354.078720 -0.230000 -0.310000 0.070000 -0.020000 -0.020000 -1.930000 3.230395 -2.018997 0.000000 -24.100000 43.380000
354.116747 0.270000 -0.070000 -0.180000 -0.020000 -0.010000 -1.950000 0.772413 -2.071357 0.000000 -32.310000 36.920000
354.152575 0.200000 -0.310000 -0.110000 -0.010000 -0.020000 -1.960000 2.922100 -1.963944 0.000000 -24.100000 41.540000
354.182595 -0.620000 -0.100000 -0.070000 -0.020000 -0.010000 -1.940000 0.807599 -2.163211 0.000000 -33.740000 38.560000
354.211761 0.280000 0.470000 0.160000 0.010000 0.010000 -2.020000 2.422796 -2.163211 0.000000 -28.920000 43.380000
354.240491 -0.090000 -0.230000 -0.150000 -0.000000 -0.020000 -2.020000 0.772413 -2.071357 0.000000 -32.310000 36.920000
354.271648 0.150000 0.590000 0.060000 -0.000000 -0.040000 -1.960000 2.422796 -2.163211 0.000000 -28.920000 43.380000
354.300633 0.010000 0.120000 -0.020000 -0.000000 -0.040000 -1.940000 1.546501 -2.209587 0.000000 -32.310000 41.540000
354.331221 0.510000 -0.210000 0.210000 -0.020000 -0.040000 -1.960000 1.615198 -2.018997 0.000000 -28.920000 38.560000
354.360947 -0.690000 -0.330000 -0.190000 0.000000 -0.020000 -1.890000 2.422796 -2.163211 0.000000 -28.920000 43.380000
354.390471 0.090000 0.520000 -0.590000 0.020000 -0.010000 -1.850000 1.615198 -2.307425 0.000000 -33.740000 43.380000
354.418115 0.400000 0.010000 0.360000 0.020000 -0.040000 -1.910000 1.546501 -1.933127 0.000000 -27.690000 36.920000
354.453207 -0.260000 -0.600000 -0.210000 -0.010000 -0.040000 -1.910000 3.230395 -2.018997 0.000000 -24.100000 43.380000
354.488227 0.080000 0.170000 0.480000 -0.030000 -0.010000 -1.820000 1.615198 -2.018997 0.000000 -28.920000 38.560000
354.523336 -0.220000 0.050000 -0.070000 -0.030000 -0.030000 -1.870000 2.320590 -2.071357 0.000000 -27.690000 41.540000
354.555276 0.360000 0.090000 -0.160000 -0.040000 0.010000 -1.860000 1.546501 -1.933127 0.000000 -27.690000 36.920000
354.590658 0.440000 -0.170000 0.070000 0.000000 -0.020000 -1.840000 2.422796 -2.163211 0.000000 -28.920000 43.380000
354.620654 -0.080000 -0.050000 0.250000 0.010000 -0.040000 -1.870000 1.615198 -2.018997 0.000000 -28.920000 38.560000
354.651181 -0.580000 -0.320000 -0.210000 -0.010000 -0.030000 -1.850000 3.093003 -1.933426 0.000000 -23.080000 41.540000
354.680519 0.140000 -0.320000 -0.100000 -0.010000 -0.020000 -1.870000 1.615198 -2.018997 0.000000 -28.920000 38.560000
354.710365 -0.120000 0.120000 0.070000 0.020000 -0.040000 -1.840000 0.000000 -2.018997 0.000000 -33.740000 33.740000
354.739839 -0.180000 -0.140000 0.230000 -0.010000 -0.030000 -1.840000 2.422796 -1.874783 0.000000 -24.100000 38.560000
354.775516 0.500000 0.310000 0.070000 0.030000 -0.020000 -1.910000 2.422796 -2.163211 0.000000 -28.920000 43.380000
354.810873 -0.680000 -0.440000 -0.420000 0.000000 -0.030000 -1.880000 0.807599 -2.163211 0.000000 -33.740000 38.560000
354.839715 -0.380000 0.440000 0.660000 -0.030000 -0.050000 -1.900000 3.865416 -2.071357 0.000000 -23.080000 46.150000
354.876300 0.220000 0.220000 0.110000 0.010000 -0.040000 -1.880000 0.000000 -2.018997 0.000000 -33.740000 33.740000
354.912113 0.500000 0.040000 -0.160000 -0.030000 -0.030000 -1.950000 1.615198 -2.307425 0.000000 -33.740000 43.380000
354.949134 0.110000 -0.090000 0.370000 0.010000 -0.030000 -1.830000 1.546501 -2.209587 0.000000 -32.310000 41.540000
354.977884 0.140000 0.090000 -0.370000 -0.010000 -0.010000 -1.870000 0.000000 -2.209288 0.000000 -36.920000 36.920000
355.014750 -0.990000 -0.010000 0.200000 -0.020000 -0.030000 -1.810000 2.422796 -2.163211 0.000000 -28.920000 43.380000
355.049288 -0.150000 0.250000 0.220000 0.000000 -0.060000 -1.760000 2.422796 -1.874783 0.000000 -24.100000 38.560000
355.079549 0.470000 -0.310000 0.230000 -0.050000 0.030000 -1.740000 2.320590 -2.071357 0.000000 -27.690000 41.540000
355.116646 0.510000 0.020000 -0.660000 -0.020000 -0.000000 -1.820000 1.615198 -2.018997 0.000000 -28.920000 38.560000
355.152056 -0.150000 -0.170000 0.000000 -0.010000 -0.010000 -1.800000 2.422796 -1.874783 0.000000 -24.100000 38.560000
355.190075 0.010000 -0.440000 0.100000 -0.010000 -0.020000 -1.810000 2.422796 -1.874783 0.000000 -24.100000 38.560000
355.218399 0.720000 0.760000 -0.040000 -0.010000 -0.020000 -1.820000 2.422796 -2.163211 0.000000 -28.920000 43.380000
355.257275 0.090000 -0.250000 -0.380000 0.000000 -0.040000 -1.810000 1.615198 -2.018997 0.000000 -28.920000 38.560000
355.294526 -0.350000 -0.360000 -0.420000 -0.030000 0.000000 -1.830000 3.867091 -1.795196 0.000000 -18.460000 41.540000
355.330424 -0.230000 0.420000 -0.200000 0.010000 -0.040000 -1.690000 4.037994 -1.874783 0.000000 -19.280000 43.380000
355.361324 0.260000 -0.290000 -0.090000 0.000000 -0.010000 -1.790000 1.615198 -2.018997 0.000000 -28.920000 38.560000
355.389181 0.140000 0.610000 0.170000 0.010000 -0.030000 -1.810000 2.318914 -1.795196 0.000000 -23.080000 36.920000
355.423108 -0.020000 -0.430000 0.060000 -0.020000 -0.030000 -1.750000 3.093003 -1.933426 0.000000 -23.080000 41.540000
355.451846 0.090000 0.160000 0.370000 -0.030000 -0.030000 -1.690000 4.037994 -1.586355 0.000000 -14.460000 38.560000
355.481747 -0.080000 0.210000 -0.030000 0.010000 -0.020000 -1.700000 2.422796 -1.874783 0.000000 -24.100000 38.560000
355.510427 -0.240000 -0.200000 0.160000 -0.020000 -0.040000 -1.730000 1.546501 -1.933127 0.000000 -27.690000 36.920000
355.550491 0.140000 0.320000 0.030000 0.010000 -0.010000 -1.690000 2.422796 -1.874783 0.000000 -24.100000 38.560000
355.579975 0.140000 0.200000 0.260000 -0.020000 -0.020000 -1.710000 1.615198 -1.730569 0.000000 -24.100000 33.740000
355.615650 -0.340000 -0.420000 -0.190000 -0.010000 -0.010000 -1.660000 2.422796 -1.874783 0.000000 -24.100000 38.560000
355.651595 0.330000 0.090000 0.390000 -0.030000 0.010000 -1.650000 1.340413 -1.969928 0.000000 -28.920000 36.920000
355.681915 -0.260000 -0.310000 -0.150000 -0.000000 -0.000000 -1.630000 1.615198 -1.730569 0.000000 -24.100000 33.740000
355.717484 0.120000 0.090000 -0.420000 -0.040000 0.000000 -1.630000 2.318914 -1.795196 0.000000 -23.080000 36.920000
355.754917 -0.310000 -0.450000 0.100000 -0.010000 -0.030000 -1.620000 3.230395 -1.730569 0.000000 -19.280000 38.560000
355.790896 0.260000 0.150000 0.260000 -0.040000 -0.020000 -1.640000 1.615198 -1.730569 0.000000 -24.100000 33.740000
355.831534 0.080000 -0.500000 -0.330000 -0.020000 -0.030000 -1.630000 2.318914 -1.795196 0.000000 -23.080000 36.920000
355.862149 -0.070000 0.520000 0.220000 -0.010000 -0.040000 -1.600000 2.318914 -1.795196 0.000000 -23.080000 36.920000
355.892557 -0.150000 -0.200000 -0.200000 -0.010000 -0.020000 -1.640000 1.615198 -1.442141 0.000000 -19.280000 28.920000
355.922629 -0.010000 0.350000 0.080000 -0.030000 -0.020000 -1.660000 2.422796 -1.874783 0.000000 -24.100000 38.560000
355.953355 -0.080000 -0.370000 0.180000 0.000000 -0.000000 -1.620000 1.546501 -1.657265 0.000000 -23.080000 32.310000
355.982594 -0.020000 0.670000 -0.150000 -0.010000 0.000000 -1.620000 2.422796 -1.874783 0.000000 -24.100000 38.560000
356.011271 0.030000 -0.200000 -0.140000 -0.000000 -0.010000 -1.640000 1.615198 -1.730569 0.000000 -24.100000 33.740000
356.049130 -0.050000 0.240000 0.110000 -0.010000 -0.010000 -1.640000 3.230395 -1.730569 0.000000 -19.280000 38.560000
356.086285 0.590000 -0.040000 0.080000 0.020000 -0.000000 -1.620000 3.093003 -1.933426 0.000000 -23.080000 41.540000
356.120993 -0.240000 0.060000 -0.160000 -0.040000 -0.020000 -1.640000 0.807599 -1.874783 0.000000 -28.920000 33.740000
356.152128 -0.080000 -0.090000 0.320000 -0.020000 -0.030000 -1.620000 2.318914 -1.795196 0.000000 -23.080000 36.920000
356.182626 0.420000 0.230000 -0.390000 0.000000 0.010000 -1.740000 1.615198 -1.730569 0.000000 -24.100000 33.740000
356.211690 -0.330000 -0.200000 0.190000 0.000000 -0.010000 -1.700000 1.615198 -1.730569 0.000000 -24.100000 33.740000
356.241104 -0.080000 0.140000 -0.150000 -0.010000 -0.030000 -1.720000 0.807599 -1.586355 0.000000 -24.100000 28.920000
356.274444 -0.380000 -0.160000 -0.050000 -0.000000 -0.020000 -1.660000 1.546501 -1.933127 0.000000 -27.690000 36.920000
356.307911 0.270000 -0.040000 0.120000 -0.010000 -0.020000 -1.760000 2.422796 -1.874783 0.000000 -24.100000 38.560000
356.346509 -0.180000 -0.160000 0.110000 -0.010000 0.010000 -1.730000 2.422796 -1.874783 0.000000 -24.100000 38.560000
356.383631 0.380000 0.290000 -0.320000 -0.020000 -0.010000 -1.730000 1.546501 -1.933127 0.000000 -27.690000 36.920000
356.418222 0.030000 -0.160000 -0.160000 0.010000 -0.030000 -1.790000 3.230395 -1.730569 0.000000 -19.280000 38.560000
356.456130 0.170000 0.460000 -0.990000 -0.020000 -0.000000 -1.780000 1.615198 -2.018997 0.000000 -28.920000 38.560000
356.494280 -0.060000 -0.360000 0.700000 0.010000 -0.020000 -1.800000 0.807599 -1.297927 0.000000 -19.280000 24.100000
356.531185 0.120000 0.410000 0.320000 -0.000000 -0.040000 -1.770000 1.546501 -1.933127 0.000000 -27.690000 36.920000
356.562545 0.070000 -0.140000 -0.030000 -0.000000 -0.020000 -1.780000 2.422796 -1.874783 0.000000 -24.100000 38.560000
356.591051 0.020000 -0.180000 -0.220000 -0.020000 -0.020000 -1.780000 3.093003 -2.209288 0.000000 -27.690000 46.150000
356.619004 0.040000 -0.070000 0.080000 0.010000 -0.020000 -1.700000 0.807599 -1.874783 0.000000 -28.920000 33.740000
356.653354 0.050000 -0.060000 -0.600000 -0.010000 -0.010000 -1.780000 2.422796 -1.874783 0.000000 -24.100000 38.560000
356.687927 -0.310000 0.200000 0.300000 0.010000 -0.040000 -1.760000 1.615198 -2.018997 0.000000 -28.920000 38.560000
356.723300 0.180000 -0.370000 0.220000 -0.000000 -0.020000 -1.780000 1.546501 -1.657265 0.000000 -23.080000 32.310000
356.754891 -0.110000 0.290000 -0.300000 0.010000 -0.010000 -1.690000 1.615198 -2.018997 0.000000 -28.920000 38.560000
356.791083 -0.190000 -0.020000 0.050000 -0.000000 0.000000 -1.670000 0.000000 -1.730569 0.000000 -28.920000 28.920000
356.819557 0.510000 0.230000 0.130000 0.010000 -0.030000 -1.760000 3.093003 -1.933426 0.000000 -23.080000 41.540000
356.858305 -0.660000 -0.320000 0.370000 -0.010000 -0.020000 -1.690000 1.546501 -1.933127 0.000000 -27.690000 36.920000
356.893316 -0.150000 0.760000 0.450000 0.010000 -0.010000 -1.690000 2.422796 -1.874783 0.000000 -24.100000 38.560000
356.932437 -0.870000 -0.480000 0.970000 -0.030000 0.000000 -1.760000 1.615198 -1.730569 0.000000 -24.100000 33.740000
356.962912 0.180000 0.300000 -0.510000 0.000000 -0.040000 -1.710000 0.000000 -1.933426 0.000000 -32.310000 32.310000
356.992914 0.080000 -0.350000 0.350000 -0.020000 -0.020000 -1.750000 0.807599 -1.874783 0.000000 -28.920000 33.740000
357.030915 0.070000 0.770000 -0.110000 0.000000 0.010000 -1.760000 2.628885 -2.126409 0.000000 -27.690000 43.380000
357.059287 0.300000 -0.200000 -0.370000 -0.000000 -0.050000 -1.850000 1.615198 -2.018997 0.000000 -28.920000 38.560000
357.093129 -0.390000 0.050000 -0.810000 0.000000 -0.020000 -1.930000 1.615198 -2.018997 0.000000 -28.920000 38.560000
357.131464 -0.330000 -0.150000 0.210000 0.000000 -0.010000 -1.820000 1.615198 -2.018997 0.000000 -28.920000 38.560000
357.161364 0.810000 0.030000 -0.200000 -0.010000 -0.020000 -1.870000 2.320590 -2.071357 0.000000 -27.690000 41.540000
357.191655 -0.040000 -0.230000 -0.230000 -0.020000 -0.040000 -1.860000 1.615198 -2.018997 0.000000 -28.920000 38.560000
357.222653 0.230000 0.030000 -0.050000 -0.010000 -0.040000 -1.810000 1.615198 -2.018997 0.000000 -28.920000 38.560000
357.253550 0.180000 -0.470000 -0.060000 0.000000 -0.040000 -1.820000 0.772413 -2.071357 0.000000 -32.310000 36.920000
357.289185 -0.070000 -0.150000 0.290000 -0.040000 -0.050000 -1.790000 2.318914 -1.795196 0.000000 -23.080000 36.920000
357.326283 0.140000 0.150000 -0.070000 0.010000 -0.030000 -1.720000 -1.615198 -2.307425 0.000000 -43.380000 33.740000
357.360269 0.050000 -0.220000 0.150000 -0.020000 -0.020000 -1.770000 3.230395 -1.730569 0.000000 -19.280000 38.560000
357.388335 -0.380000 0.110000 0.180000 -0.000000 -0.030000 -1.700000 1.546501 -1.933127 0.000000 -27.690000 36.920000
357.424155 0.390000 -0.100000 -0.370000 -0.010000 -0.020000 -1.800000 1.615198 -2.018997 0.000000 -28.920000 38.560000
357.461570 -0.300000 0.090000 -0.180000 -0.010000 -0.020000 -1.810000 1.615198 -2.018997 0.000000 -28.920000 38.560000
357.489416 0.190000 0.220000 0.230000 0.000000 -0.020000 -1.800000 0.807599 -1.874783 0.000000 -28.920000 33.740000
357.526050 0.410000 0.420000 0.080000 0.000000 -0.010000 -1.790000 0.000000 -2.018997 0.000000 -33.740000 33.740000
357.559859 -0.440000 -0.540000 0.050000 -0.010000 -0.020000 -1.850000 1.615198 -2.018997 0.000000 -28.920000 38.560000
357.598960 -0.570000 0.140000 0.310000 -0.020000 -0.000000 -1.810000 0.774088 -2.347518 0.000000 -36.920000 41.540000
357.636686 0.120000 -0.290000 -0.270000 -0.040000 -0.020000 -1.820000 1.615198 -1.730569 0.000000 -24.100000 33.740000
357.669598 0.020000 0.060000 0.140000 -0.000000 -0.030000 -1.800000 0.807599 -2.451639 0.000000 -38.560000 43.380000
357.706882 0.290000 0.220000 0.250000 0.010000 -0.030000 -1.860000 1.546501 -1.933127 0.000000 -27.690000 36.920000
357.742189 -0.070000 -0.040000 -0.340000 -0.000000 -0.050000 -1.930000 3.867091 -1.795196 0.000000 -18.460000 41.540000
357.781177 -0.720000 -0.200000 -0.030000 -0.020000 -0.040000 -1.850000 0.807599 -2.163211 0.000000 -33.740000 38.560000
357.811097 0.550000 0.170000 -0.090000 -0.040000 -0.020000 -1.870000 2.422796 -2.163211 0.000000 -28.920000 43.380000
357.840639 -0.330000 -0.200000 -0.260000 -0.010000 -0.030000 -1.820000 1.546501 -1.933127 0.000000 -27.690000 36.920000
357.871570 0.080000 -0.200000 0.340000 -0.020000 -0.020000 -1.830000 2.422796 -2.163211 0.000000 -28.920000 43.380000
357.903062 -0.100000 0.050000 -0.230000 0.010000 -0.020000 -1.800000 0.807599 -1.874783 0.000000 -28.920000 33.740000
357.932545 0.140000 -0.210000 0.010000 0.010000 -0.030000 -1.910000 1.615198 -2.018997 0.000000 -28.920000 38.560000
357.963042 -0.840000 0.120000 0.670000 -0.010000 -0.030000 -1.830000 2.422796 -2.163211 0.000000 -28.920000 43.380000
357.992643 0.320000 -0.190000 0.100000 -0.020000 -0.030000 -1.850000 0.807599 -2.163211 0.000000 -33.740000 38.560000
358.020932 0.050000 0.340000 -0.220000 -0.020000 -0.040000 -1.840000 1.546501 -1.380805 0.000000 -18.460000 27.690000
358.052886 -0.110000 -0.240000 0.150000 -0.020000 -0.040000 -1.800000 4.039669 -2.163510 0.000000 -24.100000 48.210000
358.082674 0.330000 0.160000 -0.240000 -0.010000 0.010000 -1.930000 1.615198 -2.018997 0.000000 -28.920000 38.560000
358.113098 -0.320000 -0.330000 0.090000 -0.020000 -0.010000 -1.860000 2.318914 -1.795196 0.000000 -23.080000 36.920000
358.141301 0.460000 0.250000 0.040000 -0.010000 -0.030000 -1.890000 1.546501 -1.933127 0.000000 -27.690000 36.920000
358.171674 0.010000 -0.040000 0.230000 0.010000 -0.060000 -1.870000 3.230395 -2.018997 0.000000 -24.100000 43.380000
358.203095 -0.020000 -0.460000 -0.230000 -0.010000 -0.040000 -1.940000 1.615198 -2.018997 0.000000 -28.920000 38.560000
358.233511 -0.470000 0.200000 -0.280000 -0.010000 -0.010000 -1.790000 2.320590 -2.071357 0.000000 -27.690000 41.540000
358.267065 0.280000 0.080000 0.210000 -0.020000 0.000000 -1.830000 1.615198 -2.018997 0.000000 -28.920000 38.560000
358.305515 -0.400000 0.010000 -0.150000 -0.020000 -0.040000 -1.820000 1.615198 -2.018997 0.000000 -28.920000 38.560000
358.338510 0.490000 0.360000 0.320000 -0.000000 -0.030000 -1.840000 1.615198 -2.018997 0.000000 -28.920000 38.560000
358.376123 -0.330000 0.100000 -0.290000 0.020000 -0.040000 -1.810000 1.546501 -1.933127 0.000000 -27.690000 36.920000
358.410674 -0.620000 -0.090000 0.110000 -0.020000 0.010000 -1.800000 2.422796 -2.163211 0.000000 -28.920000 43.380000
358.447960 0.210000 0.540000 0.200000 0.000000 -0.040000 -1.810000 3.865416 -1.519035 0.000000 -13.850000 36.920000
358.485355 0.180000 -0.780000 0.000000 -0.030000 -0.050000 -1.790000 2.422796 -1.874783 0.000000 -24.100000 38.560000
358.519648 -0.040000 0.460000 -0.240000 0.010000 -0.030000 -1.810000 1.615198 -2.018997 0.000000 -28.920000 38.560000
358.550619 0.040000 -0.470000 0.030000 -0.010000 -0.020000 -1.810000 2.318914 -1.795196 0.000000 -23.080000 36.920000
358.578738 0.060000 -0.100000 0.290000 -0.050000 -0.030000 -1.830000 0.772413 -1.519035 0.000000 -23.080000 27.690000
358.618100 0.720000 0.020000 -0.290000 0.010000 -0.050000 -1.760000 2.422796 -1.874783 0.000000 -24.100000 38.560000
358.657107 0.860000 -0.510000 -0.160000 -0.040000 -0.020000 -1.850000 1.615198 -2.018997 0.000000 -28.920000 38.560000
358.690517 -0.280000 0.300000 -0.100000 -0.010000 -0.030000 -1.800000 2.318914 -1.795196 0.000000 -23.080000 36.920000
358.721379 0.150000 -0.010000 -0.510000 -0.010000 -0.030000 -1.780000 1.615198 -2.018997 0.000000 -28.920000 38.560000
358.750345 -0.170000 0.270000 0.050000 -0.030000 -0.010000 -1.750000 2.422796 -1.874783 0.000000 -24.100000 38.560000
358.781272 0.020000 -0.050000 -0.170000 0.000000 -0.040000 -1.820000 0.000000 -2.307425 0.000000 -38.560000 38.560000
358.810406 -0.590000 -0.040000 0.630000 -0.030000 -0.010000 -1.810000 3.093003 -1.933426 0.000000 -23.080000 41.540000
358.841765 0.270000 -0.100000 0.860000 -0.030000 -0.020000 -1.810000 0.807599 -1.874783 0.000000 -28.920000 33.740000
358.869641 -0.140000 0.190000 0.510000 -0.040000 0.010000 -1.850000 2.320590 -2.071357 0.000000 -27.690000 41.540000
358.908138 -0.160000 -0.180000 -0.560000 -0.030000 -0.030000 -1.890000 1.615198 -2.018997 0.000000 -28.920000 38.560000
358.945949 -0.040000 -0.160000 0.040000 -0.020000 -0.000000 -1.850000 2.422796 -2.163211 0.000000 -28.920000 43.380000
358.981166 0.240000 0.050000 -0.130000 0.000000 -0.010000 -1.830000 1.615198 -2.018997 0.000000 -28.920000 38.560000
359.011957 0.240000 0.170000 0.140000 -0.010000 -0.020000 -1.840000 2.320590 -2.071357 0.000000 -27.690000 41.540000
359.041589 0.190000 -0.100000 0.070000 0.010000 -0.010000 -1.790000 1.615198 -2.018997 0.000000 -28.920000 38.560000
359.071720 0.140000 -0.080000 -0.310000 -0.020000 -0.030000 -1.870000 1.615198 -2.018997 0.000000 -28.920000 38.560000
359.102296 -0.220000 0.030000 -0.080000 -0.020000 -0.030000 -1.770000 2.320590 -2.071357 0.000000 -27.690000 41.540000
359.132424 0.350000 0.170000 -0.770000 -0.020000 -0.000000 -1.800000 2.148012 -1.825714 0.000000 -24.100000 36.920000
359.162232 -0.430000 0.030000 0.150000 -0.010000 -0.020000 -1.760000 1.615198 -2.018997 0.000000 -28.920000 38.560000
359.193014 -0.090000 -0.040000 0.250000 -0.020000 -0.010000 -1.810000 1.615198 -1.730569 0.000000 -24.100000 33.740000
359.221534 -0.070000 0.290000 -0.540000 0.020000 -0.040000 -1.790000 2.318914 -1.795196 0.000000 -23.080000 36.920000
359.251413 0.550000 -0.090000 0.150000 -0.000000 0.020000 -1.730000 0.000000 -2.018997 0.000000 -33.740000 33.740000
359.279215 0.090000 0.090000 0.170000 -0.010000 0.010000 -1.830000 2.320590 -2.071357 0.000000 -27.690000 41.540000
359.313056 -0.600000 -0.210000 0.140000 -0.030000 -0.020000 -1.810000 1.615198 -2.018997 0.000000 -28.920000 38.560000
359.352143 0.100000 0.570000 -0.050000 -0.020000 -0.000000 -1.770000 2.422796 -2.163211 0.000000 -28.920000 43.380000
359.382176 0.080000 -0.470000 -0.030000 -0.000000 0.010000 -1.810000 0.000000 -1.730569 0.000000 -28.920000 28.920000
359.410397 -0.020000 0.130000 0.050000 -0.010000 -0.020000 -1.790000 2.320590 -2.071357 0.000000 -27.690000 41.540000
359.449183 0.440000 -0.110000 -0.000000 0.000000 -0.010000 -1.740000 0.807599 -1.874783 0.000000 -28.920000 33.740000
359.488749 -0.170000 0.000000 0.060000 -0.010000 -0.020000 -1.770000 1.615198 -2.018997 0.000000 -28.920000 38.560000
359.523953 -0.310000 -0.300000 0.030000 0.010000 -0.010000 -1.700000 1.546501 -1.933127 0.000000 -27.690000 36.920000
359.557549 0.100000 -0.100000 -0.230000 0.010000 -0.040000 -1.810000 1.546501 -1.933127 0.000000 -27.690000 36.920000
359.593914 -0.190000 0.400000 0.140000 -0.020000 -0.010000 -1.700000 1.615198 -2.018997 0.000000 -28.920000 38.560000
359.629491 0.510000 0.270000 -0.270000 0.010000 0.010000 -1.740000 2.422796 -1.874783 0.000000 -24.100000 38.560000
359.659926 -0.190000 0.110000 0.560000 -0.020000 -0.020000 -1.780000 2.318914 -1.795196 0.000000 -23.080000 36.920000
359.696211 -0.100000 -0.060000 -0.380000 0.000000 -0.010000 -1.770000 2.422796 -1.874783 0.000000 -24.100000 38.560000
359.730963 -0.350000 -0.020000 0.210000 -0.010000 -0.030000 -1.710000 2.422796 -1.874783 0.000000 -24.100000 38.560000
359.766117 -0.040000 -0.010000 0.130000 -0.000000 0.010000 -1.740000 2.422796 -1.874783 0.000000 -24.100000 38.560000
359.802870 -0.230000 0.020000 0.250000 -0.000000 -0.030000 -1.840000 1.615198 -1.730569 0.000000 -24.100000 33.740000
359.832904 -0.620000 -0.480000 -0.040000 -0.020000 -0.050000 -1.820000 2.422796 -2.163211 0.000000 -28.920000 43.380000
359.862910 0.600000 0.270000 -0.060000 -0.010000 -0.030000 -1.790000 2.318914 -1.795196 0.000000 -23.080000 36.920000
359.891283 0.100000 -0.130000 -0.200000 0.020000 -0.030000 -1.780000 0.807599 -2.163211 0.000000 -33.740000 38.560000
359.921776 0.690000 0.160000 0.230000 -0.010000 -0.040000 -1.820000 2.422796 -1.874783 0.000000 -24.100000 38.560000
359.951175 -0.020000 -0.350000 -0.080000 0.000000 -0.040000 -1.750000 1.546501 -1.933127 0.000000 -27.690000 36.920000
359.984600 0.100000 0.000000 0.050000 -0.020000 -0.040000 -1.750000 2.318914 -1.795196 0.000000 -23.080000 36.920000
360.017703 0.290000 0.180000 -0.100000 0.020000 -0.030000 -1.750000 1.615198 -2.018997 0.000000 -28.920000 38.560000
360.053984 0.240000 -0.340000 -0.220000 -0.010000 -0.040000 -1.830000 2.422796 -1.874783 0.000000 -24.100000 38.560000
360.087763 -0.570000 0.690000 0.230000 -0.010000 -0.040000 -1.750000 2.320590 -2.071357 0.000000 -27.690000 41.540000
360.126383 0.160000 -0.090000 -0.760000 -0.020000 -0.000000 -1.830000 2.422796 -1.874783 0.000000 -24.100000 38.560000
360.162857 -0.150000 0.290000 -0.040000 -0.000000 -0.020000 -1.960000 1.615198 -2.307425 0.000000 -33.740000 43.380000
360.192854 -0.040000 -0.260000 -0.170000 -0.030000 -0.030000 -1.960000 1.615198 -2.018997 0.000000 -28.920000 38.560000
360.222707 -0.450000 0.230000 -0.350000 0.010000 -0.050000 -1.930000 3.232071 -2.307724 0.000000 -28.920000 48.210000
360.253332 -0.330000 -0.280000 0.060000 -0.020000 -0.000000 -1.910000 1.615198 -2.018997 0.000000 -28.920000 38.560000
360.283919 0.150000 0.300000 0.210000 -0.000000 -0.060000 -1.900000 2.320590 -2.071357 0.000000 -27.690000 41.540000
360.320353 0.490000 -0.140000 0.090000 -0.010000 -0.040000 -1.860000 3.230395 -2.018997 0.000000 -24.100000 43.380000
360.350898 -0.230000 0.070000 0.060000 -0.030000 -0.030000 -1.870000 2.422796 -2.163211 0.000000 -28.920000 43.380000
360.380232 -0.370000 0.100000 0.360000 0.010000 -0.040000 -1.820000 2.320590 -2.071357 0.000000 -27.690000 41.540000
360.409341 0.300000 -0.350000 -0.130000 0.000000 -0.010000 -1.870000 1.546501 -1.933127 0.000000 -27.690000 36.920000
360.445038 -0.260000 0.420000 0.230000 0.010000 -0.040000 -1.810000 3.230395 -2.018997 0.000000 -24.100000 43.380000
360.481587 0.720000 0.030000 -0.140000 -0.000000 -0.030000 -1.850000 2.422796 -2.163211 0.000000 -28.920000 43.380000
360.512168 0.270000 -0.410000 0.340000 -0.030000 -0.050000 -1.920000 3.093003 -1.656966 0.000000 -18.460000 36.920000
360.540718 -0.650000 0.000000 -0.030000 -0.020000 -0.050000 -1.740000 2.422796 -1.874783 0.000000 -24.100000 38.560000
360.570894 0.080000 0.020000 -0.270000 -0.020000 -0.020000 -1.780000 0.807599 -2.163211 0.000000 -33.740000 38.560000
360.601045 -0.870000 0.180000 0.510000 -0.030000 -0.070000 -1.750000 2.422796 -1.874783 0.000000 -24.100000 38.560000
360.637357 0.020000 -0.260000 0.300000 0.020000 -0.100000 -1.760000 0.000000 -2.018997 0.000000 -33.740000 33.740000
360.672962 -0.540000 0.170000 -0.020000 -0.010000 -0.000000 -1.740000 3.230395 -2.018997 0.000000 -24.100000 43.380000
360.710459 0.140000 0.190000 -0.030000 -0.020000 -0.020000 -1.720000 -0.772413 -2.071357 0.000000 -36.920000 32.310000
360.741288 0.230000 -0.000000 -0.110000 -0.010000 -0.020000 -1.790000 2.424472 -2.451938 0.000000 -33.740000 48.210000
360.772129 -0.040000 -0.330000 -0.230000 -0.020000 -0.030000 -1.800000 1.615198 -2.018997 0.000000 -28.920000 38.560000
360.802077 -0.110000 0.150000 0.120000 -0.010000 -0.060000 -1.750000 1.546501 -1.657265 0.000000 -23.080000 32.310000
360.831931 0.240000 -0.250000 0.220000 -0.020000 -0.030000 -1.780000 1.546501 -1.933127 0.000000 -27.690000 36.920000
360.859969 0.510000 0.520000 -0.080000 -0.010000 -0.030000 -1.820000 1.615198 -2.018997 0.000000 -28.920000 38.560000
360.897742 0.050000 -0.210000 -0.220000 -0.000000 -0.040000 -1.830000 1.615198 -2.018997 0.000000 -28.920000 38.560000
360.933599 -0.630000 0.290000 -0.060000 -0.030000 -0.040000 -1.880000 1.546501 -1.933127 0.000000 -27.690000 36.920000
360.966556 -0.120000 0.090000 -0.040000 0.000000 -0.020000 -1.830000 2.422796 -2.163211 0.000000 -28.920000 43.380000
361.003241 0.960000 0.040000 0.000000 -0.020000 -0.040000 -1.980000 2.422796 -2.163211 0.000000 -28.920000 43.380000
361.033440 -0.100000 -0.080000 0.110000 -0.020000 -0.030000 -1.940000 1.615198 -2.018997 0.000000 -28.920000 38.560000
361.068375 0.150000 0.380000 -0.100000 -0.030000 -0.030000 -1.870000 2.320590 -2.071357 0.000000 -27.690000 41.540000
361.106445 0.110000 -0.450000 -0.420000 0.000000 -0.030000 -1.900000 0.807599 -2.163211 0.000000 -33.740000 38.560000
361.141677 -0.660000 -0.260000 0.320000 -0.040000 -0.010000 -1.820000 1.546501 -1.933127 0.000000 -27.690000 36.920000
361.172213 -0.100000 0.570000 0.160000 0.010000 -0.040000 -1.720000 2.422796 -1.874783 0.000000 -24.100000 38.560000
361.201434 0.540000 -0.420000 0.370000 -0.020000 -0.020000 -1.870000 1.615198 -2.018997 0.000000 -28.920000 38.560000
361.232193 -0.670000 0.060000 0.220000 -0.010000 -0.010000 -1.780000 1.821286 -1.982195 0.000000 -27.690000 38.560000
361.260516 0.200000 -0.380000 0.040000 -0.030000 -0.010000 -1.810000 1.546501 -1.933127 0.000000 -27.690000 36.920000
361.290502 0.110000 0.180000 0.140000 -0.010000 -0.010000 -1.800000 2.422796 -1.874783 0.000000 -24.100000 38.560000
361.320505 0.420000 0.220000 -0.190000 -0.010000 -0.030000 -1.870000 1.615198 -2.307425 0.000000 -33.740000 43.380000
361.350178 0.120000 0.340000 -0.060000 0.000000 -0.010000 -1.910000 0.000000 -2.209288 0.000000 -36.920000 36.920000
361.379391 -0.330000 -0.360000 -0.460000 -0.000000 -0.020000 -1.810000 3.230395 -2.018997 0.000000 -24.100000 43.380000
361.408977 0.070000 0.070000 -0.070000 -0.020000 -0.000000 -1.850000 1.615198 -2.018997 0.000000 -28.920000 38.560000
361.442525 0.260000 -0.190000 -0.430000 -0.010000 -0.000000 -1.880000 2.422796 -1.874783 0.000000 -24.100000 38.560000
361.473902 0.270000 0.020000 -0.230000 -0.010000 -0.010000 -1.990000 2.318914 -1.795196 0.000000 -23.080000 36.920000
361.507478 -0.030000 0.060000 0.120000 0.010000 -0.030000 -1.980000 1.615198 -2.018997 0.000000 -28.920000 38.560000
361.543787 -0.210000 -0.270000 -0.310000 -0.010000 -0.000000 -2.000000 2.320590 -2.071357 0.000000 -27.690000 41.540000
361.579757 -0.230000 0.150000 -0.040000 0.000000 -0.010000 -2.070000 1.615198 -2.018997 0.000000 -28.920000 38.560000
361.615266 -0.220000 -0.050000 0.450000 -0.020000 -0.010000 -1.960000 0.807599 -2.163211 0.000000 -33.740000 38.560000
361.650669 0.390000 0.290000 0.410000 -0.010000 -0.040000 -2.010000 2.424472 -2.451938 0.000000 -33.740000 48.210000
361.681237 -0.420000 -0.200000 -0.280000 -0.020000 -0.020000 -1.990000 1.546501 -2.209587 0.000000 -32.310000 41.540000
361.710689 0.140000 0.160000 0.440000 0.000000 -0.030000 -1.900000 2.422796 -2.163211 0.000000 -28.920000 43.380000
361.740336 0.160000 -0.390000 -0.260000 0.000000 -0.040000 -1.850000 2.422796 -2.163211 0.000000 -28.920000 43.380000
361.773552 -0.290000 -0.230000 -0.090000 -0.020000 -0.010000 -1.900000 2.320590 -2.071357 0.000000 -27.690000 41.540000
361.809145 -0.070000 0.190000 0.250000 -0.010000 -0.040000 -1.890000 1.306903 -2.252372 0.000000 -33.740000 41.540000
361.838467 0.380000 -0.090000 -0.130000 -0.000000 -0.010000 -1.950000 1.615198 -2.018997 0.000000 -28.920000 38.560000
361.876011 -0.090000 -0.140000 0.090000 -0.000000 -0.020000 -1.940000 1.615198 -2.018997 0.000000 -28.920000 38.560000
361.911647 -0.330000 0.130000 0.220000 0.000000 -0.000000 -1.920000 1.546501 -2.209587 0.000000 -32.310000 41.540000
361.993018 0.530000 0.200000 -0.060000 -0.020000 -0.030000 -1.950000 0.000000 -2.018997 0.000000 -33.740000 33.740000
362.039435 -0.110000 -0.420000 -0.620000 0.010000 -0.040000 -1.970000 1.546501 -2.209587 0.000000 -32.310000 41.540000
362.070087 -0.350000 0.100000 0.870000 -0.030000 -0.010000 -1.880000 2.422796 -2.163211 0.000000 -28.920000 43.380000
362.099412 0.290000 0.290000 -0.620000 0.010000 -0.050000 -1.830000 1.615198 -2.307425 0.000000 -33.740000 43.380000
362.135549 0.170000 -0.250000 0.240000 0.000000 -0.030000 -1.920000 1.615198 -2.018997 0.000000 -28.920000 38.560000
362.170607 -0.480000 -0.240000 0.070000 0.010000 -0.040000 -1.840000 2.320590 -2.071357 0.000000 -27.690000 41.540000
362.200693 -0.110000 0.020000 -0.410000 0.010000 -0.020000 -1.870000 1.615198 -2.018997 0.000000 -28.920000 38.560000
362.230507 -0.340000 0.400000 0.070000 0.000000 -0.030000 -1.870000 3.230395 -2.018997 0.000000 -24.100000 43.380000
362.259926 -0.470000 -0.240000 0.250000 -0.010000 -0.070000 -1.780000 1.546501 -1.933127 0.000000 -27.690000 36.920000
362.292934 0.650000 0.670000 0.030000 -0.020000 -0.010000 -1.840000 2.320590 -2.071357 0.000000 -27.690000 41.540000
362.323886 -0.080000 -0.280000 0.110000 0.020000 -0.050000 -1.920000 0.807599 -2.163211 0.000000 -33.740000 38.560000
362.357703 -0.040000 0.020000 -0.080000 -0.010000 -0.030000 -1.910000 0.807599 -1.586355 0.000000 -24.100000 28.920000
362.393041 0.510000 -0.150000 -0.070000 0.000000 -0.020000 -1.800000 2.320590 -2.071357 0.000000 -27.690000 41.540000
362.422904 0.420000 -0.190000 -0.200000 -0.010000 -0.060000 -1.830000 4.037994 -1.586355 0.000000 -14.460000 38.560000
362.452467 0.040000 0.190000 0.050000 -0.010000 -0.040000 -1.760000 1.615198 -2.018997 0.000000 -28.920000 38.560000
362.481638 -0.240000 -0.490000 0.410000 0.040000 -0.040000 -1.850000 0.807599 -1.874783 0.000000 -28.920000 33.740000
362.511722 -0.740000 -0.160000 -0.140000 0.020000 -0.030000 -1.780000 1.615198 -2.018997 0.000000 -28.920000 38.560000
362.539470 0.060000 0.340000 0.760000 -0.020000 0.010000 -1.830000 1.615198 -2.018997 0.000000 -28.920000 38.560000
362.576389 0.370000 0.050000 -0.730000 0.010000 -0.040000 -1.880000 0.772413 -2.071357 0.000000 -32.310000 36.920000
362.612541 -0.100000 0.040000 0.320000 -0.020000 -0.020000 -1.850000 1.615198 -1.730569 0.000000 -24.100000 33.740000
362.640539 0.250000 0.360000 0.050000 -0.010000 -0.040000 -1.870000 1.615198 -2.307425 0.000000 -33.740000 43.380000
362.670354 0.020000 -0.430000 -0.360000 0.020000 -0.040000 -1.930000 2.320590 -2.071357 0.000000 -27.690000 41.540000
362.698370 -0.360000 0.080000 0.300000 -0.020000 -0.030000 -1.860000 1.546501 -1.933127 0.000000 -27.690000 36.920000
362.735149 0.150000 -0.110000 -0.350000 0.000000 -0.020000 -1.750000 2.422796 -2.163211 0.000000 -28.920000 43.380000
362.771360 0.740000 -0.050000 -0.250000 -0.020000 -0.020000 -1.820000 3.230395 -2.018997 0.000000 -24.100000 43.380000
362.802877 0.380000 0.250000 -0.110000 -0.000000 -0.060000 -1.790000 3.093003 -1.933426 0.000000 -23.080000 41.540000
362.833207 -0.200000 -0.220000 -0.270000 -0.030000 -0.030000 -1.800000 1.615198 -2.018997 0.000000 -28.920000 38.560000
362.862481 -0.440000 0.260000 0.170000 -0.010000 -0.030000 -1.620000 1.615198 -2.018997 0.000000 -28.920000 38.560000
362.892552 0.550000 0.200000 -0.170000 0.060000 -0.080000 -1.680000 2.422796 -1.874783 0.000000 -24.100000 38.560000
362.922025 -0.600000 -0.350000 0.150000 -0.010000 -0.010000 -1.500000 2.422796 -1.874783 0.000000 -24.100000 38.560000
362.949780 -0.160000 0.210000 -0.240000 -0.010000 0.010000 -1.220000 3.230395 -1.153713 0.000000 -9.640000 28.920000
362.985940 0.310000 0.260000 0.150000 0.000000 -0.020000 -0.810000 3.865416 -0.966713 0.000000 -4.620000 27.690000
363.020362 -0.130000 0.100000 -0.070000 -0.020000 -0.000000 -0.670000 4.037994 -0.721070 0.000000 0.000000 24.100000
363.056967 -0.120000 -0.700000 0.160000 -0.010000 -0.010000 -0.270000 1.615198 -0.288428 0.000000 0.000000 9.640000
363.093206 0.010000 -1.030000 0.160000 -0.020000 -0.020000 0.100000 0.774088 -0.138230 0.000000 0.000000 4.620000
363.131553 0.540000 -0.160000 0.260000 0.020000 0.000000 -0.020000 -0.774088 0.138230 0.000000 0.000000 -4.620000
363.160098 0.020000 0.370000 -0.110000 0.010000 0.000000 -0.020000 0.000000 0.000000 0.000000 0.000000 0.000000
363.187890 -0.330000 0.180000 0.090000 -0.000000 -0.000000 0.010000 0.000000 0.000000 0.000000 0.000000 0.000000
363.223776 -0.200000 0.130000 0.140000 0.000000 -0.000000 0.010000 0.000000 0.000000 0.000000 0.000000 0.000000
363.260186 0.020000 0.090000 0.000000 -0.000000 -0.000000 0.000000 0.807599 -0.144214 0.000000 0.000000 4.820000
363.288939 0.120000 0.250000 -0.170000 -0.000000 -0.010000 0.000000 1.615198 -0.288428 0.000000 0.000000 9.640000
363.322098 0.350000 0.210000 -0.010000 -0.020000 -0.000000 -0.030000 0.807599 -0.144214 0.000000 0.000000 4.820000
363.352157 -0.140000 0.160000 0.040000 0.010000 0.000000 -0.020000 0.000000 0.000000 0.000000 0.000000 0.000000
363.381495 -0.090000 0.010000 -0.180000 -0.000000 -0.000000 -0.000000 0.000000 0.000000 0.000000 0.000000 0.000000
363.409738 -0.100000 0.020000 0.000000 0.000000 0.000000 0.000000 0.000000 0.000000 0.000000 0.000000 0.000000
363.442656 -0.080000 -0.010000 0.040000 0.000000 0.000000 0.000000 0.000000 0.000000 0.000000 0.000000 0.000000
363.478645 0.050000 0.050000 -0.020000 0.000000 -0.010000 0.000000 0.000000 0.000000 0.000000 0.000000 0.000000
363.514565 0.100000 0.120000 -0.160000 0.000000 -0.000000 0.010000 0.000000 0.000000 0.000000 0.000000 0.000000
363.548505 0.000000 -0.070000 -0.110000 -0.000000 -0.000000 -0.000000 0.000000 0.000000 0.000000 0.000000 0.000000
363.586928 -0.050000 -0.130000 0.180000 -0.000000 0.000000 -0.000000 0.000000 0.000000 0.000000 0.000000 0.000000
363.619399 0.030000 0.050000 -0.100000 -0.000000 0.000000 0.000000 0.000000 0.000000 0.000000 0.000000 0.000000
363.657503 0.050000 0.150000 0.070000 -0.000000 -0.000000 -0.000000 0.000000 0.000000 0.000000 0.000000 0.000000
363.691761 -0.000000 -0.010000 0.050000 -0.000000 -0.000000 -0.000000 0.000000 0.000000 0.000000 0.000000 0.000000
363.721197 0.050000 -0.160000 0.020000 -0.000000 0.000000 -0.000000 0.000000 0.000000 0.000000 0.000000 0.000000
363.749362 0.050000 0.010000 0.050000 0.000000 -0.000000 -0.000000 0.000000 0.000000 0.000000 0.000000 0.000000
363.782873 -0.090000 0.050000 0.010000 0.000000 -0.000000 0.000000 0.000000 0.000000 0.000000 0.000000 0.000000
363.812765 0.070000 0.040000 0.050000 0.000000 0.000000 0.000000 0.000000 0.000000 0.000000 0.000000 0.000000
363.842899 0.020000 -0.040000 -0.060000 -0.000000 -0.000000 -0.000000 0.000000 0.000000 0.000000 0.000000 0.000000
363.872336 -0.150000 -0.090000 -0.010000 -0.000000 -0.000000 -0.000000 0.000000 0.000000 0.000000 0.000000 0.000000
363.898619 0.110000 0.030000 0.040000 0.000000 -0.000000 0.000000 0.000000 0.000000 0.000000 0.000000 0.000000
363.930710 0.030000 0.080000 -0.030000 -0.000000 0.000000 0.000000 0.000000 0.000000 0.000000 0.000000 0.000000
363.961939 -0.070000 -0.040000 0.000000 -0.000000 -0.000000 -0.000000 0.000000 0.000000 0.000000 0.000000 0.000000
363.990287 0.090000 -0.070000 0.050000 0.000000 -0.000000 0.000000 0.000000 0.000000 0.000000 0.000000 0.000000
364.019050 0.130000 0.050000 -0.050000 0.000000 -0.000000 -0.000000 0.000000 0.000000 0.000000 0.000000 0.000000
364.054495 -0.060000 0.070000 -0.020000 0.000000 -0.000000 -0.000000 0.000000 0.000000 0.000000 0.000000 0.000000
364.089381 0.010000 0.030000 0.030000 -0.000000 -0.000000 -0.000000 0.000000 0.000000 0.000000 0.000000 0.000000
364.119064 0.130000 -0.040000 0.010000 -0.000000 -0.000000 -0.000000 0.000000 0.000000 0.000000 0.000000 0.000000
364.152993 -0.000000 -0.070000 -0.010000 0.000000 0.000000 -0.000000 0.000000 0.000000 0.000000 0.000000 0.000000
364.187676 -0.080000 0.010000 -0.020000 0.000000 0.000000 0.000000 0.000000 0.000000 0.000000 0.000000 0.000000
364.223904 -0.020000 0.080000 -0.030000 0.000000 -0.000000 -0.000000 0.000000 0.000000 0.000000 0.000000 0.000000
364.257091 0.010000 0.010000 -0.060000 -0.000000 0.000000 -0.000000 0.000000 0.000000 0.000000 0.000000 0.000000
364.293235 -0.080000 -0.070000 -0.040000 0.000000 -0.000000 0.000000 0.000000 0.000000 0.000000 0.000000 0.000000
364.320320 0.060000 0.070000 0.070000 0.000000 -0.000000 -0.000000 0.000000 0.000000 0.000000 0.000000 0.000000
364.348904 0.070000 0.030000 -0.000000 0.000000 -0.000000 -0.000000 0.000000 0.000000 0.000000 0.000000 0.000000
364.384945 -0.020000 -0.030000 0.070000 -0.000000 0.000000 -0.000000 0.000000 0.000000 0.000000 0.000000 0.000000
364.419166 -0.030000 -0.030000 0.020000 0.000000 -0.000000 0.000000 0.000000 0.000000 0.000000 0.000000 0.000000
364.447141 0.030000 0.000000 0.000000 -0.000000 -0.000000 0.000000 0.000000 0.000000 0.000000 0.000000 0.000000
364.481732 0.050000 0.010000 0.010000 0.000000 0.000000 0.000000 0.000000 0.000000 0.000000 0.000000 0.000000
364.509300 -0.050000 -0.010000 -0.010000 -0.000000 0.000000 -0.000000 0.000000 0.000000 0.000000 0.000000 0.000000
364.545077 -0.040000 -0.060000 -0.040000 -0.000000 -0.000000 0.000000 0.000000 0.000000 0.000000 0.000000 0.000000
364.577479 0.010000 0.020000 0.000000 -0.000000 -0.000000 0.000000 0.000000 0.000000 0.000000 0.000000 0.000000
364.610570 0.060000 0.070000 0.010000 0.000000 0.000000 0.000000 0.000000 0.000000 0.000000 0.000000 0.000000
364.641674 -0.070000 -0.010000 -0.010000 -0.000000 -0.000000 -0.000000 0.000000 0.000000 0.000000 0.000000 0.000000
364.671018 0.020000 -0.050000 -0.030000 -0.000000 -0.000000 -0.000000 0.000000 0.000000 0.000000 0.000000 0.000000
364.697748 0.070000 -0.010000 0.010000 -0.000000 0.000000 0.000000 0.000000 0.000000 0.000000 0.000000 0.000000
364.734802 -0.040000 0.010000 0.070000 0.000000 0.000000 -0.000000 0.000000 0.000000 0.000000 0.000000 0.000000
364.773007 -0.060000 0.050000 -0.080000 0.000000 -0.000000 0.000000 0.000000 0.000000 0.000000 0.000000 0.000000
364.799308 0.110000 0.040000 0.050000 0.000000 0.000000 0.000000 0.000000 0.000000 0.000000 0.000000 0.000000
364.834875 0.040000 -0.060000 0.030000 0.000000 0.000000 0.000000 0.000000 0.000000 0.000000 0.000000 0.000000
364.870089 -0.070000 -0.070000 -0.090000 0.000000 -0.000000 0.000000 0.000000 0.000000 0.000000 0.000000 0.000000
364.909203 0.030000 0.090000 -0.000000 0.000000 -0.000000 0.000000 0.000000 0.000000 0.000000 0.000000 0.000000
364.935751 0.070000 0.060000 0.040000 0.000000 0.000000 0.000000 0.000000 0.000000 0.000000 0.000000 0.000000
364.971003 -0.050000 -0.060000 -0.010000 -0.000000 0.000000 -0.000000 0.000000 0.000000 0.000000 0.000000 0.000000
364.999789 0.040000 -0.040000 -0.000000 0.000000 -0.000000 0.000000 0.000000 0.000000 0.000000 0.000000 0.000000
365.037540 0.060000 0.070000 -0.030000 -0.000000 -0.000000 0.000000 0.000000 0.000000 0.000000 0.000000 0.000000
365.075433 -0.040000 -0.060000 0.020000 -0.000000 0.000000 0.000000 0.000000 0.000000 0.000000 0.000000 0.000000
365.110740 -0.000000 -0.050000 -0.020000 -0.000000 -0.000000 0.000000 0.000000 0.000000 0.000000 0.000000 0.000000
365.140649 0.030000 0.010000 -0.050000 -0.000000 -0.000000 -0.000000 0.000000 0.000000 0.000000 0.000000 0.000000
365.169070 0.010000 0.080000 0.060000 0.000000 0.000000 -0.000000 0.000000 0.000000 0.000000 0.000000 0.000000
365.198104 -0.070000 -0.020000 0.000000 0.000000 0.000000 -0.000000 0.000000 0.000000 0.000000 0.000000 0.000000
365.231044 -0.030000 -0.050000 -0.070000 0.000000 -0.000000 -0.000000 0.000000 0.000000 0.000000 0.000000 0.000000
365.257648 0.030000 0.010000 -0.040000 0.000000 0.000000 0.000000 0.000000 0.000000 0.000000 0.000000 0.000000
365.291967 -0.070000 0.000000 0.070000 0.000000 0.000000 0.000000 0.000000 0.000000 0.000000 0.000000 0.000000
365.329206 -0.020000 0.040000 -0.100000 -0.000000 -0.000000 0.000000 0.000000 0.000000 0.000000 0.000000 0.000000
365.366939 0.060000 -0.030000 -0.020000 -0.000000 -0.000000 -0.000000 0.000000 0.000000 0.000000 0.000000 0.000000
365.402445 -0.040000 -0.020000 0.040000 0.000000 0.000000 0.000000 0.000000 0.000000 0.000000 0.000000 0.000000
365.432074 -0.020000 0.010000 -0.040000 0.000000 -0.000000 -0.000000 0.000000 0.000000 0.000000 0.000000 0.000000
365.458912 0.030000 0.010000 0.000000 0.000000 -0.000000 -0.000000 0.000000 0.000000 0.000000 0.000000 0.000000
365.492215 -0.000000 0.030000 0.070000 -0.000000 0.000000 0.000000 0.000000 0.000000 0.000000 0.000000 0.000000
365.522140 -0.060000 -0.040000 0.020000 -0.000000 0.000000 0.000000 0.000000 0.000000 0.000000 0.000000 0.000000
365.551474 0.060000 -0.030000 -0.010000 0.000000 -0.000000 0.000000 0.000000 0.000000 0.000000 0.000000 0.000000
365.579956 0.030000 0.010000 0.040000 0.000000 -0.000000 0.000000 0.000000 0.000000 0.000000 0.000000 0.000000
365.617096 0.030000 -0.000000 0.020000 -0.000000 0.000000 0.000000 0.000000 0.000000 0.000000 0.000000 0.000000
365.649297 -0.030000 0.010000 0.000000 -0.000000 -0.000000 -0.000000 0.000000 0.000000 0.000000 0.000000 0.000000
365.685209 0.010000 -0.010000 -0.030000 0.000000 0.000000 0.000000 0.000000 0.000000 0.000000 0.000000 0.000000
365.720476 0.090000 -0.030000 0.020000 0.000000 0.000000 -0.000000 0.000000 0.000000 0.000000 0.000000 0.000000
365.750874 -0.070000 -0.060000 0.020000 0.000000 0.000000 0.000000 0.000000 0.000000 0.000000 0.000000 0.000000
365.780696 -0.010000 -0.020000 -0.050000 0.000000 -0.000000 -0.000000 0.000000 0.000000 0.000000 0.000000 0.000000
365.809274 0.020000 0.030000 -0.070000 0.000000 0.000000 0.000000 0.000000 0.000000 0.000000 0.000000 0.000000
365.846278 0.010000 -0.020000 -0.020000 -0.000000 0.000000 -0.000000 0.000000 0.000000 0.000000 0.000000 0.000000
365.883062 -0.090000 0.030000 -0.040000 0.000000 0.000000 -0.000000 0.000000 0.000000 0.000000 0.000000 0.000000
365.911944 0.060000 -0.020000 0.020000 -0.000000 0.000000 -0.000000 0.000000 0.000000 0.000000 0.000000 0.000000
365.940982 -0.010000 -0.010000 -0.030000 -0.000000 0.000000 -0.000000 0.000000 0.000000 0.000000 0.000000 0.000000
365.971493 -0.060000 -0.020000 0.020000 0.000000 -0.000000 -0.000000 0.000000 0.000000 0.000000 0.000000 0.000000
365.999786 0.050000 0.020000 -0.020000 -0.000000 0.000000 0.000000 0.000000 0.000000 0.000000 0.000000 0.000000
366.035693 0.020000 0.080000 0.010000 -0.000000 -0.000000 -0.000000 0.000000 0.000000 0.000000 0.000000 0.000000
366.069729 0.010000 0.010000 0.160000 -0.000000 -0.000000 0.000000 0.000000 0.000000 0.000000 0.000000 0.000000
366.106142 -0.010000 0.010000 -0.030000 -0.000000 0.000000 -0.000000 0.000000 0.000000 0.000000 0.000000 0.000000
366.138579 0.040000 0.030000 0.010000 0.000000 -0.000000 -0.000000 0.000000 0.000000 0.000000 0.000000 0.000000
366.171742 -0.020000 0.040000 0.020000 0.000000 0.000000 0.000000 0.000000 0.000000 0.000000 0.000000 0.000000
366.209078 -0.010000 -0.020000 0.100000 -0.000000 -0.000000 -0.000000 0.000000 0.000000 0.000000 0.000000 0.000000
366.238131 -0.040000 -0.020000 -0.040000 -0.000000 -0.000000 -0.000000 0.000000 0.000000 0.000000 0.000000 0.000000
366.272747 -0.000000 0.010000 0.030000 -0.000000 -0.000000 0.000000 0.000000 0.000000 0.000000 0.000000 0.000000
366.305316 0.010000 0.020000 -0.050000 -0.000000 -0.000000 0.000000 0.000000 0.000000 0.000000 0.000000 0.000000
366.341080 0.060000 -0.050000 -0.020000 -0.000000 -0.000000 -0.000000 0.000000 0.000000 0.000000 0.000000 0.000000
366.368421 0.010000 0.010000 -0.020000 0.000000 0.000000 0.000000 0.000000 0.000000 0.000000 0.000000 0.000000
366.404026 -0.010000 -0.030000 -0.060000 -0.000000 0.000000 0.000000 0.000000 0.000000 0.000000 0.000000 0.000000
366.438801 -0.040000 0.000000 -0.020000 0.000000 -0.000000 0.000000 0.000000 0.000000 0.000000 0.000000 0.000000
366.472109 0.010000 0.010000 -0.050000 0.000000 0.000000 -0.000000 0.000000 0.000000 0.000000 0.000000 0.000000
366.499700 -0.060000 -0.040000 0.020000 -0.000000 -0.000000 0.000000 0.000000 0.000000 0.000000 0.000000 0.000000
366.535003 -0.030000 -0.050000 -0.000000 -0.000000 -0.000000 0.000000 0.000000 0.000000 0.000000 0.000000 0.000000
366.567956 0.030000 0.010000 -0.020000 0.000000 -0.000000 0.000000 0.000000 0.000000 0.000000 0.000000 0.000000
366.602288 -0.000000 0.020000 -0.030000 -0.000000 0.000000 0.000000 0.000000 0.000000 0.000000 0.000000 0.000000
366.631985 -0.020000 0.000000 0.030000 0.000000 0.000000 -0.000000 0.000000 0.000000 0.000000 0.000000 0.000000
366.660470 -0.000000 -0.030000 -0.010000 -0.000000 -0.000000 -0.000000 0.000000 0.000000 0.000000 0.000000 0.000000
366.689751 0.140000 -0.010000 0.150000 -0.000000 0.010000 -0.000000 0.000000 0.000000 0.000000 0.000000 0.000000
366.717103 -0.000000 -0.080000 0.030000 -0.000000 0.000000 -0.000000 0.000000 0.000000 0.000000 0.000000 0.000000
366.753930 -0.090000 -0.020000 -0.090000 0.000000 -0.000000 -0.000000 0.000000 0.000000 0.000000 0.000000 0.000000
366.788025 0.090000 0.160000 0.070000 -0.000000 -0.000000 0.000000 0.000000 0.000000 0.000000 0.000000 0.000000
366.823599 -0.000000 0.050000 0.100000 0.000000 0.010000 -0.000000 0.000000 0.000000 0.000000 0.000000 0.000000
366.858573 -0.040000 -0.100000 -0.050000 0.000000 -0.000000 -0.000000 0.000000 0.000000 0.000000 0.000000 0.000000
366.893579 0.040000 0.020000 -0.080000 -0.000000 -0.010000 -0.000000 0.000000 0.000000 0.000000 0.000000 0.000000
366.927607 0.040000 0.130000 0.060000 0.000000 0.010000 0.000000 0.000000 0.000000 0.000000 0.000000 0.000000
366.964366 -0.070000 0.000000 -0.030000 -0.000000 0.000000 0.000000 0.000000 0.000000 0.000000 0.000000 0.000000
367.000398 -0.090000 -0.070000 -0.010000 -0.000000 -0.000000 -0.000000 0.000000 0.000000 0.000000 0.000000 0.000000
367.029312 0.070000 -0.020000 0.080000 -0.000000 -0.000000 -0.000000 0.000000 0.000000 0.000000 0.000000 0.000000
367.064019 0.030000 0.000000 0.030000 -0.000000 0.010000 0.000000 0.000000 0.000000 0.000000 0.000000 0.000000
367.098955 -0.140000 -0.050000 -0.040000 -0.000000 -0.000000 -0.000000 0.000000 0.000000 0.000000 0.000000 0.000000
367.133420 0.080000 -0.020000 0.000000 0.000000 -0.000000 0.000000 0.000000 0.000000 0.000000 0.000000 0.000000
367.164339 0.130000 0.000000 0.020000 0.000000 0.000000 0.000000 0.000000 0.000000 0.000000 0.000000 0.000000
367.203087 -0.090000 -0.010000 -0.040000 -0.000000 -0.000000 -0.000000 0.000000 0.000000 0.000000 0.000000 0.000000
367.242276 -0.050000 -0.010000 -0.060000 -0.000000 -0.000000 0.000000 0.000000 0.000000 0.000000 0.000000 0.000000
367.271532 0.100000 0.070000 0.070000 -0.000000 0.000000 0.000000 0.000000 0.000000 0.000000 0.000000 0.000000
367.301289 -0.040000 -0.050000 -0.070000 -0.000000 0.000000 -0.000000 0.000000 0.000000 0.000000 0.000000 0.000000
367.330418 -0.090000 -0.040000 -0.070000 -0.000000 -0.000000 -0.000000 0.000000 0.000000 0.000000 0.000000 0.000000
367.358548 0.060000 0.080000 0.000000 -0.000000 -0.000000 0.000000 0.000000 0.000000 0.000000 0.000000 0.000000
367.390142 0.040000 0.080000 0.010000 -0.000000 0.000000 -0.000000 0.000000 0.000000 0.000000 0.000000 0.000000
367.419230 -0.100000 -0.010000 -0.040000 -0.000000 -0.000000 0.000000 0.000000 0.000000 0.000000 0.000000 0.000000
367.451216 0.030000 -0.050000 0.090000 -0.000000 -0.000000 0.000000 0.000000 0.000000 0.000000 0.000000 0.000000
367.480624 0.070000 0.030000 -0.090000 -0.000000 0.000000 -0.000000 0.000000 0.000000 0.000000 0.000000 0.000000
367.508982 -0.080000 0.020000 0.030000 0.000000 0.000000 -0.000000 0.000000 0.000000 0.000000 0.000000 0.000000
367.545389 -0.070000 -0.040000 0.020000 0.000000 -0.000000 0.000000 0.000000 0.000000 0.000000 0.000000 0.000000
367.581702 0.110000 -0.010000 0.040000 -0.000000 -0.000000 -0.000000 0.000000 0.000000 0.000000 0.000000 0.000000
367.619618 -0.000000 0.010000 -0.030000 -0.000000 0.000000 -0.000000 0.000000 0.000000 0.000000 0.000000 0.000000
367.655371 -0.020000 -0.070000 -0.060000 -0.000000 -0.000000 -0.000000 0.000000 0.000000 0.000000 0.000000 0.000000
367.692446 -0.000000 0.020000 -0.060000 -0.000000 -0.000000 -0.000000 0.000000 0.000000 0.000000 0.000000 0.000000
367.720326 0.050000 -0.020000 0.030000 0.000000 0.000000 0.000000 0.000000 0.000000 0.000000 0.000000 0.000000
367.752246 0.010000 0.010000 0.090000 0.000000 -0.000000 -0.000000 0.000000 0.000000 0.000000 0.000000 0.000000
367.779423 -0.040000 0.040000 -0.040000 -0.000000 -0.000000 -0.000000 0.000000 0.000000 0.000000 0.000000 0.000000
367.814094 -0.020000 0.030000 0.160000 0.000000 -0.000000 0.000000 0.000000 0.000000 0.000000 0.000000 0.000000
367.852653 0.170000 0.140000 -0.050000 0.010000 -0.000000 -0.010000 0.000000 0.000000 0.000000 0.000000 0.000000
367.882028 -0.100000 -0.210000 -0.050000 -0.000000 0.000000 -0.000000 0.000000 0.000000 0.000000 0.000000 0.000000
367.910699 -0.170000 0.030000 -0.120000 -0.010000 0.000000 0.000000 0.000000 0.000000 0.000000 0.000000 0.000000
367.938998 0.120000 0.170000 0.140000 0.000000 -0.000000 0.000000 0.000000 0.000000 0.000000 0.000000 0.000000
367.973756 0.070000 -0.080000 0.090000 0.000000 -0.000000 -0.010000 0.000000 0.000000 0.000000 0.000000 0.000000
368.010625 -0.110000 -0.130000 -0.210000 -0.000000 0.000000 0.000000 0.000000 0.000000 0.000000 0.000000 0.000000
368.044819 0.040000 0.000000 0.100000 0.000000 0.000000 0.000000 0.000000 0.000000 0.000000 0.000000 0.000000
368.082116 0.020000 0.080000 0.080000 -0.000000 -0.000000 -0.000000 0.000000 0.000000 0.000000 0.000000 0.000000
368.110947 -0.010000 -0.010000 -0.060000 -0.000000 0.000000 0.000000 0.000000 0.000000 0.000000 0.000000 0.000000
368.140495 -0.010000 -0.070000 -0.020000 -0.000000 -0.000000 -0.000000 0.000000 0.000000 0.000000 0.000000 0.000000
368.175190 0.000000 0.000000 0.020000 0.000000 -0.000000 -0.000000 0.000000 0.000000 0.000000 0.000000 0.000000
368.212087 0.040000 -0.040000 0.020000 0.000000 0.000000 0.000000 0.000000 0.000000 0.000000 0.000000 0.000000
368.241043 -0.020000 0.080000 -0.100000 -0.000000 0.000000 0.000000 0.000000 0.000000 0.000000 0.000000 0.000000
368.276783 -0.000000 0.020000 0.020000 -0.000000 -0.000000 -0.000000 0.000000 0.000000 0.000000 0.000000 0.000000
368.312317 -0.010000 -0.080000 0.110000 0.000000 0.000000 0.000000 0.000000 0.000000 0.000000 0.000000 0.000000
368.345329 0.010000 0.000000 -0.090000 0.000000 0.000000 0.000000 0.000000 0.000000 0.000000 0.000000 0.000000
368.377903 -0.040000 0.070000 -0.030000 0.000000 -0.000000 -0.000000 0.000000 0.000000 0.000000 0.000000 0.000000
368.408770 -0.020000 -0.020000 0.100000 0.000000 -0.000000 -0.000000 0.000000 0.000000 0.000000 0.000000 0.000000
368.442992 0.120000 -0.030000 0.010000 0.000000 0.000000 0.000000 0.000000 0.000000 0.000000 0.000000 0.000000
368.472121 -0.020000 0.020000 -0.040000 0.000000 -0.000000 -0.000000 0.000000 0.000000 0.000000 0.000000 0.000000
368.500899 -0.140000 0.050000 0.020000 0.000000 -0.000000 -0.000000 0.000000 0.000000 0.000000 0.000000 0.000000
368.529061 0.070000 0.040000 0.030000 0.000000 0.000000 -0.000000 0.000000 0.000000 0.000000 0.000000 0.000000
368.566258 0.050000 -0.010000 -0.070000 0.000000 -0.000000 -0.000000 0.000000 0.000000 0.000000 0.000000 0.000000
368.598715 0.000000 -0.060000 -0.040000 -0.000000 -0.000000 0.000000 0.000000 0.000000 0.000000 0.000000 0.000000
368.634080 0.040000 0.100000 0.140000 0.000000 -0.000000 0.000000 0.000000 0.000000 0.000000 0.000000 0.000000
368.670276 0.020000 0.050000 -0.010000 0.000000 0.000000 -0.000000 0.000000 0.000000 0.000000 0.000000 0.000000
368.698079 -0.090000 -0.110000 -0.030000 -0.000000 -0.000000 -0.000000 0.000000 0.000000 0.000000 0.000000 0.000000
368.729746 0.030000 -0.010000 0.080000 -0.000000 0.000000 0.000000 0.000000 0.000000 0.000000 0.000000 0.000000
368.769055 0.030000 0.020000 -0.050000 0.000000 0.000000 -0.000000 0.000000 0.000000 0.000000 0.000000 0.000000
368.805430 -0.050000 -0.030000 -0.050000 -0.000000 -0.000000 -0.000000 0.000000 0.000000 0.000000 0.000000 0.000000
368.841722 -0.030000 -0.040000 -0.040000 -0.000000 -0.000000 0.000000 0.000000 0.000000 0.000000 0.000000 0.000000
368.870259 0.050000 -0.050000 0.010000 0.000000 -0.000000 0.000000 0.000000 0.000000 0.000000 0.000000 0.000000
368.898605 0.010000 0.020000 -0.030000 0.000000 0.000000 -0.000000 0.000000 0.000000 0.000000 0.000000 0.000000
368.934129 -0.040000 0.040000 -0.090000 -0.000000 -0.000000 0.000000 0.000000 0.000000 0.000000 0.000000 0.000000
368.972021 0.080000 0.020000 -0.010000 0.000000 -0.000000 -0.000000 0.000000 0.000000 0.000000 0.000000 0.000000
369.000512 0.030000 -0.010000 0.040000 -0.000000 0.000000 0.000000 0.000000 0.000000 0.000000 0.000000 0.000000
369.030138 -0.040000 -0.050000 -0.040000 -0.000000 0.000000 0.000000 0.000000 0.000000 0.000000 0.000000 0.000000
369.057627 0.020000 0.070000 0.020000 0.000000 -0.000000 0.000000 0.000000 0.000000 0.000000 0.000000 0.000000
369.091969 0.040000 -0.010000 0.000000 0.000000 0.000000 0.000000 0.000000 0.000000 0.000000 0.000000 0.000000
369.120976 -0.030000 -0.030000 0.040000 -0.000000 0.000000 -0.000000 0.000000 0.000000 0.000000 0.000000 0.000000
369.149596 -0.090000 -0.060000 0.000000 -0.000000 0.000000 0.000000 0.000000 0.000000 0.000000 0.000000 0.000000
369.184929 0.020000 -0.000000 0.080000 -0.000000 -0.000000 -0.000000 0.000000 0.000000 0.000000 0.000000 0.000000
369.219267 0.020000 0.070000 -0.040000 -0.000000 -0.000000 0.000000 0.000000 0.000000 0.000000 0.000000 0.000000
369.256194 0.040000 0.060000 -0.000000 -0.000000 0.000000 0.000000 0.000000 0.000000 0.000000 0.000000 0.000000
369.290308 -0.010000 -0.010000 -0.000000 0.000000 -0.000000 0.000000 0.000000 0.000000 0.000000 0.000000 0.000000
369.318905 0.020000 -0.050000 0.030000 0.000000 -0.000000 0.000000 0.000000 0.000000 0.000000 0.000000 0.000000
369.355589 0.010000 -0.020000 0.010000 -0.000000 0.000000 0.000000 0.000000 0.000000 0.000000 0.000000 0.000000
369.390700 -0.070000 0.030000 0.020000 0.000000 -0.000000 0.000000 0.000000 0.000000 0.000000 0.000000 0.000000
369.417930 0.000000 -0.030000 0.030000 -0.000000 -0.000000 -0.000000 0.000000 0.000000 0.000000 0.000000 0.000000
369.453101 0.010000 -0.050000 -0.040000 0.000000 0.000000 -0.000000 0.000000 0.000000 0.000000 0.000000 0.000000
369.481790 -0.000000 -0.010000 0.030000 0.000000 -0.000000 0.000000 0.000000 0.000000 0.000000 0.000000 0.000000
369.510430 -0.020000 0.050000 -0.020000 0.000000 -0.000000 0.000000 0.000000 0.000000 0.000000 0.000000 0.000000
369.539024 0.010000 -0.000000 -0.010000 -0.000000 0.000000 -0.000000 0.000000 0.000000 0.000000 0.000000 0.000000
369.576397 0.030000 -0.080000 -0.020000 -0.000000 0.000000 -0.000000 0.000000 0.000000 0.000000 0.000000 0.000000
369.608455 -0.030000 0.040000 -0.000000 0.000000 0.000000 -0.000000 0.000000 0.000000 0.000000 0.000000 0.000000
369.642733 0.030000 0.090000 0.000000 -0.000000 0.000000 -0.000000 0.000000 0.000000 0.000000 0.000000 0.000000
