5962.983530 0.020000 0.050000 -8.740000 -0.000000 -0.000000 0.000000 0.000000 0.000000 0.000000 0.000000 0.000000
5963.019150 0.040000 0.040000 -7.690000 0.000000 0.000000 -0.000000 0.000000 0.000000 0.000000 0.000000 0.000000
5963.053500 -0.010000 -0.020000 -6.780000 -0.000000 -0.000000 0.000000 1.548177 0.000000 0.000000 4.620000 4.620000
5963.090630 -0.190000 2.420000 -5.340000 0.030000 0.070000 -0.150000 5.653191 0.144214 0.000000 19.280000 14.460000
5963.121830 0.160000 0.080000 -4.630000 -0.110000 -0.000000 0.040000 6.323398 -0.024534 0.000000 18.460000 19.280000
5963.149001 0.030000 1.410000 -4.450000 -0.000000 0.000000 -0.010000 10.498784 0.144214 0.000000 33.740000 28.920000
5963.187979 -0.120000 -0.810000 -3.560000 -0.040000 0.020000 -0.060000 13.729179 -0.144214 0.000000 38.560000 43.380000
5963.222073 0.290000 0.880000 -1.260000 0.020000 -0.020000 -0.010000 18.578122 -0.144214 0.000000 53.030000 57.850000
5963.251504 0.910000 0.810000 -1.270000 0.010000 -0.040000 0.050000 20.880281 0.138230 0.000000 64.620000 60.000000
5963.280651 0.070000 -0.330000 0.140000 -0.050000 -0.080000 -0.020000 24.231314 0.000000 0.000000 72.310000 72.310000
5963.310910 -0.010000 -0.210000 0.810000 -0.130000 -0.050000 0.030000 27.461709 0.000000 0.000000 81.950000 81.950000
5963.340246 -1.530000 -1.230000 0.880000 -0.120000 -0.060000 -0.010000 26.292198 0.000000 0.000000 78.460000 78.460000
5963.378352 -0.000000 -1.440000 -1.630000 0.140000 0.030000 0.130000 29.385201 0.000000 0.000000 87.690000 87.690000
5963.414160 0.210000 -0.640000 0.500000 0.060000 0.040000 -0.150000 32.307301 0.000000 0.000000 96.410000 96.410000
5963.446453 -0.550000 -0.630000 0.420000 0.040000 -0.040000 -0.010000 29.884505 0.144214 0.000000 91.590000 86.770000
5963.481420 0.170000 -1.150000 -0.340000 0.070000 -0.020000 0.040000 30.159289 0.138230 0.000000 92.310000 87.690000
5963.510893 0.690000 0.100000 0.960000 -0.080000 -0.010000 -0.040000 33.922499 0.000000 0.000000 101.230000 101.230000
5963.540177 0.290000 -0.810000 -0.830000 -0.040000 -0.040000 0.060000 31.499702 0.144214 0.000000 96.410000 91.590000
5963.567343 0.180000 -0.690000 1.120000 0.090000 -0.070000 0.050000 30.692104 0.000000 0.000000 91.590000 91.590000
5963.600649 -0.360000 0.600000 0.890000 -0.130000 -0.060000 -0.060000 31.499702 -0.144214 0.000000 91.590000 96.410000
5963.630837 -0.080000 -0.590000 -1.500000 0.040000 0.010000 0.040000 30.692104 0.000000 0.000000 91.590000 91.590000
5963.668954 -0.080000 -0.550000 -0.040000 0.050000 0.000000 -0.010000 28.612788 -0.137931 0.000000 83.080000 87.690000
5963.705476 -0.480000 0.650000 1.420000 -0.140000 0.010000 -0.000000 29.076906 0.000000 0.000000 86.770000 86.770000
5963.737186 0.310000 0.270000 1.440000 -0.140000 -0.030000 0.140000 29.884505 0.144214 0.000000 91.590000 86.770000
5963.773629 0.240000 -0.120000 -3.160000 0.170000 0.000000 -0.050000 28.612788 -0.137931 0.000000 83.080000 87.690000
5963.808815 -0.400000 -0.150000 0.370000 0.100000 0.030000 0.020000 28.612788 0.137931 0.000000 87.690000 83.080000
5963.843111 0.270000 0.300000 -1.920000 -0.110000 0.010000 -0.070000 29.076906 0.000000 0.000000 86.770000 86.770000
5963.871038 0.170000 0.200000 0.770000 0.000000 0.100000 -0.030000 27.461709 0.000000 0.000000 81.950000 81.950000
5963.901012 0.750000 0.950000 -0.600000 0.070000 -0.000000 0.060000 28.612788 0.137931 0.000000 87.690000 83.080000
5963.928013 0.760000 0.070000 0.510000 0.200000 0.040000 -0.040000 29.884505 0.144214 0.000000 91.590000 86.770000
5963.965101 -0.670000 -0.530000 0.870000 -0.160000 -0.000000 0.080000 30.692104 0.000000 0.000000 91.590000 91.590000
5964.001203 1.210000 1.950000 -0.550000 -0.100000 0.020000 -0.090000 29.076906 0.000000 0.000000 86.770000 86.770000
5964.028114 0.120000 0.200000 0.370000 -0.160000 0.030000 -0.030000 29.076906 0.000000 0.000000 86.770000 86.770000
5964.063309 0.100000 0.790000 0.640000 -0.070000 -0.060000 0.090000 30.692104 0.000000 0.000000 91.590000 91.590000
5964.097361 -0.120000 -0.510000 -0.100000 -0.020000 -0.020000 -0.060000 28.612788 0.137931 0.000000 87.690000 83.080000
5964.131472 -1.080000 -0.290000 -1.540000 0.050000 0.020000 0.010000 29.076906 0.000000 0.000000 86.770000 86.770000
5964.160183 0.600000 0.190000 1.330000 0.130000 -0.050000 -0.000000 30.692104 0.000000 0.000000 91.590000 91.590000
5964.189090 -0.750000 -0.070000 0.480000 -0.140000 0.020000 -0.030000 29.385201 0.000000 0.000000 87.690000 87.690000
5964.224003 -0.470000 0.100000 -2.310000 -0.110000 -0.020000 0.060000 29.385201 0.000000 0.000000 87.690000 87.690000
5964.262067 0.130000 -0.310000 0.910000 -0.100000 -0.020000 -0.080000 30.692104 0.000000 0.000000 91.590000 91.590000
5964.290261 -0.170000 -0.410000 0.210000 -0.030000 -0.030000 0.010000 29.884505 -0.144214 0.000000 86.770000 91.590000
5964.325260 0.510000 0.750000 0.750000 -0.200000 -0.010000 0.030000 29.385201 0.000000 0.000000 87.690000 87.690000
5964.358871 -0.750000 -0.550000 -4.940000 0.140000 0.010000 0.020000 29.884505 0.144214 0.000000 91.590000 86.770000
5964.392983 0.220000 -0.530000 5.210000 -0.010000 0.030000 0.090000 29.076906 0.000000 0.000000 86.770000 86.770000
5964.425570 0.270000 0.820000 0.530000 -0.130000 -0.020000 -0.070000 28.269307 -0.144214 0.000000 81.950000 86.770000
5964.461455 -0.050000 -0.000000 -0.890000 0.070000 -0.030000 -0.020000 29.884505 0.144214 0.000000 91.590000 86.770000
5964.490247 -0.410000 -0.850000 1.000000 0.100000 0.050000 0.110000 29.076906 0.000000 0.000000 86.770000 86.770000
5964.520955 -0.980000 0.110000 -0.730000 -0.040000 0.020000 -0.040000 27.840375 0.000000 0.000000 83.080000 83.080000
5964.552737 -0.160000 -0.880000 1.870000 -0.050000 0.040000 0.050000 27.461709 0.000000 0.000000 81.950000 81.950000
5964.583936 0.200000 0.890000 -1.530000 0.150000 0.050000 -0.080000 29.884505 -0.144214 0.000000 86.770000 91.590000
5964.619356 -0.280000 -0.480000 -0.320000 0.130000 0.020000 -0.030000 27.840375 0.000000 0.000000 83.080000 83.080000
5964.647513 0.190000 0.290000 1.280000 -0.090000 -0.040000 -0.060000 23.199196 -0.552322 0.000000 60.000000 78.460000
5964.686090 -1.980000 -2.270000 -0.150000 -0.110000 -0.060000 -0.040000 20.999243 -1.154012 0.000000 43.380000 81.950000
5964.719948 0.140000 -1.670000 0.130000 -0.000000 -0.050000 -0.450000 15.346052 -1.586654 0.000000 19.280000 72.310000
5964.757587 0.730000 -0.840000 -1.680000 -0.010000 0.110000 -0.600000 12.373686 -1.380805 0.000000 13.850000 60.000000
5964.793331 0.610000 0.020000 -1.010000 -0.050000 -0.000000 -0.890000 9.692861 -1.730868 0.000000 0.000000 57.850000
5964.825900 1.260000 -0.140000 1.170000 0.000000 0.020000 -1.040000 8.077663 -1.442440 0.000000 0.000000 48.210000
5964.862496 -0.040000 0.980000 -0.740000 0.040000 -0.090000 -1.280000 7.268389 -1.297927 0.000000 0.000000 43.380000
5964.891564 -0.620000 -0.200000 0.870000 -0.020000 -0.020000 -1.330000 6.960094 -1.242874 0.000000 0.000000 41.540000
5964.921134 0.540000 0.710000 -0.540000 -0.010000 0.020000 -1.580000 3.230395 -1.730569 0.000000 -19.280000 38.560000
5964.948731 0.120000 1.130000 -0.310000 -0.010000 -0.040000 -1.880000 2.320590 -2.071357 0.000000 -27.690000 41.540000
5964.986015 -0.100000 1.310000 0.070000 -0.000000 -0.040000 -2.100000 0.807599 -2.163211 0.000000 -33.740000 38.560000
5965.021970 0.200000 0.400000 0.510000 -0.010000 -0.040000 -2.310000 0.000000 -2.595853 0.000000 -43.380000 43.380000
5965.049867 -0.000000 0.960000 -0.700000 -0.030000 0.000000 -2.490000 0.000000 -2.761610 0.000000 -46.150000 46.150000
5965.085158 0.450000 0.350000 0.330000 0.020000 -0.060000 -2.770000 0.000000 -2.761610 0.000000 -46.150000 46.150000
5965.119135 -0.820000 -0.240000 0.250000 -0.050000 -0.030000 -2.920000 -1.615198 -3.173308 0.000000 -57.850000 48.210000
5965.154157 0.300000 0.470000 -0.850000 -0.000000 -0.040000 -3.090000 0.000000 -3.461736 0.000000 -57.850000 57.850000
5965.189129 0.360000 0.710000 0.210000 0.010000 -0.070000 -3.210000 -0.774088 -3.452162 0.000000 -60.000000 55.380000
5965.219659 -0.410000 -0.700000 0.610000 -0.040000 -0.020000 -3.280000 -0.807599 -3.605950 0.000000 -62.670000 57.850000
5965.256943 0.070000 0.640000 -1.160000 0.010000 -0.060000 -3.410000 0.000000 -3.750164 0.000000 -62.670000 62.670000
5965.293157 -0.140000 -0.380000 0.310000 -0.020000 -0.070000 -3.360000 0.000000 -3.461736 0.000000 -57.850000 57.850000
5965.323073 -0.310000 -0.140000 -0.240000 -0.050000 -0.050000 -3.340000 0.000000 -3.590392 0.000000 -60.000000 60.000000
5965.350819 0.050000 0.750000 -0.430000 0.000000 -0.060000 -3.310000 0.000000 -3.750164 0.000000 -62.670000 62.670000
5965.379776 0.100000 -0.430000 0.660000 -0.020000 -0.060000 -3.240000 -0.774088 -3.452162 0.000000 -60.000000 55.380000
5965.410536 -0.120000 0.290000 0.030000 -0.030000 -0.040000 -3.150000 0.807599 -3.317522 0.000000 -53.030000 57.850000
5965.442057 0.190000 -0.650000 -0.760000 0.000000 -0.050000 -3.170000 0.000000 -3.461736 0.000000 -57.850000 57.850000
5965.478354 0.050000 -0.240000 0.650000 0.010000 -0.060000 -3.070000 0.807599 -3.317522 0.000000 -53.030000 57.850000
5965.513966 -0.470000 0.700000 -0.000000 -0.030000 -0.040000 -2.990000 -0.772413 -3.176001 0.000000 -55.380000 50.770000
5965.547765 -0.270000 -0.750000 0.240000 -0.020000 -0.020000 -2.950000 -0.807599 -3.317522 0.000000 -57.850000 53.030000
5965.584806 0.050000 0.250000 -0.930000 0.040000 -0.010000 -2.840000 0.000000 -3.173308 0.000000 -53.030000 53.030000
5965.620193 0.280000 -0.050000 -0.450000 -0.030000 -0.030000 -2.860000 0.000000 -3.038070 0.000000 -50.770000 50.770000
5965.647793 0.230000 -0.350000 0.610000 0.030000 -0.050000 -2.770000 -1.615198 -3.173308 0.000000 -57.850000 48.210000
5965.682298 -0.200000 0.750000 0.920000 0.000000 -0.060000 -2.710000 0.807599 -3.029094 0.000000 -48.210000 53.030000
5965.712628 -0.560000 -0.460000 -0.490000 -0.050000 -0.030000 -2.740000 -0.807599 -3.029094 0.000000 -53.030000 48.210000
5965.743367 0.090000 -0.050000 0.280000 -0.000000 -0.030000 -2.640000 0.000000 -3.038070 0.000000 -50.770000 50.770000
5965.778836 0.320000 0.160000 0.020000 -0.030000 -0.000000 -2.750000 0.000000 -2.884880 0.000000 -48.210000 48.210000
5965.817498 0.400000 -0.120000 -0.010000 0.010000 -0.050000 -2.800000 -0.774088 -2.899840 0.000000 -50.770000 46.150000
5965.854415 -0.680000 -0.310000 0.190000 0.010000 -0.030000 -2.740000 0.000000 -2.884880 0.000000 -48.210000 48.210000
5965.887845 0.170000 0.430000 0.280000 0.020000 -0.020000 -2.730000 0.000000 -2.884880 0.000000 -48.210000 48.210000
5965.923656 0.610000 -0.190000 0.520000 -0.010000 -0.040000 -2.790000 -0.807599 -3.029094 0.000000 -53.030000 48.210000
5965.958034 -0.630000 0.060000 -0.520000 -0.030000 -0.030000 -2.820000 0.000000 -3.038070 0.000000 -50.770000 50.770000
5965.994811 -0.270000 -0.300000 -0.010000 -0.030000 -0.010000 -2.770000 0.000000 -3.173308 0.000000 -53.030000 53.030000
5966.029750 0.490000 -0.020000 -0.500000 -0.040000 -0.000000 -2.830000 0.000000 -3.173308 0.000000 -53.030000 53.030000
5966.066524 0.400000 0.190000 0.060000 0.010000 -0.040000 -2.890000 0.772413 -3.176001 0.000000 -50.770000 55.380000
5966.103797 -0.650000 -0.190000 -0.290000 -0.030000 -0.050000 -2.860000 0.000000 -3.038070 0.000000 -50.770000 50.770000
5966.139066 -0.300000 -0.570000 0.340000 0.010000 -0.010000 -2.800000 0.000000 -3.173308 0.000000 -53.030000 53.030000
5966.167857 0.430000 0.640000 0.440000 -0.020000 -0.010000 -2.860000 0.807599 -3.029094 0.000000 -48.210000 53.030000
5966.201734 -0.420000 -0.270000 -0.380000 -0.020000 -0.040000 -2.870000 -0.772413 -3.176001 0.000000 -55.380000 50.770000
5966.237389 0.190000 -0.340000 0.070000 -0.000000 -0.050000 -2.800000 0.000000 -3.173308 0.000000 -53.030000 53.030000
5966.272307 0.040000 0.430000 0.170000 -0.010000 -0.020000 -2.810000 -0.428932 -2.961475 0.000000 -50.770000 48.210000
5966.301909 0.300000 0.190000 0.110000 -0.010000 -0.040000 -2.820000 0.000000 -3.173308 0.000000 -53.030000 53.030000
5966.331001 -0.610000 0.110000 0.060000 -0.030000 -0.060000 -2.790000 -0.807599 -3.029094 0.000000 -53.030000 48.210000
5966.360553 0.100000 0.130000 -0.070000 -0.020000 -0.020000 -2.730000 -0.807599 -3.317522 0.000000 -57.850000 53.030000
5966.388494 0.210000 -0.400000 -0.320000 -0.000000 -0.030000 -2.790000 0.000000 -3.038070 0.000000 -50.770000 50.770000
5966.423112 0.150000 0.260000 -0.290000 0.020000 -0.030000 -2.800000 -0.807599 -3.029094 0.000000 -53.030000 48.210000
5966.459922 -0.560000 -0.370000 0.180000 -0.020000 -0.060000 -2.760000 0.000000 -3.173308 0.000000 -53.030000 53.030000
5966.490083 0.240000 -0.030000 -0.240000 -0.030000 -0.040000 -2.830000 -1.546501 -3.037770 0.000000 -55.380000 46.150000
5966.518442 0.490000 0.220000 0.550000 0.000000 -0.070000 -2.870000 0.774088 -2.899840 0.000000 -46.150000 50.770000
5966.553909 -0.570000 -0.250000 -0.520000 -0.030000 -0.030000 -2.840000 -0.807599 -3.317522 0.000000 -57.850000 53.030000
5966.589047 0.540000 -0.130000 -0.050000 0.010000 -0.040000 -2.850000 0.807599 -3.029094 0.000000 -48.210000 53.030000
5966.617285 0.110000 0.330000 0.560000 0.010000 -0.030000 -2.910000 0.000000 -3.038070 0.000000 -50.770000 50.770000
5966.651184 0.220000 0.180000 -0.040000 0.010000 -0.050000 -2.940000 -0.807599 -3.317522 0.000000 -57.850000 53.030000
5966.679269 -0.460000 -0.370000 -0.280000 -0.040000 -0.050000 -2.940000 0.807599 -3.317522 0.000000 -53.030000 57.850000
5966.714958 -0.230000 0.220000 -0.130000 -0.040000 -0.050000 -2.850000 -0.807599 -3.029094 0.000000 -53.030000 48.210000
5966.751860 0.350000 -0.070000 -0.230000 -0.040000 -0.040000 -2.960000 0.807599 -3.317522 0.000000 -53.030000 57.850000
5966.780926 -0.240000 0.280000 -0.410000 0.040000 -0.070000 -2.950000 0.000000 -3.173308 0.000000 -53.030000 53.030000
5966.810558 -0.440000 -0.420000 0.790000 -0.030000 -0.050000 -2.840000 0.000000 -3.038070 0.000000 -50.770000 50.770000
5966.841037 0.090000 -0.250000 -0.410000 -0.040000 -0.020000 -2.920000 -0.807599 -3.029094 0.000000 -53.030000 48.210000
5966.870866 -0.160000 -0.070000 0.700000 0.000000 -0.060000 -2.900000 0.807599 -3.317522 0.000000 -53.030000 57.850000
5966.900419 -0.260000 -0.300000 -0.950000 -0.020000 -0.040000 -2.930000 0.000000 -3.038070 0.000000 -50.770000 50.770000
5966.929751 -0.060000 -0.840000 1.130000 -0.010000 -0.030000 -2.900000 0.000000 -3.038070 0.000000 -50.770000 50.770000
5966.967585 0.360000 1.200000 -0.180000 -0.020000 -0.010000 -2.860000 -0.807599 -3.317522 0.000000 -57.850000 53.030000
5967.003452 -0.220000 -0.360000 0.300000 -0.010000 -0.020000 -2.840000 -0.807599 -3.029094 0.000000 -53.030000 48.210000
5967.036978 -0.200000 -0.060000 -0.570000 -0.040000 -0.010000 -2.790000 0.000000 -3.038070 0.000000 -50.770000 50.770000
5967.071021 -0.040000 0.190000 -0.200000 0.010000 -0.030000 -2.780000 0.807599 -3.029094 0.000000 -48.210000 53.030000
5967.098443 0.150000 0.400000 -0.790000 0.000000 -0.050000 -2.860000 0.000000 -3.173308 0.000000 -53.030000 53.030000
5967.136280 0.450000 0.100000 -0.140000 0.040000 -0.030000 -2.830000 -0.807599 -3.029094 0.000000 -53.030000 48.210000
5967.170994 -0.380000 0.060000 0.910000 -0.030000 -0.030000 -2.860000 0.807599 -3.317522 0.000000 -53.030000 57.850000
5967.200224 0.160000 -0.300000 -0.060000 -0.020000 -0.010000 -2.860000 0.000000 -3.173308 0.000000 -53.030000 53.030000
5967.227437 -0.130000 0.300000 0.190000 0.010000 -0.020000 -2.790000 0.000000 -3.038070 0.000000 -50.770000 50.770000
5967.265832 -0.010000 -0.230000 -0.570000 -0.010000 -0.040000 -2.810000 0.000000 -2.884880 0.000000 -48.210000 48.210000
5967.300760 -0.250000 -0.640000 0.320000 -0.010000 -0.050000 -2.800000 0.000000 -3.173308 0.000000 -53.030000 53.030000
5967.329260 0.130000 0.510000 0.340000 0.000000 -0.010000 -2.760000 0.000000 -3.038070 0.000000 -50.770000 50.770000
5967.357087 0.710000 0.200000 0.840000 0.010000 -0.040000 -2.810000 0.000000 -3.038070 0.000000 -50.770000 50.770000
5967.392803 0.140000 -0.450000 -0.260000 -0.030000 -0.030000 -2.880000 -0.807599 -3.029094 0.000000 -53.030000 48.210000
5967.421897 -0.400000 0.390000 -0.380000 -0.040000 -0.030000 -2.780000 -0.807599 -3.317522 0.000000 -57.850000 53.030000
5967.451815 -0.260000 -0.250000 -0.270000 0.000000 -0.020000 -2.820000 0.000000 -3.038070 0.000000 -50.770000 50.770000
5967.480390 0.600000 -0.140000 -0.230000 0.000000 -0.030000 -2.900000 0.000000 -3.173308 0.000000 -53.030000 53.030000
5967.509513 -0.220000 0.130000 0.480000 0.000000 -0.050000 -2.890000 -0.807599 -3.317522 0.000000 -57.850000 53.030000
5967.547554 -0.270000 0.080000 0.010000 -0.020000 -0.040000 -3.010000 0.000000 -3.173308 0.000000 -53.030000 53.030000
5967.583564 -0.050000 -0.140000 -0.150000 -0.020000 -0.000000 -2.940000 0.000000 -3.313931 0.000000 -55.380000 55.380000
5967.619002 0.640000 -0.000000 -0.460000 -0.030000 -0.030000 -3.020000 -0.807599 -3.317522 0.000000 -57.850000 53.030000
5967.655517 -0.010000 0.040000 0.400000 -0.020000 -0.060000 -3.070000 0.000000 -3.313931 0.000000 -55.380000 55.380000
5967.688942 -0.080000 -0.040000 0.580000 -0.030000 -0.030000 -2.900000 -0.807599 -3.317522 0.000000 -57.850000 53.030000
5967.725116 0.200000 0.290000 -0.170000 -0.010000 -0.010000 -2.970000 0.807599 -3.317522 0.000000 -53.030000 57.850000
5967.760383 0.490000 -0.140000 -0.390000 0.010000 -0.040000 -2.970000 -0.393746 -3.243620 0.000000 -55.380000 53.030000
5967.789881 -0.240000 0.090000 -0.070000 -0.020000 -0.070000 -2.890000 0.000000 -3.038070 0.000000 -50.770000 50.770000
5967.819560 0.310000 -0.000000 0.280000 -0.010000 -0.050000 -2.910000 0.807599 -3.317522 0.000000 -53.030000 57.850000
5967.851354 -0.710000 0.550000 0.030000 -0.000000 -0.030000 -2.840000 0.807599 -3.317522 0.000000 -53.030000 57.850000
5967.878944 0.020000 -0.280000 -0.110000 0.000000 -0.060000 -2.880000 0.774088 -2.899840 0.000000 -46.150000 50.770000
5967.917528 -0.730000 -0.770000 -0.300000 -0.050000 -0.020000 -2.910000 0.000000 -3.173308 0.000000 -53.030000 53.030000
5967.949880 -0.170000 0.440000 -0.170000 -0.010000 -0.030000 -2.780000 0.807599 -3.317522 0.000000 -53.030000 57.850000
5967.982408 0.910000 0.280000 0.310000 0.010000 -0.040000 -2.870000 0.807599 -3.029094 0.000000 -48.210000 53.030000
5968.012617 -0.140000 -0.350000 -0.210000 -0.010000 -0.050000 -2.930000 0.774088 -2.899840 0.000000 -46.150000 50.770000
5968.042542 -0.080000 0.530000 0.290000 -0.020000 -0.060000 -2.780000 0.000000 -3.173308 0.000000 -53.030000 53.030000
5968.072084 -0.110000 -0.210000 0.410000 -0.020000 -0.080000 -2.780000 0.000000 -3.038070 0.000000 -50.770000 50.770000
5968.102342 0.090000 -0.520000 -0.390000 -0.050000 -0.030000 -2.810000 0.000000 -2.884880 0.000000 -48.210000 48.210000
5968.131843 0.150000 0.310000 -0.560000 -0.010000 -0.030000 -2.750000 0.807599 -3.029094 0.000000 -48.210000 53.030000
5968.161878 -0.000000 -0.070000 0.320000 -0.020000 -0.040000 -2.860000 0.000000 -3.173308 0.000000 -53.030000 53.030000
5968.189132 0.130000 0.000000 -0.490000 0.030000 -0.040000 -2.780000 0.000000 -3.038070 0.000000 -50.770000 50.770000
5968.224991 -0.650000 0.100000 0.760000 -0.010000 -0.070000 -2.760000 0.807599 -3.029094 0.000000 -48.210000 53.030000
5968.261166 -0.050000 0.150000 0.080000 -0.030000 -0.030000 -2.800000 0.000000 -3.173308 0.000000 -53.030000 53.030000
5968.288357 0.200000 0.160000 0.150000 0.020000 -0.010000 -2.810000 -0.774088 -2.899840 0.000000 -50.770000 46.150000
5968.323418 -0.490000 -0.150000 0.200000 -0.040000 -0.010000 -2.800000 0.428932 -2.961475 0.000000 -48.210000 50.770000
5968.355616 0.120000 0.140000 -0.710000 -0.010000 -0.040000 -2.850000 -0.807599 -3.029094 0.000000 -53.030000 48.210000
5968.391298 -0.030000 0.390000 0.560000 0.020000 -0.050000 -2.760000 0.000000 -2.884880 0.000000 -48.210000 48.210000
5968.419329 -0.330000 -0.280000 -0.080000 -0.020000 -0.030000 -2.790000 0.000000 -3.038070 0.000000 -50.770000 50.770000
5968.458002 0.040000 -0.360000 0.500000 -0.010000 -0.040000 -2.810000 -1.615198 -3.173308 0.000000 -57.850000 48.210000
5968.495016 0.070000 0.380000 0.000000 -0.010000 0.000000 -2.810000 0.000000 -3.038070 0.000000 -50.770000 50.770000
5968.531834 0.120000 -0.000000 -0.080000 -0.020000 -0.020000 -2.830000 -0.807599 -3.029094 0.000000 -53.030000 48.210000
5968.562356 0.700000 -0.360000 -0.810000 0.010000 -0.050000 -2.950000 0.000000 -3.173308 0.000000 -53.030000 53.030000
5968.591343 -0.290000 0.090000 0.260000 -0.010000 -0.060000 -2.840000 0.000000 -3.173308 0.000000 -53.030000 53.030000
5968.621371 -0.140000 0.150000 -0.220000 -0.010000 -0.020000 -2.810000 -0.772413 -3.176001 0.000000 -55.380000 50.770000
5968.650276 0.840000 0.120000 0.650000 -0.000000 -0.000000 -2.820000 0.000000 -3.173308 0.000000 -53.030000 53.030000
5968.679669 -0.210000 -0.050000 -0.630000 -0.050000 -0.020000 -2.830000 0.000000 -3.173308 0.000000 -53.030000 53.030000
5968.713418 0.210000 0.160000 0.030000 -0.010000 -0.010000 -2.830000 -0.772413 -3.176001 0.000000 -55.380000 50.770000
5968.751142 0.260000 -0.100000 -0.530000 -0.010000 -0.040000 -2.750000 0.774088 -2.899840 0.000000 -46.150000 50.770000
5968.779665 0.000000 0.000000 0.010000 0.000000 -0.040000 -2.730000 0.000000 -3.173308 0.000000 -53.030000 53.030000
5968.816237 -0.560000 -0.340000 -0.120000 -0.000000 -0.040000 -2.800000 -0.807599 -3.029094 0.000000 -53.030000 48.210000
5968.852796 -0.690000 0.310000 0.100000 -0.010000 0.000000 -2.680000 0.000000 -3.038070 0.000000 -50.770000 50.770000
5968.882653 0.360000 0.150000 0.270000 -0.030000 -0.050000 -2.800000 0.000000 -3.173308 0.000000 -53.030000 53.030000
5968.910793 -0.120000 -0.290000 -0.510000 -0.020000 -0.050000 -2.860000 0.000000 -3.173308 0.000000 -53.030000 53.030000
5968.941136 -0.400000 0.340000 -0.150000 0.010000 -0.010000 -2.730000 0.000000 -2.884880 0.000000 -48.210000 48.210000
5968.968465 0.300000 0.070000 0.080000 -0.010000 -0.010000 -2.770000 0.000000 -3.173308 0.000000 -53.030000 53.030000
5969.003472 0.140000 0.050000 0.200000 -0.030000 -0.070000 -2.830000 0.000000 -3.173308 0.000000 -53.030000 53.030000
5969.039392 -0.580000 -0.330000 0.410000 -0.040000 -0.040000 -2.670000 0.000000 -3.038070 0.000000 -50.770000 50.770000
5969.073345 0.020000 -0.130000 -0.170000 -0.010000 0.010000 -2.800000 0.807599 -3.029094 0.000000 -48.210000 53.030000
5969.109093 0.560000 -0.020000 0.150000 0.010000 -0.060000 -2.790000 0.000000 -2.884880 0.000000 -48.210000 48.210000
5969.145977 -0.100000 -0.070000 -0.920000 -0.010000 -0.030000 -2.810000 0.000000 -3.038070 0.000000 -50.770000 50.770000
5969.179975 0.240000 0.010000 0.620000 0.010000 -0.050000 -2.840000 0.000000 -3.038070 0.000000 -50.770000 50.770000
5969.208317 0.330000 0.020000 0.150000 -0.010000 -0.030000 -2.760000 0.807599 -3.029094 0.000000 -48.210000 53.030000
5969.241871 0.420000 -0.150000 0.400000 0.020000 -0.090000 -2.840000 0.000000 -3.173308 0.000000 -53.030000 53.030000
5969.269770 -0.530000 -0.600000 0.310000 -0.020000 -0.060000 -2.930000 0.774088 -2.899840 0.000000 -46.150000 50.770000
5969.307999 -0.270000 0.410000 0.150000 -0.030000 0.000000 -2.850000 0.000000 -3.173308 0.000000 -53.030000 53.030000
5969.343464 0.660000 0.020000 -0.290000 -0.010000 -0.020000 -2.960000 0.000000 -3.173308 0.000000 -53.030000 53.030000
5969.376304 -0.180000 -0.140000 0.100000 0.010000 -0.060000 -3.000000 0.000000 -3.173308 0.000000 -53.030000 53.030000
5969.414921 -0.240000 0.440000 0.480000 -0.000000 -0.070000 -2.900000 0.807599 -3.317522 0.000000 -53.030000 57.850000
5969.450842 -0.140000 0.110000 0.020000 -0.030000 -0.030000 -2.990000 0.000000 -3.173308 0.000000 -53.030000 53.030000
5969.481132 0.290000 -0.260000 -0.440000 0.000000 -0.030000 -2.950000 0.000000 -3.038070 0.000000 -50.770000 50.770000
5969.510599 -0.080000 0.100000 -0.350000 -0.010000 -0.040000 -2.980000 0.000000 -3.173308 0.000000 -53.030000 53.030000
5969.539862 0.240000 0.030000 -0.080000 0.000000 -0.080000 -3.010000 -0.807599 -3.317522 0.000000 -57.850000 53.030000
5969.573017 -0.390000 0.250000 0.150000 -0.000000 -0.050000 -2.900000 0.000000 -3.038070 0.000000 -50.770000 50.770000
5969.603998 0.180000 -0.160000 0.150000 -0.010000 -0.040000 -2.940000 0.000000 -3.038070 0.000000 -50.770000 50.770000
5969.637554 -0.190000 -0.330000 -0.510000 -0.040000 -0.020000 -2.950000 0.000000 -3.173308 0.000000 -53.030000 53.030000
5969.676838 0.370000 0.200000 -0.110000 -0.010000 -0.020000 -2.870000 0.000000 -3.173308 0.000000 -53.030000 53.030000
5969.713128 0.140000 -0.140000 0.150000 -0.000000 -0.030000 -2.890000 0.000000 -3.038070 0.000000 -50.770000 50.770000
5969.741002 0.290000 -0.190000 0.280000 -0.020000 -0.040000 -2.860000 0.000000 -3.173308 0.000000 -53.030000 53.030000
5969.769572 -1.200000 -0.010000 0.310000 0.000000 -0.030000 -2.820000 -0.807599 -3.317522 0.000000 -57.850000 53.030000
5969.807487 -0.100000 0.060000 -0.260000 -0.010000 -0.000000 -2.850000 0.807599 -3.029094 0.000000 -48.210000 53.030000
5969.845964 0.590000 0.110000 -0.390000 -0.010000 -0.000000 -2.820000 -0.378667 -3.105689 0.000000 -53.030000 50.770000
5969.881851 0.620000 0.380000 -0.170000 0.030000 -0.050000 -2.910000 0.000000 -3.173308 0.000000 -53.030000 53.030000
5969.910426 -0.580000 -0.470000 0.210000 -0.010000 -0.060000 -2.970000 -0.772413 -3.176001 0.000000 -55.380000 50.770000
5969.938997 -0.980000 0.510000 0.220000 0.010000 -0.030000 -2.850000 0.000000 -3.173308 0.000000 -53.030000 53.030000
5969.974328 0.430000 -0.440000 0.180000 -0.030000 -0.020000 -2.930000 0.000000 -3.173308 0.000000 -53.030000 53.030000
5970.010232 0.500000 -0.210000 -0.560000 -0.030000 -0.030000 -3.060000 0.000000 -3.313931 0.000000 -55.380000 55.380000
5970.037999 -0.040000 0.010000 0.480000 -0.010000 -0.060000 -2.890000 0.000000 -3.313931 0.000000 -55.380000 55.380000
5970.072664 -0.260000 0.250000 -0.220000 -0.030000 -0.030000 -2.960000 0.000000 -3.173308 0.000000 -53.030000 53.030000
5970.100340 0.190000 -0.150000 0.510000 -0.010000 -0.030000 -2.930000 -0.807599 -3.317522 0.000000 -57.850000 53.030000
5970.131196 -0.340000 0.150000 -0.550000 -0.020000 -0.050000 -2.850000 0.000000 -3.038070 0.000000 -50.770000 50.770000
5970.160585 -0.040000 -0.500000 -0.030000 -0.010000 -0.030000 -2.920000 0.000000 -3.461736 0.000000 -57.850000 57.850000
5970.190463 -0.150000 0.510000 0.100000 -0.010000 -0.020000 -2.820000 0.000000 -3.173308 0.000000 -53.030000 53.030000
5970.219425 0.690000 -0.040000 0.670000 0.000000 -0.060000 -2.860000 -0.807599 -3.029094 0.000000 -53.030000 48.210000
5970.256855 -0.270000 -0.250000 0.050000 -0.050000 -0.050000 -2.940000 0.000000 -3.038070 0.000000 -50.770000 50.770000
5970.294112 -0.410000 0.170000 -0.200000 -0.000000 -0.000000 -2.790000 0.000000 -3.173308 0.000000 -53.030000 53.030000
5970.328014 0.180000 0.040000 -0.260000 -0.020000 -0.020000 -2.840000 0.000000 -3.038070 0.000000 -50.770000 50.770000
5970.363290 0.450000 0.170000 -0.290000 -0.010000 -0.070000 -2.880000 0.000000 -3.173308 0.000000 -53.030000 53.030000
5970.393855 -0.180000 -0.150000 0.210000 -0.030000 -0.040000 -2.770000 0.000000 -3.173308 0.000000 -53.030000 53.030000
5970.428168 -0.180000 0.040000 -0.120000 0.000000 -0.020000 -2.830000 0.000000 -3.173308 0.000000 -53.030000 53.030000
5970.461624 0.310000 0.080000 0.350000 -0.020000 -0.030000 -2.810000 0.000000 -3.038070 0.000000 -50.770000 50.770000
5970.497909 0.300000 -0.050000 -0.820000 0.000000 -0.050000 -2.840000 0.000000 -3.173308 0.000000 -53.030000 53.030000
5970.534175 -0.460000 -0.150000 0.150000 -0.030000 -0.060000 -2.880000 0.000000 -3.173308 0.000000 -53.030000 53.030000
5970.569323 -0.170000 0.130000 -0.180000 0.000000 -0.030000 -2.730000 0.000000 -2.761610 0.000000 -46.150000 46.150000
5970.598526 0.500000 -0.140000 0.460000 0.020000 -0.070000 -2.790000 0.000000 -3.173308 0.000000 -53.030000 53.030000
5970.635908 -0.130000 -0.110000 0.520000 -0.020000 -0.050000 -2.810000 0.000000 -3.173308 0.000000 -53.030000 53.030000
5970.675919 -0.540000 0.160000 0.050000 -0.020000 -0.020000 -2.690000 0.000000 -2.884880 0.000000 -48.210000 48.210000
5970.712624 0.530000 0.160000 0.500000 -0.020000 -0.010000 -2.730000 0.774088 -2.899840 0.000000 -46.150000 50.770000
5970.742398 -0.390000 -0.140000 -0.440000 -0.000000 -0.060000 -2.770000 -0.807599 -3.029094 0.000000 -53.030000 48.210000
5970.769607 0.010000 0.140000 0.240000 -0.020000 -0.040000 -2.650000 0.000000 -2.761610 0.000000 -46.150000 46.150000
5970.809556 0.610000 -0.120000 -0.170000 -0.020000 -0.060000 -2.720000 0.000000 -2.884880 0.000000 -48.210000 48.210000
5970.845594 0.220000 -0.170000 -0.170000 -0.010000 -0.040000 -2.800000 0.807599 -3.029094 0.000000 -48.210000 53.030000
5970.877920 -0.260000 0.260000 -0.130000 0.010000 -0.060000 -2.710000 0.807599 -3.029094 0.000000 -48.210000 53.030000
5970.915058 -0.210000 0.000000 0.140000 -0.020000 -0.030000 -2.720000 0.000000 -3.038070 0.000000 -50.770000 50.770000
5970.950334 0.140000 -0.470000 -0.340000 -0.020000 -0.020000 -2.820000 -0.807599 -3.029094 0.000000 -53.030000 48.210000
5970.981419 0.210000 0.690000 0.620000 -0.020000 -0.060000 -2.760000 0.000000 -3.173308 0.000000 -53.030000 53.030000
5971.009552 -0.320000 -0.160000 -0.310000 -0.030000 -0.020000 -2.830000 0.000000 -3.038070 0.000000 -50.770000 50.770000
5971.044333 0.360000 -0.120000 -0.660000 -0.000000 0.010000 -2.910000 0.774088 -2.899840 0.000000 -46.150000 50.770000
5971.081462 -0.460000 -0.350000 -0.330000 -0.020000 -0.010000 -2.870000 0.000000 -3.461736 0.000000 -57.850000 57.850000
5971.111239 0.320000 0.210000 0.210000 -0.030000 -0.010000 -2.870000 0.000000 -2.884880 0.000000 -48.210000 48.210000
5971.140384 0.730000 0.240000 -0.130000 -0.010000 -0.050000 -2.800000 0.772413 -3.176001 0.000000 -50.770000 55.380000
5971.168061 -0.250000 0.110000 0.030000 0.010000 -0.050000 -2.870000 0.000000 -3.173308 0.000000 -53.030000 53.030000
5971.203450 -0.600000 -0.090000 0.020000 -0.000000 -0.060000 -2.880000 -0.393746 -3.243620 0.000000 -55.380000 53.030000
5971.238951 -0.390000 0.430000 -0.120000 0.010000 0.000000 -2.820000 0.807599 -3.029094 0.000000 -48.210000 53.030000
5971.274319 0.570000 0.080000 -0.080000 0.010000 -0.030000 -2.870000 -0.807599 -3.317522 0.000000 -57.850000 53.030000
5971.311119 -0.030000 -0.120000 0.430000 -0.010000 -0.040000 -2.890000 0.000000 -3.173308 0.000000 -53.030000 53.030000
5971.340389 -0.260000 0.270000 0.240000 -0.020000 -0.030000 -2.840000 0.000000 -3.038070 0.000000 -50.770000 50.770000
5971.369453 0.070000 -0.110000 -0.200000 -0.030000 -0.020000 -2.890000 -0.807599 -3.317522 0.000000 -57.850000 53.030000
5971.405809 0.440000 -0.400000 -0.390000 0.010000 -0.040000 -2.900000 0.000000 -3.173308 0.000000 -53.030000 53.030000
5971.440161 -0.610000 0.100000 0.280000 -0.030000 -0.040000 -2.830000 0.000000 -3.038070 0.000000 -50.770000 50.770000
5971.469250 0.060000 0.150000 0.140000 0.010000 -0.030000 -2.860000 0.000000 -3.038070 0.000000 -50.770000 50.770000
5971.506954 0.220000 0.000000 0.060000 -0.030000 -0.020000 -2.800000 -0.807599 -3.029094 0.000000 -53.030000 48.210000
5971.539221 -0.020000 0.010000 -0.280000 0.000000 -0.040000 -2.840000 0.000000 -3.173308 0.000000 -53.030000 53.030000
5971.578270 -0.480000 -0.220000 0.270000 -0.030000 -0.030000 -2.910000 0.000000 -3.038070 0.000000 -50.770000 50.770000
5971.615302 -0.100000 0.260000 -0.050000 0.020000 -0.030000 -2.770000 -0.807599 -3.029094 0.000000 -53.030000 48.210000
5971.653137 0.310000 -0.140000 0.890000 -0.010000 -0.050000 -2.850000 -0.807599 -3.317522 0.000000 -57.850000 53.030000
5971.685333 0.230000 0.080000 -0.340000 -0.010000 -0.030000 -2.920000 0.807599 -3.029094 0.000000 -48.210000 53.030000
5971.718454 -0.610000 -0.360000 0.410000 -0.020000 -0.040000 -2.850000 0.000000 -3.173308 0.000000 -53.030000 53.030000
5971.754415 -0.160000 0.080000 -0.650000 -0.020000 0.010000 -2.850000 0.807599 -3.317522 0.000000 -53.030000 57.850000
5971.786873 0.530000 -0.040000 0.000000 -0.030000 -0.070000 -2.900000 0.000000 -3.038070 0.000000 -50.770000 50.770000
5971.821413 -0.280000 -0.070000 -0.590000 -0.030000 -0.020000 -2.840000 0.000000 -3.173308 0.000000 -53.030000 53.030000
5971.849956 0.530000 -0.220000 0.320000 0.010000 -0.060000 -2.910000 0.807599 -3.317522 0.000000 -53.030000 57.850000
5971.880262 -0.500000 0.390000 -0.060000 -0.000000 -0.020000 -2.780000 0.000000 -3.038070 0.000000 -50.770000 50.770000
5971.910077 -0.090000 -0.400000 0.310000 -0.030000 -0.030000 -2.830000 0.000000 -3.038070 0.000000 -50.770000 50.770000
5971.939234 0.410000 -0.100000 -0.390000 -0.030000 -0.060000 -2.870000 0.000000 -3.173308 0.000000 -53.030000 53.030000
5971.975924 -0.430000 0.290000 -0.320000 0.000000 -0.050000 -2.760000 0.000000 -3.173308 0.000000 -53.030000 53.030000
5972.013127 0.560000 0.240000 -0.090000 0.010000 -0.050000 -2.810000 0.000000 -3.038070 0.000000 -50.770000 50.770000
5972.042332 0.140000 -0.310000 0.310000 -0.020000 -0.050000 -2.860000 0.000000 -3.173308 0.000000 -53.030000 53.030000
5972.070538 -0.130000 0.250000 0.240000 -0.030000 -0.020000 -2.760000 0.000000 -3.173308 0.000000 -53.030000 53.030000
5972.109306 -0.210000 0.010000 -0.030000 -0.030000 -0.010000 -2.820000 -0.807599 -3.029094 0.000000 -53.030000 48.210000
5972.140882 0.260000 -0.300000 -0.370000 -0.040000 -0.040000 -2.860000 -0.807599 -3.029094 0.000000 -53.030000 48.210000
5972.176334 -0.540000 -0.240000 0.150000 -0.020000 -0.050000 -2.770000 0.000000 -3.173308 0.000000 -53.030000 53.030000
5972.211102 -0.070000 0.520000 0.020000 0.010000 -0.040000 -2.840000 0.000000 -3.038070 0.000000 -50.770000 50.770000
5972.240476 0.550000 -0.170000 0.560000 0.020000 -0.060000 -2.810000 0.000000 -2.884880 0.000000 -48.210000 48.210000
5972.268307 -0.230000 -0.090000 0.290000 -0.030000 -0.060000 -2.780000 0.000000 -3.173308 0.000000 -53.030000 53.030000
5972.306437 0.070000 0.090000 -0.030000 -0.010000 -0.040000 -2.880000 0.000000 -3.038070 0.000000 -50.770000 50.770000
5972.343138 -0.030000 0.150000 -0.250000 -0.010000 -0.010000 -2.820000 0.000000 -3.038070 0.000000 -50.770000 50.770000
5972.372930 0.290000 -0.280000 -0.140000 0.020000 -0.060000 -2.930000 0.000000 -3.173308 0.000000 -53.030000 53.030000
5972.402493 -0.200000 -0.170000 0.290000 -0.050000 -0.050000 -3.040000 0.000000 -3.173308 0.000000 -53.030000 53.030000
5972.431899 -0.480000 0.550000 -0.060000 0.020000 -0.030000 -2.900000 0.772413 -3.176001 0.000000 -50.770000 55.380000
5972.461234 0.030000 -0.100000 0.480000 -0.040000 -0.020000 -3.020000 0.000000 -3.461736 0.000000 -57.850000 57.850000
5972.491849 0.690000 -0.120000 -0.500000 -0.030000 -0.000000 -3.100000 0.000000 -3.173308 0.000000 -53.030000 53.030000
5972.520452 -0.520000 0.060000 -0.440000 -0.050000 -0.050000 -2.990000 0.807599 -3.317522 0.000000 -53.030000 57.850000
5972.556359 0.350000 -0.020000 -0.180000 0.010000 -0.020000 -3.030000 -0.772413 -3.176001 0.000000 -55.380000 50.770000
5972.592185 -0.100000 -0.030000 0.760000 -0.000000 -0.030000 -2.990000 0.807599 -3.317522 0.000000 -53.030000 57.850000
5972.621187 0.090000 0.110000 -0.200000 -0.020000 -0.030000 -3.030000 0.000000 -3.313931 0.000000 -55.380000 55.380000
5972.651029 0.180000 -0.190000 -0.940000 -0.010000 -0.010000 -3.080000 0.000000 -3.173308 0.000000 -53.030000 53.030000
5972.678868 -0.380000 0.370000 -0.020000 0.020000 -0.040000 -2.860000 0.807599 -3.317522 0.000000 -53.030000 57.850000
5972.715561 0.090000 -0.030000 0.380000 -0.020000 -0.030000 -2.910000 0.413852 -3.387834 0.000000 -55.380000 57.850000
5972.752311 0.260000 -0.210000 -0.450000 -0.010000 -0.030000 -2.940000 -0.774088 -2.899840 0.000000 -50.770000 46.150000
5972.782440 -0.810000 -0.170000 0.500000 -0.050000 -0.020000 -2.820000 0.807599 -3.317522 0.000000 -53.030000 57.850000
5972.810899 0.030000 0.330000 -0.480000 -0.010000 -0.010000 -2.850000 0.000000 -3.173308 0.000000 -53.030000 53.030000
5972.840252 0.690000 -0.010000 0.590000 0.000000 -0.040000 -2.780000 -1.546501 -3.037770 0.000000 -55.380000 46.150000
5972.868791 -0.190000 0.030000 -0.380000 -0.020000 -0.050000 -2.750000 -0.807599 -3.029094 0.000000 -53.030000 48.210000
5972.903545 -0.690000 -0.430000 0.560000 -0.010000 -0.010000 -2.780000 -0.807599 -3.029094 0.000000 -53.030000 48.210000
5972.939935 0.070000 0.120000 -0.340000 -0.020000 0.010000 -2.660000 0.000000 -2.884880 0.000000 -48.210000 48.210000
5972.969079 0.950000 0.330000 0.320000 0.000000 -0.030000 -2.720000 -0.774088 -2.899840 0.000000 -50.770000 46.150000
5973.005214 0.120000 0.030000 -0.360000 0.020000 -0.050000 -2.810000 0.000000 -3.173308 0.000000 -53.030000 53.030000
5973.038631 -0.660000 -0.360000 0.360000 -0.020000 -0.050000 -2.630000 0.000000 -2.761610 0.000000 -46.150000 46.150000
5973.071479 0.370000 0.240000 0.360000 -0.030000 -0.010000 -2.600000 0.807599 -3.029094 0.000000 -48.210000 53.030000
5973.100583 0.030000 0.200000 0.160000 -0.020000 -0.070000 -2.740000 0.000000 -2.884880 0.000000 -48.210000 48.210000
5973.131232 -0.130000 -0.350000 -0.150000 -0.030000 -0.000000 -2.540000 0.000000 -3.173308 0.000000 -53.030000 53.030000
5973.160223 0.210000 -0.100000 -0.240000 -0.010000 0.010000 -2.670000 0.000000 -3.038070 0.000000 -50.770000 50.770000
5973.190479 0.230000 -0.010000 -0.090000 -0.000000 -0.040000 -2.770000 0.000000 -2.884880 0.000000 -48.210000 48.210000
5973.224340 -0.260000 -0.000000 -0.340000 0.000000 -0.050000 -2.670000 0.807599 -3.317522 0.000000 -53.030000 57.850000
5973.260243 0.090000 0.020000 0.320000 -0.010000 -0.050000 -2.770000 0.000000 -3.038070 0.000000 -50.770000 50.770000
5973.288338 0.700000 0.120000 -0.580000 0.010000 -0.030000 -2.850000 0.000000 -2.761610 0.000000 -46.150000 46.150000
5973.323996 -0.780000 0.130000 0.260000 0.010000 -0.060000 -2.700000 0.000000 -3.173308 0.000000 -53.030000 53.030000
5973.359105 0.170000 -0.040000 -0.020000 -0.030000 -0.040000 -2.770000 0.000000 -3.173308 0.000000 -53.030000 53.030000
5973.393107 0.550000 0.020000 0.200000 0.000000 -0.030000 -2.840000 0.000000 -3.038070 0.000000 -50.770000 50.770000
5973.423161 -0.570000 -0.310000 0.300000 -0.060000 -0.040000 -2.820000 0.000000 -3.173308 0.000000 -53.030000 53.030000
5973.451228 -0.180000 0.180000 -0.200000 -0.020000 -0.000000 -2.900000 0.774088 -2.899840 0.000000 -46.150000 50.770000
5973.480563 0.590000 -0.050000 -0.090000 -0.020000 -0.040000 -2.920000 0.000000 -2.884880 0.000000 -48.210000 48.210000
5973.509797 -0.410000 0.150000 -0.320000 0.010000 -0.060000 -2.880000 0.000000 -3.461736 0.000000 -57.850000 57.850000
5973.545508 -0.120000 -0.180000 0.930000 -0.010000 -0.060000 -2.910000 0.000000 -3.173308 0.000000 -53.030000 53.030000
5973.578419 -0.350000 0.170000 -0.090000 -0.030000 -0.020000 -2.830000 0.000000 -3.038070 0.000000 -50.770000 50.770000
5973.614986 0.560000 0.080000 0.470000 -0.010000 -0.070000 -2.910000 0.807599 -3.317522 0.000000 -53.030000 57.850000
5973.649471 0.290000 0.060000 -0.920000 -0.030000 -0.040000 -3.020000 0.807599 -3.317522 0.000000 -53.030000 57.850000
5973.686099 -0.940000 0.070000 0.130000 0.010000 -0.050000 -2.860000 -0.772413 -3.176001 0.000000 -55.380000 50.770000
5973.720907 0.350000 0.320000 0.060000 -0.020000 -0.010000 -2.920000 0.000000 -3.038070 0.000000 -50.770000 50.770000
5973.748159 0.680000 -0.430000 0.260000 0.010000 -0.010000 -3.010000 0.807599 -3.317522 0.000000 -53.030000 57.850000
5973.788586 -0.920000 0.270000 -0.050000 -0.050000 -0.020000 -2.940000 0.000000 -3.173308 0.000000 -53.030000 53.030000
5973.824122 0.320000 0.020000 -0.220000 -0.050000 0.030000 -2.990000 -0.772413 -3.176001 0.000000 -55.380000 50.770000
5973.858319 0.550000 0.200000 -0.640000 -0.050000 -0.040000 -2.860000 0.807599 -3.317522 0.000000 -53.030000 57.850000
5973.895673 -0.280000 -0.180000 -0.020000 0.020000 -0.050000 -2.850000 0.807599 -3.317522 0.000000 -53.030000 57.850000
5973.931329 -0.660000 -0.560000 1.550000 0.000000 -0.060000 -2.830000 -0.807599 -3.029094 0.000000 -53.030000 48.210000
5973.958887 -0.460000 0.340000 -0.220000 -0.030000 0.010000 -2.720000 0.807599 -3.029094 0.000000 -48.210000 53.030000
5973.993513 0.640000 0.070000 -0.020000 -0.030000 -0.040000 -2.770000 0.000000 -3.173308 0.000000 -53.030000 53.030000
5974.030418 -0.010000 -0.360000 -0.450000 -0.030000 -0.010000 -2.820000 -0.774088 -2.899840 0.000000 -50.770000 46.150000
5974.058770 -0.160000 0.330000 -0.310000 0.010000 -0.040000 -2.730000 0.000000 -2.884880 0.000000 -48.210000 48.210000
5974.096354 0.350000 -0.080000 -0.050000 -0.000000 -0.000000 -2.750000 0.000000 -3.173308 0.000000 -53.030000 53.030000
5974.130799 0.710000 -0.050000 -0.200000 0.010000 -0.030000 -2.820000 -0.774088 -2.899840 0.000000 -50.770000 46.150000
5974.168933 -0.630000 -0.120000 0.740000 -0.030000 -0.040000 -2.710000 0.000000 -3.038070 0.000000 -50.770000 50.770000
5974.207023 -0.310000 -0.280000 -0.530000 -0.040000 -0.010000 -2.780000 0.000000 -3.173308 0.000000 -53.030000 53.030000
5974.241941 0.460000 0.050000 0.000000 -0.010000 -0.020000 -2.830000 0.000000 -3.173308 0.000000 -53.030000 53.030000
5974.278138 -0.000000 0.260000 -0.630000 -0.020000 -0.050000 -2.850000 -0.774088 -2.899840 0.000000 -50.770000 46.150000
5974.314682 -0.390000 -0.250000 0.720000 -0.000000 -0.020000 -2.840000 0.000000 -3.173308 0.000000 -53.030000 53.030000
5974.346404 0.150000 0.210000 0.130000 -0.040000 0.000000 -2.770000 0.000000 -3.173308 0.000000 -53.030000 53.030000
5974.381255 0.490000 0.200000 0.570000 0.010000 -0.040000 -2.850000 0.000000 -3.173308 0.000000 -53.030000 53.030000
5974.409397 -0.450000 -0.020000 -0.490000 -0.030000 -0.030000 -2.930000 0.000000 -3.173308 0.000000 -53.030000 53.030000
5974.444237 -0.460000 0.200000 -0.670000 0.020000 -0.010000 -2.750000 -0.807599 -3.317522 0.000000 -57.850000 53.030000
5974.477886 0.470000 -0.200000 0.620000 -0.010000 -0.020000 -2.830000 0.000000 -3.038070 0.000000 -50.770000 50.770000
5974.516044 0.190000 0.270000 0.120000 -0.020000 -0.020000 -2.610000 0.000000 -2.018997 0.000000 -33.740000 33.740000
5974.550989 -0.120000 -0.120000 0.020000 -0.010000 -0.030000 -2.100000 0.000000 -1.153713 0.000000 -19.280000 19.280000
5974.579895 0.630000 -0.790000 -0.960000 0.020000 0.020000 -1.320000 0.000000 -0.552322 0.000000 -9.230000 9.230000
5974.612522 -0.900000 0.570000 0.050000 -0.020000 0.030000 -0.250000 0.772413 -0.414391 0.000000 -4.620000 9.230000
5974.648817 1.030000 -0.280000 0.210000 -0.010000 0.010000 -0.010000 -0.807599 -0.432642 0.000000 -9.640000 4.820000
5974.682459 -0.620000 -0.010000 -0.030000 0.010000 -0.020000 -0.010000 -0.807599 -0.144214 0.000000 -4.820000 0.000000
5974.711568 -0.290000 -0.100000 0.030000 0.000000 0.020000 0.020000 0.000000 0.000000 0.000000 0.000000 0.000000
5974.739593 0.380000 -0.020000 0.140000 0.000000 0.000000 0.000000 0.807599 0.144214 0.000000 4.820000 0.000000
5974.768942 -0.020000 -0.120000 0.010000 -0.000000 -0.010000 -0.020000 0.000000 0.000000 0.000000 0.000000 0.000000
5974.805853 -0.380000 -0.020000 0.040000 -0.000000 0.000000 0.000000 0.000000 0.000000 0.000000 0.000000 0.000000
5974.837309 -0.030000 -0.000000 0.170000 0.000000 0.010000 0.010000 1.615198 -0.288428 0.000000 0.000000 9.640000
5974.873789 0.180000 -0.040000 0.110000 -0.000000 0.000000 -0.000000 0.000000 0.000000 0.000000 0.000000 0.000000
5974.906781 0.060000 -0.000000 0.010000 -0.000000 -0.000000 -0.010000 0.000000 0.000000 0.000000 0.000000 0.000000
5974.942671 -0.190000 0.030000 0.030000 0.000000 0.000000 0.000000 0.000000 0.000000 0.000000 0.000000 0.000000
5974.970977 0.170000 -0.020000 -0.040000 -0.000000 0.000000 0.010000 0.000000 0.000000 0.000000 0.000000 0.000000
5974.999422 0.080000 0.080000 -0.010000 -0.000000 -0.000000 -0.010000 0.000000 0.000000 0.000000 0.000000 0.000000
5975.031153 -0.080000 -0.000000 -0.030000 0.000000 -0.000000 -0.000000 0.000000 0.000000 0.000000 0.000000 0.000000
5975.059616 -0.020000 -0.000000 0.060000 0.000000 0.000000 0.000000 0.000000 0.000000 0.000000 0.000000 0.000000
5975.093333 0.060000 0.030000 -0.070000 0.000000 0.000000 -0.000000 0.000000 0.000000 0.000000 0.000000 0.000000
5975.128054 0.040000 -0.010000 -0.110000 0.000000 -0.000000 -0.000000 0.000000 0.000000 0.000000 0.000000 0.000000
5975.161421 -0.050000 -0.000000 0.040000 0.000000 -0.000000 -0.000000 0.000000 0.000000 0.000000 0.000000 0.000000
5975.189374 0.020000 -0.030000 -0.030000 -0.000000 0.000000 -0.000000 0.000000 0.000000 0.000000 0.000000 0.000000
5975.222889 0.080000 0.000000 0.070000 -0.000000 0.000000 0.000000 0.000000 0.000000 0.000000 0.000000 0.000000
5975.249559 0.000000 -0.040000 -0.000000 -0.000000 0.000000 -0.000000 0.000000 0.000000 0.000000 0.000000 0.000000
5975.284235 0.030000 0.020000 0.020000 -0.000000 -0.000000 -0.000000 0.000000 0.000000 0.000000 0.000000 0.000000
5975.320406 0.040000 0.020000 -0.000000 0.000000 0.000000 -0.000000 0.000000 0.000000 0.000000 0.000000 0.000000
5975.347966 0.060000 0.020000 -0.030000 -0.000000 0.000000 0.000000 0.000000 0.000000 0.000000 0.000000 0.000000
5975.380879 0.040000 -0.070000 -0.040000 -0.000000 0.000000 -0.000000 0.000000 0.000000 0.000000 0.000000 0.000000
5975.409036 0.030000 0.010000 -0.010000 -0.000000 -0.000000 -0.000000 0.000000 0.000000 0.000000 0.000000 0.000000
5975.444781 0.010000 -0.010000 0.000000 -0.000000 -0.000000 0.000000 0.000000 0.000000 0.000000 0.000000 0.000000
5975.479150 -0.010000 0.020000 -0.010000 0.000000 -0.000000 0.000000 0.000000 0.000000 0.000000 0.000000 0.000000
5975.513870 -0.020000 -0.000000 -0.020000 0.000000 0.000000 0.000000 0.000000 0.000000 0.000000 0.000000 0.000000
5975.546314 0.000000 0.050000 0.010000 -0.000000 0.000000 -0.000000 0.000000 0.000000 0.000000 0.000000 0.000000
5975.578055 0.010000 -0.000000 0.010000 0.000000 0.000000 0.000000 0.000000 0.000000 0.000000 0.000000 0.000000
5975.612864 0.010000 0.030000 0.020000 -0.000000 -0.000000 0.000000 0.000000 0.000000 0.000000 0.000000 0.000000
5975.641342 0.060000 -0.020000 0.010000 0.000000 0.000000 0.000000 0.000000 0.000000 0.000000 0.000000 0.000000
5975.667644 0.010000 0.020000 0.030000 -0.000000 0.000000 0.000000 0.000000 0.000000 0.000000 0.000000 0.000000
5975.702005 -0.050000 0.000000 -0.010000 -0.000000 0.000000 0.000000 0.000000 0.000000 0.000000 0.000000 0.000000
5975.730258 -0.000000 -0.030000 0.030000 0.000000 -0.000000 -0.000000 0.000000 0.000000 0.000000 0.000000 0.000000
5975.757564 0.040000 0.010000 -0.030000 0.000000 0.000000 0.000000 0.000000 0.000000 0.000000 0.000000 0.000000
5975.792783 0.030000 0.030000 0.060000 -0.000000 -0.000000 -0.000000 0.000000 0.000000 0.000000 0.000000 0.000000
5975.820403 0.020000 -0.030000 0.040000 0.000000 0.000000 0.000000 0.000000 0.000000 0.000000 0.000000 0.000000
5975.849788 -0.030000 -0.010000 -0.010000 0.000000 0.000000 0.000000 0.000000 0.000000 0.000000 0.000000 0.000000
5975.877297 0.030000 0.030000 0.020000 0.000000 -0.000000 -0.000000 0.000000 0.000000 0.000000 0.000000 0.000000
5975.910567 0.000000 0.050000 -0.020000 -0.000000 0.000000 0.000000 0.000000 0.000000 0.000000 0.000000 0.000000
5975.940077 0.000000 -0.050000 -0.060000 0.000000 -0.000000 0.000000 0.000000 0.000000 0.000000 0.000000 0.000000
5975.967298 -0.060000 0.010000 -0.040000 0.000000 0.000000 0.000000 0.000000 0.000000 0.000000 0.000000 0.000000
5976.002370 -0.010000 0.000000 -0.020000 -0.000000 -0.000000 0.000000 0.000000 0.000000 0.000000 0.000000 0.000000
5976.030350 0.020000 -0.000000 0.010000 -0.000000 0.000000 0.000000 0.000000 0.000000 0.000000 0.000000 0.000000
5976.058607 -0.020000 -0.030000 -0.070000 0.000000 -0.000000 0.000000 0.000000 0.000000 0.000000 0.000000 0.000000
5976.091313 0.020000 -0.000000 -0.010000 -0.000000 -0.000000 -0.000000 0.000000 0.000000 0.000000 0.000000 0.000000
5976.122445 0.000000 -0.000000 0.030000 0.000000 -0.000000 0.000000 0.000000 0.000000 0.000000 0.000000 0.000000
5976.151173 -0.020000 0.050000 0.020000 -0.000000 0.000000 0.000000 0.000000 0.000000 0.000000 0.000000 0.000000
5976.179505 0.000000 0.020000 -0.010000 -0.000000 0.000000 -0.000000 0.000000 0.000000 0.000000 0.000000 0.000000
5976.213509 0.020000 -0.020000 0.060000 0.000000 0.000000 -0.000000 0.000000 0.000000 0.000000 0.000000 0.000000
5976.248188 0.040000 0.000000 -0.020000 -0.000000 -0.000000 -0.000000 0.000000 0.000000 0.000000 0.000000 0.000000
5976.279982 -0.010000 -0.040000 -0.040000 -0.000000 -0.000000 -0.000000 0.000000 0.000000 0.000000 0.000000 0.000000
5976.309598 0.010000 0.050000 -0.040000 -0.000000 -0.000000 -0.000000 0.000000 0.000000 0.000000 0.000000 0.000000
5976.335904 -0.020000 0.000000 0.030000 0.000000 -0.000000 0.000000 0.000000 0.000000 0.000000 0.000000 0.000000
5976.368386 -0.000000 0.010000 -0.010000 0.000000 0.000000 -0.000000 0.000000 0.000000 0.000000 0.000000 0.000000
5976.402230 -0.000000 -0.010000 0.000000 0.000000 0.000000 0.000000 0.000000 0.000000 0.000000 0.000000 0.000000
5976.431498 -0.000000 -0.020000 -0.040000 -0.000000 -0.000000 -0.000000 0.000000 0.000000 0.000000 0.000000 0.000000
5976.459607 -0.050000 -0.040000 0.030000 0.000000 -0.000000 -0.000000 0.000000 0.000000 0.000000 0.000000 0.000000
5976.493674 0.000000 0.020000 -0.040000 -0.000000 0.000000 -0.000000 0.000000 0.000000 0.000000 0.000000 0.000000
5976.528249 0.020000 -0.020000 0.030000 -0.000000 -0.000000 0.000000 0.000000 0.000000 0.000000 0.000000 0.000000
5976.561600 0.080000 -0.010000 0.040000 0.000000 -0.000000 0.000000 0.000000 0.000000 0.000000 0.000000 0.000000
5976.594681 -0.030000 0.020000 0.020000 -0.000000 0.000000 0.000000 0.000000 0.000000 0.000000 0.000000 0.000000
5976.630170 0.010000 -0.000000 -0.030000 0.000000 0.000000 0.000000 0.000000 0.000000 0.000000 0.000000 0.000000
5976.657284 0.030000 0.020000 -0.010000 -0.000000 0.000000 -0.000000 0.000000 0.000000 0.000000 0.000000 0.000000
5976.692254 0.010000 -0.010000 0.020000 -0.000000 0.000000 0.000000 0.000000 0.000000 0.000000 0.000000 0.000000
5976.727329 0.040000 0.010000 -0.060000 0.000000 0.000000 -0.000000 0.000000 0.000000 0.000000 0.000000 0.000000
5976.760890 0.010000 -0.010000 0.040000 0.000000 0.000000 -0.000000 0.000000 0.000000 0.000000 0.000000 0.000000
5976.788612 -0.080000 0.010000 0.020000 -0.000000 0.000000 0.000000 0.000000 0.000000 0.000000 0.000000 0.000000
5976.821291 0.040000 -0.010000 0.020000 -0.000000 -0.000000 -0.000000 0.000000 0.000000 0.000000 0.000000 0.000000
5976.851543 -0.020000 0.020000 -0.020000 0.000000 0.000000 0.000000 0.000000 0.000000 0.000000 0.000000 0.000000
5976.879575 -0.000000 -0.030000 0.020000 -0.000000 0.000000 0.000000 0.000000 0.000000 0.000000 0.000000 0.000000
5976.915649 -0.010000 0.030000 -0.030000 0.000000 0.000000 0.000000 0.000000 0.000000 0.000000 0.000000 0.000000
5976.949917 -0.020000 0.010000 0.020000 -0.000000 0.000000 -0.000000 0.000000 0.000000 0.000000 0.000000 0.000000
5976.978208 -0.010000 -0.030000 -0.080000 -0.000000 0.000000 0.000000 0.000000 0.000000 0.000000 0.000000 0.000000
5977.009160 -0.000000 0.020000 0.060000 0.000000 -0.000000 0.000000 0.000000 0.000000 0.000000 0.000000 0.000000
5977.045549 -0.010000 -0.010000 0.010000 0.000000 -0.000000 0.000000 0.000000 0.000000 0.000000 0.000000 0.000000
5977.082517 0.020000 -0.020000 0.010000 0.000000 0.000000 0.000000 0.000000 0.000000 0.000000 0.000000 0.000000
5977.109060 -0.010000 -0.030000 0.090000 0.000000 -0.000000 -0.000000 0.000000 0.000000 0.000000 0.000000 0.000000
5977.143198 0.010000 -0.020000 0.010000 0.000000 -0.000000 0.000000 0.000000 0.000000 0.000000 0.000000 0.000000
5977.178128 -0.020000 0.030000 -0.060000 0.000000 -0.000000 0.000000 0.000000 0.000000 0.000000 0.000000 0.000000
5977.210157 -0.010000 0.020000 0.030000 -0.000000 0.000000 0.000000 0.000000 0.000000 0.000000 0.000000 0.000000
5977.245937 0.020000 -0.020000 0.080000 -0.000000 0.000000 -0.000000 0.000000 0.000000 0.000000 0.000000 0.000000
5977.279199 -0.020000 -0.000000 0.020000 0.000000 0.000000 0.000000 0.000000 0.000000 0.000000 0.000000 0.000000
5977.312378 0.000000 0.020000 -0.040000 0.000000 0.000000 0.000000 0.000000 0.000000 0.000000 0.000000 0.000000
5977.340943 0.030000 -0.000000 -0.030000 -0.000000 0.000000 -0.000000 0.000000 0.000000 0.000000 0.000000 0.000000
5977.368604 0.010000 0.010000 -0.010000 0.000000 0.000000 0.000000 0.000000 0.000000 0.000000 0.000000 0.000000
5977.404359 -0.000000 0.010000 -0.000000 0.000000 -0.000000 0.000000 0.000000 0.000000 0.000000 0.000000 0.000000
5977.439000 -0.010000 -0.020000 0.030000 -0.000000 0.000000 -0.000000 0.000000 0.000000 0.000000 0.000000 0.000000
5977.467373 0.040000 -0.010000 -0.020000 -0.000000 0.000000 -0.000000 0.000000 0.000000 0.000000 0.000000 0.000000
5977.498145 0.020000 0.030000 -0.070000 0.000000 0.000000 0.000000 0.000000 0.000000 0.000000 0.000000 0.000000
5977.534212 0.030000 0.020000 -0.020000 -0.000000 -0.000000 -0.000000 0.000000 0.000000 0.000000 0.000000 0.000000
5977.569863 -0.040000 0.050000 -0.010000 -0.000000 0.000000 -0.000000 0.000000 0.000000 0.000000 0.000000 0.000000
5977.604358 0.010000 0.020000 -0.040000 -0.000000 0.000000 0.000000 0.000000 0.000000 0.000000 0.000000 0.000000
5977.637752 -0.020000 0.000000 0.030000 0.000000 0.000000 -0.000000 0.000000 0.000000 0.000000 0.000000 0.000000
5977.671559 -0.030000 -0.020000 -0.040000 -0.000000 0.000000 -0.000000 0.000000 0.000000 0.000000 0.000000 0.000000
5977.700189 0.010000 0.020000 0.040000 -0.000000 -0.000000 -0.000000 0.000000 0.000000 0.000000 0.000000 0.000000
5977.729227 -0.030000 0.030000 0.060000 0.000000 0.000000 -0.000000 0.000000 0.000000 0.000000 0.000000 0.000000
5977.757410 -0.020000 -0.020000 -0.050000 0.000000 0.000000 -0.000000 0.000000 0.000000 0.000000 0.000000 0.000000
5977.792420 0.020000 -0.060000 0.010000 0.000000 -0.000000 -0.000000 0.000000 0.000000 0.000000 0.000000 0.000000
5977.820472 0.020000 -0.010000 -0.010000 0.000000 0.000000 -0.000000 0.000000 0.000000 0.000000 0.000000 0.000000
5977.849794 0.010000 -0.030000 0.000000 0.000000 -0.000000 -0.000000 0.000000 0.000000 0.000000 0.000000 0.000000
5977.877348 -0.000000 -0.000000 0.040000 0.000000 0.000000 0.000000 0.000000 0.000000 0.000000 0.000000 0.000000
5977.909329 -0.010000 0.030000 0.050000 0.000000 0.000000 0.000000 0.000000 0.000000 0.000000 0.000000 0.000000
5977.946497 0.070000 0.020000 -0.080000 0.000000 0.000000 -0.000000 0.000000 0.000000 0.000000 0.000000 0.000000
5977.981261 -0.000000 -0.000000 0.050000 0.000000 -0.000000 0.000000 0.000000 0.000000 0.000000 0.000000 0.000000
5978.007896 0.010000 -0.000000 -0.060000 -0.000000 -0.000000 0.000000 0.000000 0.000000 0.000000 0.000000 0.000000
5978.042084 -0.000000 0.010000 0.040000 0.000000 0.000000 0.000000 0.000000 0.000000 0.000000 0.000000 0.000000
5978.070558 -0.010000 -0.010000 -0.020000 -0.000000 0.000000 -0.000000 0.000000 0.000000 0.000000 0.000000 0.000000
5978.098503 -0.010000 0.030000 -0.070000 0.000000 0.000000 -0.000000 0.000000 0.000000 0.000000 0.000000 0.000000
5978.131566 0.000000 -0.020000 -0.040000 -0.000000 0.000000 0.000000 0.000000 0.000000 0.000000 0.000000 0.000000
5978.169047 -0.020000 -0.020000 -0.030000 -0.000000 -0.000000 -0.000000 0.000000 0.000000 0.000000 0.000000 0.000000
5978.196215 -0.000000 0.000000 0.010000 -0.000000 0.000000 -0.000000 0.000000 0.000000 0.000000 0.000000 0.000000
5978.229235 -0.010000 -0.030000 0.070000 0.000000 0.000000 -0.000000 0.000000 0.000000 0.000000 0.000000 0.000000
5978.266980 0.010000 -0.020000 -0.010000 -0.000000 -0.000000 0.000000 0.000000 0.000000 0.000000 0.000000 0.000000
5978.299268 0.020000 -0.000000 0.030000 0.000000 0.000000 -0.000000 0.000000 0.000000 0.000000 0.000000 0.000000
5978.333247 0.030000 -0.010000 0.020000 0.000000 0.000000 -0.000000 0.000000 0.000000 0.000000 0.000000 0.000000
5978.361161 -0.030000 -0.010000 0.030000 -0.000000 0.000000 0.000000 0.000000 0.000000 0.000000 0.000000 0.000000
5978.389244 -0.000000 -0.030000 0.030000 0.000000 0.000000 0.000000 0.000000 0.000000 0.000000 0.000000 0.000000
5978.416634 0.010000 0.020000 0.010000 0.000000 0.000000 -0.000000 0.000000 0.000000 0.000000 0.000000 0.000000
5978.449862 0.020000 0.010000 -0.050000 0.000000 0.000000 -0.000000 0.000000 0.000000 0.000000 0.000000 0.000000
5978.477965 0.010000 0.020000 -0.010000 0.000000 -0.000000 -0.000000 0.000000 0.000000 0.000000 0.000000 0.000000
5978.509174 -0.020000 0.030000 0.030000 0.000000 -0.000000 -0.000000 0.000000 0.000000 0.000000 0.000000 0.000000
5978.545589 0.010000 -0.010000 -0.050000 0.000000 -0.000000 -0.000000 0.000000 0.000000 0.000000 0.000000 0.000000
5978.578346 -0.010000 -0.000000 -0.010000 0.000000 0.000000 -0.000000 0.000000 0.000000 0.000000 0.000000 0.000000
5978.614423 0.020000 0.070000 0.040000 0.000000 0.000000 -0.000000 0.000000 0.000000 0.000000 0.000000 0.000000
5978.649186 0.070000 -0.000000 -0.030000 -0.000000 0.000000 0.000000 0.000000 0.000000 0.000000 0.000000 0.000000
5978.675808 -0.030000 -0.030000 -0.090000 0.000000 0.000000 0.000000 0.000000 0.000000 0.000000 0.000000 0.000000
5978.710354 -0.040000 -0.020000 0.010000 -0.000000 0.000000 0.000000 0.000000 0.000000 0.000000 0.000000 0.000000
5978.737137 0.000000 -0.010000 -0.010000 -0.000000 -0.000000 0.000000 0.000000 0.000000 0.000000 0.000000 0.000000
5978.773833 -0.030000 -0.010000 0.020000 -0.000000 -0.000000 -0.000000 0.000000 0.000000 0.000000 0.000000 0.000000
5978.804450 0.010000 0.050000 0.080000 -0.000000 0.000000 -0.000000 0.000000 0.000000 0.000000 0.000000 0.000000
5978.836393 -0.010000 0.010000 0.030000 -0.000000 -0.000000 -0.000000 0.000000 0.000000 0.000000 0.000000 0.000000
5978.873215 0.010000 -0.030000 0.010000 -0.000000 0.000000 0.000000 0.000000 0.000000 0.000000 0.000000 0.000000
5978.901521 0.010000 0.000000 0.050000 0.000000 -0.000000 0.000000 0.000000 0.000000 0.000000 0.000000 0.000000
5978.927407 -0.040000 0.020000 -0.030000 0.000000 0.000000 0.000000 0.000000 0.000000 0.000000 0.000000 0.000000
5978.963545 0.010000 0.020000 -0.010000 0.000000 0.000000 0.000000 0.000000 0.000000 0.000000 0.000000 0.000000
5978.998907 -0.010000 -0.010000 0.010000 0.000000 0.000000 -0.000000 0.000000 0.000000 0.000000 0.000000 0.000000
5979.032245 0.000000 0.030000 -0.010000 0.000000 -0.000000 0.000000 0.000000 0.000000 0.000000 0.000000 0.000000
5979.058816 -0.000000 -0.040000 0.020000 -0.000000 0.000000 0.000000 0.000000 0.000000 0.000000 0.000000 0.000000
5979.093382 0.010000 -0.030000 0.020000 -0.000000 0.000000 0.000000 0.000000 0.000000 0.000000 0.000000 0.000000
5979.123078 -0.020000 -0.010000 0.010000 0.000000 -0.000000 -0.000000 0.000000 0.000000 0.000000 0.000000 0.000000
5979.149884 -0.010000 -0.010000 -0.020000 -0.000000 0.000000 0.000000 0.000000 0.000000 0.000000 0.000000 0.000000
5979.183791 0.020000 0.020000 -0.090000 -0.000000 -0.000000 -0.000000 0.000000 0.000000 0.000000 0.000000 0.000000
5979.214515 -0.010000 0.000000 -0.010000 0.000000 0.000000 -0.000000 0.000000 0.000000 0.000000 0.000000 0.000000
5979.249804 0.010000 -0.030000 0.050000 -0.000000 -0.000000 -0.000000 0.000000 0.000000 0.000000 0.000000 0.000000
5979.283896 0.020000 -0.020000 -0.040000 -0.000000 0.000000 0.000000 0.000000 0.000000 0.000000 0.000000 0.000000
5979.319194 -0.000000 0.000000 -0.050000 -0.000000 0.000000 0.000000 0.000000 0.000000 0.000000 0.000000 0.000000
5979.350911 -0.010000 -0.000000 -0.010000 -0.000000 -0.000000 0.000000 0.000000 0.000000 0.000000 0.000000 0.000000
5979.385687 0.010000 -0.010000 0.000000 0.000000 0.000000 0.000000 0.000000 0.000000 0.000000 0.000000 0.000000
5979.420821 0.030000 -0.010000 0.020000 -0.000000 0.000000 0.000000 0.000000 0.000000 0.000000 0.000000 0.000000
5979.447036 -0.000000 -0.000000 0.010000 0.000000 0.000000 0.000000 0.000000 0.000000 0.000000 0.000000 0.000000
5979.478777 0.020000 -0.020000 0.090000 -0.000000 0.000000 0.000000 0.000000 0.000000 0.000000 0.000000 0.000000
5979.511596 -0.010000 -0.010000 0.020000 0.000000 -0.000000 0.000000 0.000000 0.000000 0.000000 0.000000 0.000000
5979.539566 -0.020000 -0.050000 -0.010000 0.000000 -0.000000 0.000000 0.000000 0.000000 0.000000 0.000000 0.000000
5979.573982 -0.030000 -0.010000 -0.010000 -0.000000 -0.000000 0.000000 0.000000 0.000000 0.000000 0.000000 0.000000
5979.608792 -0.000000 0.040000 -0.010000 0.000000 0.000000 -0.000000 0.000000 0.000000 0.000000 0.000000 0.000000
5979.643037 -0.000000 0.020000 0.050000 0.000000 -0.000000 -0.000000 0.000000 0.000000 0.000000 0.000000 0.000000
5979.672971 -0.010000 0.020000 0.070000 -0.000000 -0.000000 -0.000000 0.000000 0.000000 0.000000 0.000000 0.000000
5979.701506 -0.000000 0.000000 0.040000 -0.000000 0.000000 0.000000 0.000000 0.000000 0.000000 0.000000 0.000000
5979.729270 0.030000 -0.020000 -0.030000 0.000000 0.000000 -0.000000 0.000000 0.000000 0.000000 0.000000 0.000000
5979.765179 -0.000000 0.030000 -0.090000 0.000000 -0.000000 0.000000 0.000000 0.000000 0.000000 0.000000 0.000000
5979.801574 -0.030000 0.030000 -0.030000 -0.000000 0.000000 -0.000000 0.000000 0.000000 0.000000 0.000000 0.000000
5979.837766 -0.010000 0.030000 0.000000 -0.000000 -0.000000 -0.000000 0.000000 0.000000 0.000000 0.000000 0.000000
5979.870885 0.010000 0.020000 0.010000 0.000000 0.000000 -0.000000 0.000000 0.000000 0.000000 0.000000 0.000000
5979.899155 0.020000 -0.000000 -0.020000 -0.000000 0.000000 -0.000000 0.000000 0.000000 0.000000 0.000000 0.000000
5979.926965 -0.000000 -0.030000 0.060000 -0.000000 -0.000000 0.000000 0.000000 0.000000 0.000000 0.000000 0.000000
5979.961163 0.040000 0.000000 -0.050000 0.000000 0.000000 0.000000 0.000000 0.000000 0.000000 0.000000 0.000000
5979.988889 -0.050000 -0.020000 0.020000 -0.000000 -0.000000 0.000000 0.000000 0.000000 0.000000 0.000000 0.000000
5980.027425 0.040000 -0.030000 0.020000 0.000000 -0.000000 0.000000 0.000000 0.000000 0.000000 0.000000 0.000000
5980.063143 -0.020000 -0.000000 0.040000 -0.000000 0.000000 -0.000000 0.000000 0.000000 0.000000 0.000000 0.000000
5980.091013 0.040000 0.000000 -0.040000 -0.000000 0.000000 0.000000 0.000000 0.000000 0.000000 0.000000 0.000000
5980.120924 -0.030000 -0.010000 -0.020000 -0.000000 0.000000 -0.000000 0.000000 0.000000 0.000000 0.000000 0.000000
5980.157519 -0.010000 0.060000 -0.090000 -0.000000 -0.000000 -0.000000 0.000000 0.000000 0.000000 0.000000 0.000000
5980.193891 -0.010000 0.020000 -0.040000 0.000000 0.000000 -0.000000 0.000000 0.000000 0.000000 0.000000 0.000000
5980.229346 -0.050000 0.030000 0.040000 -0.000000 0.000000 -0.000000 0.000000 0.000000 0.000000 0.000000 0.000000
5980.259378 -0.010000 -0.020000 -0.000000 -0.000000 -0.000000 0.000000 0.000000 0.000000 0.000000 0.000000 0.000000
5980.289302 -0.000000 0.050000 0.050000 0.000000 -0.000000 0.000000 0.000000 0.000000 0.000000 0.000000 0.000000
5980.318445 -0.000000 0.000000 0.040000 0.000000 -0.000000 0.000000 0.000000 0.000000 0.000000 0.000000 0.000000
5980.351371 0.010000 0.010000 -0.010000 0.000000 0.000000 -0.000000 0.000000 0.000000 0.000000 0.000000 0.000000
5980.380108 -0.040000 -0.050000 -0.020000 -0.000000 -0.000000 0.000000 0.000000 0.000000 0.000000 0.000000 0.000000
5980.408000 0.070000 -0.030000 0.100000 -0.000000 0.000000 -0.000000 0.000000 0.000000 0.000000 0.000000 0.000000
5980.442130 0.050000 -0.000000 0.030000 0.000000 0.000000 0.000000 0.000000 0.000000 0.000000 0.000000 0.000000
5980.471482 0.020000 -0.030000 0.010000 -0.000000 0.000000 -0.000000 0.000000 0.000000 0.000000 0.000000 0.000000
5980.501001 -0.010000 0.020000 -0.040000 -0.000000 -0.000000 -0.000000 0.000000 0.000000 0.000000 0.000000 0.000000
5980.529265 0.030000 0.010000 -0.020000 0.000000 -0.000000 0.000000 0.000000 0.000000 0.000000 0.000000 0.000000
5980.564804 0.040000 -0.010000 -0.010000 0.000000 0.000000 -0.000000 0.000000 0.000000 0.000000 0.000000 0.000000
5980.599476 -0.000000 -0.020000 0.010000 0.000000 0.000000 -0.000000 0.000000 0.000000 0.000000 0.000000 0.000000
5980.628034 -0.020000 0.010000 0.000000 -0.000000 0.000000 -0.000000 0.000000 0.000000 0.000000 0.000000 0.000000
5980.659416 -0.020000 0.020000 -0.010000 0.000000 -0.000000 -0.000000 0.000000 0.000000 0.000000 0.000000 0.000000
5980.695333 -0.060000 0.020000 -0.020000 0.000000 0.000000 0.000000 0.000000 0.000000 0.000000 0.000000 0.000000
5980.726158 0.030000 -0.050000 0.020000 -0.000000 0.000000 0.000000 0.000000 0.000000 0.000000 0.000000 0.000000
5980.760471 0.000000 -0.030000 0.020000 -0.000000 -0.000000 0.000000 0.000000 0.000000 0.000000 0.000000 0.000000
5980.788956 -0.070000 0.010000 -0.030000 0.000000 -0.000000 -0.000000 0.000000 0.000000 0.000000 0.000000 0.000000
5980.822647 0.030000 0.040000 0.050000 0.000000 0.000000 -0.000000 0.000000 0.000000 0.000000 0.000000 0.000000
5980.852416 -0.020000 -0.050000 -0.050000 -0.000000 0.000000 -0.000000 0.000000 0.000000 0.000000 0.000000 0.000000
5980.879652 0.010000 0.030000 -0.030000 0.000000 -0.000000 -0.000000 0.000000 0.000000 0.000000 0.000000 0.000000
5980.913186 -0.020000 0.020000 -0.000000 0.000000 0.000000 -0.000000 0.000000 0.000000 0.000000 0.000000 0.000000
5980.945779 -0.020000 -0.070000 -0.020000 0.000000 0.000000 -0.000000 0.000000 0.000000 0.000000 0.000000 0.000000
5980.980818 -0.010000 -0.020000 -0.060000 0.000000 0.000000 0.000000 0.000000 0.000000 0.000000 0.000000 0.000000
5981.012185 0.010000 0.020000 0.060000 0.000000 0.000000 -0.000000 0.000000 0.000000 0.000000 0.000000 0.000000
5981.039176 0.040000 0.040000 0.020000 0.000000 0.000000 0.000000 0.000000 0.000000 0.000000 0.000000 0.000000
5981.075841 0.010000 0.020000 -0.010000 0.000000 0.000000 -0.000000 0.000000 0.000000 0.000000 0.000000 0.000000
5981.111061 -0.040000 -0.020000 0.060000 -0.000000 0.000000 -0.000000 0.000000 0.000000 0.000000 0.000000 0.000000
5981.138659 0.020000 -0.010000 0.010000 -0.000000 0.000000 0.000000 0.000000 0.000000 0.000000 0.000000 0.000000
5981.173501 0.020000 -0.030000 -0.020000 0.000000 -0.000000 -0.000000 0.000000 0.000000 0.000000 0.000000 0.000000
5981.200486 -0.050000 -0.000000 -0.050000 0.000000 -0.000000 0.000000 0.000000 0.000000 0.000000 0.000000 0.000000
5981.236278 0.020000 -0.040000 0.010000 -0.000000 -0.000000 0.000000 0.000000 0.000000 0.000000 0.000000 0.000000
5981.266973 -0.020000 0.010000 -0.020000 0.000000 0.000000 0.000000 0.000000 0.000000 0.000000 0.000000 0.000000
5981.303880 0.020000 0.050000 -0.010000 0.000000 -0.000000 -0.000000 0.000000 0.000000 0.000000 0.000000 0.000000
5981.337667 -0.010000 -0.010000 0.050000 0.000000 -0.000000 0.000000 0.000000 0.000000 0.000000 0.000000 0.000000
5981.373955 0.070000 0.010000 0.020000 -0.000000 0.000000 0.000000 0.000000 0.000000 0.000000 0.000000 0.000000
5981.408700 -0.030000 0.010000 0.000000 -0.000000 -0.000000 -0.000000 0.000000 0.000000 0.000000 0.000000 0.000000
5981.444295 -0.030000 0.050000 0.040000 0.000000 0.000000 -0.000000 0.000000 0.000000 0.000000 0.000000 0.000000
5981.479353 -0.040000 -0.050000 -0.030000 -0.000000 0.000000 -0.000000 0.000000 0.000000 0.000000 0.000000 0.000000
5981.510385 0.010000 0.000000 0.010000 0.000000 -0.000000 -0.000000 0.000000 0.000000 0.000000 0.000000 0.000000
5981.540333 0.030000 -0.010000 0.040000 -0.000000 0.000000 -0.000000 0.000000 0.000000 0.000000 0.000000 0.000000
5981.566793 -0.050000 -0.020000 0.010000 0.000000 0.000000 -0.000000 0.000000 0.000000 0.000000 0.000000 0.000000
5981.599776 -0.010000 0.020000 -0.080000 0.000000 0.000000 0.000000 0.000000 0.000000 0.000000 0.000000 0.000000
5981.627963 0.020000 0.020000 0.020000 0.000000 -0.000000 0.000000 0.000000 0.000000 0.000000 0.000000 0.000000
5981.661834 -0.020000 -0.010000 -0.020000 0.000000 -0.000000 -0.000000 0.000000 0.000000 0.000000 0.000000 0.000000
5981.688453 -0.010000 -0.010000 0.050000 -0.000000 0.000000 -0.000000 0.000000 0.000000 0.000000 0.000000 0.000000
5981.723258 -0.040000 0.020000 -0.080000 -0.000000 0.000000 0.000000 0.000000 0.000000 0.000000 0.000000 0.000000
5981.751954 0.100000 0.030000 -0.040000 0.000000 -0.000000 -0.000000 0.000000 0.000000 0.000000 0.000000 0.000000
5981.780181 -0.020000 -0.020000 -0.030000 0.000000 -0.000000 -0.000000 0.000000 0.000000 0.000000 0.000000 0.000000
5981.808195 -0.040000 0.000000 -0.040000 -0.000000 -0.000000 0.000000 0.000000 0.000000 0.000000 0.000000 0.000000
5981.844940 -0.020000 0.040000 0.000000 -0.000000 0.000000 0.000000 0.000000 0.000000 0.000000 0.000000 0.000000
5981.880243 0.040000 0.010000 -0.070000 -0.000000 0.000000 -0.000000 0.000000 0.000000 0.000000 0.000000 0.000000
5981.908157 0.010000 0.000000 0.080000 0.000000 0.000000 0.000000 0.000000 0.000000 0.000000 0.000000 0.000000
5981.939278 -0.010000 0.040000 -0.040000 0.000000 -0.000000 0.000000 0.000000 0.000000 0.000000 0.000000 0.000000
5981.968591 0.000000 -0.010000 0.090000 -0.000000 0.000000 -0.000000 0.000000 0.000000 0.000000 0.000000 0.000000
5982.002928 0.070000 -0.020000 0.030000 0.000000 0.000000 0.000000 0.000000 0.000000 0.000000 0.000000 0.000000
5982.029165 0.020000 -0.000000 0.000000 0.000000 0.000000 0.000000 0.000000 0.000000 0.000000 0.000000 0.000000
5982.062521 -0.000000 0.010000 -0.000000 0.000000 0.000000 -0.000000 0.000000 0.000000 0.000000 0.000000 0.000000
5982.092049 -0.030000 0.020000 -0.100000 -0.000000 -0.000000 0.000000 0.000000 0.000000 0.000000 0.000000 0.000000
5982.119821 -0.020000 -0.020000 0.040000 0.000000 0.000000 0.000000 0.000000 0.000000 0.000000 0.000000 0.000000
5982.152912 -0.030000 -0.050000 -0.010000 0.000000 -0.000000 -0.000000 0.000000 0.000000 0.000000 0.000000 0.000000
5982.182536 -0.000000 0.030000 0.040000 -0.000000 0.000000 -0.000000 0.000000 0.000000 0.000000 0.000000 0.000000
5982.211284 0.000000 -0.020000 -0.020000 -0.000000 -0.000000 0.000000 0.000000 0.000000 0.000000 0.000000 0.000000
5982.239419 0.030000 -0.050000 -0.000000 -0.000000 -0.000000 0.000000 0.000000 0.000000 0.000000 0.000000 0.000000
5982.267333 0.030000 0.020000 -0.030000 -0.000000 -0.000000 -0.000000 0.000000 0.000000 0.000000 0.000000 0.000000
5982.302623 0.010000 -0.030000 0.110000 0.000000 -0.000000 -0.000000 0.000000 0.000000 0.000000 0.000000 0.000000
5982.329051 0.010000 0.030000 -0.040000 -0.000000 -0.000000 0.000000 0.000000 0.000000 0.000000 0.000000 0.000000
5982.363089 -0.000000 0.030000 0.010000 -0.000000 0.000000 -0.000000 0.000000 0.000000 0.000000 0.000000 0.000000
5982.393003 0.010000 -0.030000 -0.040000 -0.000000 0.000000 -0.000000 0.000000 0.000000 0.000000 0.000000 0.000000
5982.420851 0.010000 0.020000 0.050000 -0.000000 0.000000 0.000000 0.000000 0.000000 0.000000 0.000000 0.000000
