283.867616 0.040000 -0.020000 -8.700000 -0.000000 0.000000 -0.000000 0.000000 0.000000 0.000000 0.000000 0.000000
283.910785 -0.030000 -0.060000 -7.740000 -0.000000 0.000000 -0.000000 0.000000 0.000000 0.000000 0.000000 0.000000
283.946709 0.070000 0.240000 -6.800000 -0.000000 -0.010000 0.020000 3.094678 0.276161 0.000000 13.850000 4.620000
283.983935 0.380000 0.580000 -6.110000 -0.010000 -0.030000 0.080000 5.653191 0.432642 0.000000 24.100000 9.640000
284.020271 -1.610000 2.620000 -4.610000 0.060000 0.040000 -0.040000 6.960094 0.414092 0.000000 27.690000 13.850000
284.048706 -0.430000 -0.140000 -2.600000 0.130000 -0.130000 -0.060000 9.691185 0.288428 0.000000 33.740000 24.100000
284.084201 0.420000 0.860000 -2.660000 0.040000 -0.030000 -0.080000 12.921580 -0.288428 0.000000 33.740000 43.380000
284.117431 -0.230000 -0.210000 -2.230000 0.000000 0.000000 -0.020000 16.584258 0.076595 0.000000 50.770000 48.210000
284.156013 0.280000 0.630000 -0.200000 0.060000 0.010000 -0.080000 14.692601 0.414391 0.000000 50.770000 36.920000
284.193613 0.620000 -0.160000 0.100000 -0.060000 0.020000 -0.120000 21.808517 -0.144214 0.000000 62.670000 67.490000
284.230905 -0.570000 -1.690000 0.590000 -0.020000 0.030000 0.030000 25.038912 -0.432642 0.000000 67.490000 81.950000
284.263018 0.480000 0.270000 0.160000 -0.160000 0.070000 -0.150000 29.386877 -0.276161 0.000000 83.080000 92.310000
284.297346 0.710000 0.160000 -1.100000 0.090000 -0.110000 -0.060000 30.692104 0.288428 0.000000 96.410000 86.770000
284.334974 -0.070000 0.050000 2.630000 -0.070000 -0.060000 -0.000000 36.345295 0.144214 0.000000 110.870000 106.050000
284.370245 0.080000 -0.030000 -1.170000 0.080000 0.080000 -0.190000 33.922499 0.288428 0.000000 106.050000 96.410000
284.410662 0.480000 -0.420000 -1.790000 -0.060000 -0.030000 -0.010000 36.345295 0.138230 0.000000 110.770000 106.150000
284.441496 -0.890000 -1.390000 -1.410000 0.010000 0.010000 0.080000 37.960492 0.144214 0.000000 115.690000 110.870000
284.471834 0.190000 -0.890000 -0.140000 -0.220000 -0.040000 0.060000 40.212386 -0.276460 0.000000 115.380000 124.620000
284.504093 0.310000 -0.230000 -1.850000 -0.060000 -0.030000 -0.020000 38.768091 0.576856 0.000000 125.330000 106.050000
284.539446 -0.190000 -0.320000 2.490000 0.060000 -0.030000 -0.030000 42.806085 0.144214 0.000000 130.150000 125.330000
284.575384 -1.080000 -1.890000 -3.510000 0.180000 0.060000 0.040000 40.383289 0.576856 0.000000 130.150000 110.870000
284.614710 -1.540000 -2.210000 -1.070000 0.200000 0.100000 0.110000 43.307064 -0.276161 0.000000 124.620000 133.850000
284.653608 -1.030000 -0.780000 2.740000 -0.380000 -0.010000 0.000000 47.653353 -0.144513 0.000000 139.790000 144.620000
284.688968 -0.110000 0.510000 -1.930000 0.070000 0.070000 0.010000 48.460952 -0.288727 0.000000 139.790000 149.440000
284.726525 -0.130000 1.650000 2.730000 0.220000 -0.050000 0.050000 48.718981 -0.690253 0.000000 133.850000 156.920000
284.763597 -0.250000 -0.190000 0.710000 0.280000 -0.180000 0.180000 47.946568 -0.552322 0.000000 133.850000 152.310000
284.799579 1.980000 0.660000 3.650000 -0.220000 0.020000 -0.000000 46.036480 0.144214 0.000000 139.790000 134.970000
284.829810 0.070000 -0.300000 -2.370000 0.030000 -0.060000 0.050000 44.421282 -0.144214 0.000000 130.150000 134.970000
284.866976 0.050000 -1.540000 -3.030000 0.170000 0.110000 0.010000 47.944893 -0.276161 0.000000 138.460000 147.690000
284.902583 0.790000 0.160000 0.920000 -0.020000 0.210000 0.030000 50.883748 -0.721370 0.000000 139.790000 163.900000
284.933831 1.580000 1.790000 -3.110000 -0.130000 0.050000 -0.000000 50.076149 -0.577155 0.000000 139.790000 159.080000
284.966642 0.460000 -0.230000 0.730000 0.070000 -0.060000 0.060000 46.844079 0.000000 0.000000 139.790000 139.790000
285.003987 0.520000 0.140000 -0.450000 -0.060000 -0.040000 -0.110000 52.500621 -0.144214 0.000000 154.260000 159.080000
285.040894 -0.630000 -0.040000 0.630000 -0.240000 -0.000000 0.100000 46.038155 0.432941 0.000000 144.620000 130.150000
285.070468 0.190000 0.760000 -2.950000 0.010000 0.000000 0.020000 50.265482 -0.138230 0.000000 147.690000 152.310000
285.100148 0.530000 0.590000 1.750000 0.060000 -0.050000 0.070000 51.691347 -0.865584 0.000000 139.790000 168.720000
285.128887 -1.690000 0.710000 4.250000 0.040000 -0.130000 0.120000 50.885423 0.144214 0.000000 154.260000 149.440000
285.163230 -1.220000 0.010000 -2.440000 0.130000 -0.050000 0.060000 47.946568 -1.104644 0.000000 124.620000 161.540000
285.199085 0.590000 -0.460000 3.250000 -0.070000 0.020000 -0.040000 45.625978 0.137931 0.000000 138.460000 133.850000
285.230236 0.690000 0.150000 -1.640000 -0.170000 -0.010000 -0.010000 47.653353 -0.144513 0.000000 139.790000 144.620000
285.260637 -0.650000 -1.550000 -4.530000 -0.000000 0.220000 0.090000 45.228881 0.288428 0.000000 139.790000 130.150000
285.291582 0.310000 -0.200000 -3.280000 0.110000 0.240000 -0.060000 50.265482 -0.966414 0.000000 133.850000 166.150000
285.320294 -0.520000 -0.120000 2.880000 -0.000000 0.090000 0.190000 50.885423 -0.144214 0.000000 149.440000 154.260000
285.361146 0.060000 1.300000 2.880000 -0.270000 -0.040000 -0.020000 48.460952 -0.577155 0.000000 134.970000 154.260000
285.394653 0.940000 2.020000 0.950000 0.360000 -0.130000 0.010000 46.036480 0.144214 0.000000 139.790000 134.970000
285.433263 -0.890000 -0.820000 2.790000 -0.180000 -0.090000 -0.070000 48.460952 -0.577155 0.000000 134.970000 154.260000
285.471950 0.030000 -0.470000 -3.190000 -0.010000 0.050000 -0.000000 49.270226 0.144214 0.000000 149.440000 144.620000
285.500337 0.650000 0.830000 1.720000 0.280000 -0.010000 0.030000 45.625978 0.137931 0.000000 138.460000 133.850000
285.539294 -0.160000 -1.530000 0.540000 0.240000 -0.060000 0.150000 49.268550 -1.009798 0.000000 130.150000 163.900000
285.569467 -0.010000 1.470000 1.040000 -0.410000 -0.000000 0.000000 53.308220 -0.288428 0.000000 154.260000 163.900000
285.611393 -0.400000 -0.980000 -1.730000 0.010000 -0.020000 0.040000 45.625978 -0.690253 0.000000 124.620000 147.690000
285.641542 1.040000 -0.910000 -2.710000 0.120000 0.160000 0.000000 47.946568 -1.104644 0.000000 124.620000 161.540000
285.671994 0.840000 0.980000 3.360000 -0.090000 0.000000 0.090000 48.460952 0.865584 0.000000 159.080000 130.150000
285.702929 0.210000 0.470000 -2.890000 0.000000 0.030000 0.060000 53.308220 -0.288428 0.000000 154.260000 163.900000
285.733933 -0.520000 0.650000 3.250000 0.070000 0.090000 0.090000 46.400067 -0.276161 0.000000 133.850000 143.080000
285.771396 -0.480000 0.560000 4.890000 -0.070000 -0.070000 0.010000 46.038155 -0.432941 0.000000 130.150000 144.620000
285.801919 -0.050000 0.480000 0.660000 -0.100000 -0.060000 -0.040000 50.077825 0.288428 0.000000 154.260000 144.620000
285.832657 -0.410000 -0.420000 -2.160000 0.060000 -0.030000 -0.110000 44.422958 0.721370 0.000000 144.620000 120.510000
285.862250 -1.010000 -0.640000 -2.590000 0.040000 0.040000 -0.260000 37.893472 1.242874 0.000000 133.850000 92.310000
285.893293 -0.680000 0.540000 4.010000 0.120000 -0.230000 -0.590000 37.960492 1.297927 0.000000 134.970000 91.590000
285.926835 -0.090000 -0.760000 0.410000 -0.020000 -0.160000 -0.730000 33.253968 1.519035 0.000000 124.620000 73.850000
285.966044 1.410000 -1.740000 -1.160000 -0.030000 0.090000 -0.970000 25.037237 2.163510 0.000000 110.870000 38.560000
286.003165 -0.390000 -0.230000 -1.420000 -0.100000 0.020000 -1.080000 22.614441 2.884580 0.000000 115.690000 19.280000
286.036657 0.870000 0.140000 -1.620000 0.020000 0.070000 -1.300000 16.153651 3.173009 0.000000 101.230000 -4.820000
286.074677 0.430000 -0.200000 -1.590000 -0.020000 0.040000 -1.550000 14.692601 2.623679 0.000000 87.690000 0.000000
286.110469 0.280000 -0.030000 0.590000 -0.070000 0.020000 -1.770000 12.115657 2.163510 0.000000 72.310000 0.000000
286.149023 -0.630000 -0.120000 0.500000 0.180000 -0.120000 -1.890000 13.730854 2.451938 0.000000 81.950000 0.000000
286.185659 -1.050000 1.200000 1.620000 0.030000 -0.090000 -2.030000 12.373686 2.209587 0.000000 73.850000 0.000000
286.221910 -0.280000 0.200000 -1.880000 -0.090000 -0.070000 -2.200000 11.376754 2.583885 0.000000 77.130000 -9.230000
286.252905 0.400000 0.440000 -0.530000 0.030000 -0.060000 -2.330000 9.692861 2.884580 0.000000 77.130000 -19.280000
286.287458 -0.370000 0.140000 0.890000 0.020000 -0.030000 -2.400000 10.500459 3.028795 0.000000 81.950000 -19.280000
286.328238 -0.200000 0.790000 -0.470000 -0.030000 -0.060000 -2.570000 6.187681 2.761909 0.000000 64.620000 -27.690000
286.366956 -0.240000 -0.160000 -0.210000 0.020000 -0.040000 -2.620000 6.462466 3.173009 0.000000 72.310000 -33.740000
286.400262 0.220000 0.470000 -0.150000 0.010000 -0.060000 -2.740000 6.960094 3.176300 0.000000 73.850000 -32.310000
286.429105 0.750000 -0.030000 -0.070000 -0.020000 -0.040000 -2.880000 2.424472 2.740366 0.000000 53.030000 -38.560000
286.466719 0.060000 0.120000 0.790000 -0.030000 -0.050000 -2.960000 6.462466 3.173009 0.000000 72.310000 -33.740000
286.506386 0.200000 -0.070000 0.230000 0.070000 -0.060000 -3.010000 4.037994 3.605950 0.000000 72.310000 -48.210000
286.543235 -0.870000 0.180000 0.940000 0.030000 -0.090000 -3.040000 6.960094 3.452162 0.000000 78.460000 -36.920000
286.576389 0.180000 -0.010000 0.790000 -0.030000 -0.030000 -3.070000 3.230395 3.461736 0.000000 67.490000 -48.210000
286.613408 0.090000 0.390000 -0.770000 -0.000000 -0.060000 -3.120000 4.037994 3.605950 0.000000 72.310000 -48.210000
286.652469 0.050000 -0.060000 0.580000 -0.020000 -0.120000 -3.150000 2.320590 3.176001 0.000000 60.000000 -46.150000
286.682039 -0.070000 0.150000 -0.010000 -0.020000 -0.060000 -3.060000 4.641180 3.038070 0.000000 64.620000 -36.920000
286.712960 0.250000 -0.110000 -1.230000 0.020000 -0.070000 -3.170000 4.039669 3.317223 0.000000 67.490000 -43.380000
286.743048 -0.320000 -0.050000 0.370000 -0.030000 -0.060000 -3.130000 2.422796 3.605950 0.000000 67.490000 -53.030000
286.774994 0.310000 0.040000 -1.330000 -0.030000 -0.040000 -3.230000 2.320590 3.452461 0.000000 64.620000 -50.770000
286.811466 0.450000 0.200000 0.230000 -0.000000 -0.030000 -3.200000 4.037994 3.605950 0.000000 72.310000 -48.210000
286.841959 0.410000 -0.200000 -1.800000 -0.020000 -0.060000 -3.330000 10.500459 3.894079 0.000000 96.410000 -33.740000
286.870837 -0.100000 -0.190000 -0.940000 0.010000 -0.020000 -3.200000 5.653191 3.894378 0.000000 81.950000 -48.210000
286.900862 -0.000000 -0.150000 0.520000 -0.010000 -0.050000 -3.280000 5.653191 4.182806 0.000000 86.770000 -53.030000
286.932289 -0.310000 -0.120000 0.000000 -0.010000 -0.080000 -3.300000 5.654867 3.605651 0.000000 77.130000 -43.380000
286.962236 -0.410000 0.470000 0.000000 -0.030000 -0.060000 -3.280000 2.320590 3.452461 0.000000 64.620000 -50.770000
286.990887 -0.430000 -0.070000 0.330000 -0.020000 -0.050000 -3.210000 1.615198 3.461736 0.000000 62.670000 -53.030000
287.022033 -0.150000 0.050000 -0.650000 -0.020000 -0.100000 -3.310000 3.230395 4.038592 0.000000 77.130000 -57.850000
287.051597 -0.440000 -0.280000 0.750000 -0.040000 -0.030000 -3.200000 2.320590 3.728322 0.000000 69.230000 -55.380000
287.081891 0.180000 -0.030000 -0.430000 0.010000 -0.030000 -3.280000 3.867091 3.728622 0.000000 73.850000 -50.770000
287.116426 0.120000 0.050000 0.620000 -0.010000 -0.070000 -3.180000 3.230395 3.750164 0.000000 72.310000 -53.030000
287.152602 0.040000 0.200000 -1.090000 -0.030000 -0.070000 -3.290000 1.615198 3.461736 0.000000 62.670000 -53.030000
287.182822 0.090000 -0.420000 0.710000 0.010000 -0.080000 -3.190000 3.093003 3.038070 0.000000 60.000000 -41.540000
287.212699 0.320000 0.030000 -1.170000 -0.050000 0.010000 -3.250000 1.615198 3.750164 0.000000 67.490000 -57.850000
287.242708 0.720000 0.490000 -0.600000 -0.000000 0.020000 -3.190000 4.845593 4.327020 0.000000 86.770000 -57.850000
287.272815 -0.340000 0.090000 1.350000 -0.010000 -0.090000 -3.340000 1.615198 3.461736 0.000000 62.670000 -53.030000
287.301495 0.070000 0.070000 -0.330000 0.010000 -0.040000 -3.270000 7.268389 4.471234 0.000000 96.410000 -53.030000
287.339973 0.040000 0.260000 0.760000 -0.010000 -0.080000 -3.320000 -1.615198 4.038592 0.000000 62.670000 -72.310000
287.381847 0.260000 -0.330000 0.170000 -0.020000 -0.070000 -3.290000 4.639504 3.314231 0.000000 69.230000 -41.540000
287.411264 -0.440000 -0.230000 0.450000 -0.010000 -0.050000 -3.310000 0.807599 3.605950 0.000000 62.670000 -57.850000
287.441249 0.160000 -0.290000 0.720000 0.000000 -0.070000 -3.250000 4.037994 4.182806 0.000000 81.950000 -57.850000
287.477694 0.480000 0.250000 -0.700000 -0.060000 -0.000000 -3.290000 3.867091 4.004483 0.000000 78.460000 -55.380000
287.516529 0.470000 -0.270000 -0.690000 -0.030000 -0.040000 -3.240000 3.867091 3.728622 0.000000 73.850000 -50.770000
287.555944 -0.490000 -0.030000 -0.760000 -0.020000 -0.000000 -3.280000 7.270064 3.605651 0.000000 81.950000 -38.560000
287.594292 -0.140000 0.160000 -0.010000 0.030000 -0.000000 -3.200000 5.654867 3.605651 0.000000 77.130000 -43.380000
287.632006 -0.050000 0.140000 0.010000 0.010000 -0.050000 -3.340000 5.413592 3.452461 0.000000 73.850000 -41.540000
287.662263 -0.330000 -0.480000 1.160000 0.010000 -0.040000 -3.250000 3.230395 4.038592 0.000000 77.130000 -57.850000
287.696947 0.440000 0.230000 0.500000 -0.040000 -0.050000 -3.320000 5.653191 4.182806 0.000000 86.770000 -53.030000
287.731939 0.310000 0.070000 0.500000 0.010000 -0.050000 -3.250000 2.422796 3.894378 0.000000 72.310000 -57.850000
287.763721 -0.380000 -0.040000 0.740000 -0.070000 -0.030000 -3.400000 2.836649 3.820476 0.000000 72.310000 -55.380000
287.802310 -0.480000 -0.050000 0.020000 -0.030000 -0.060000 -3.240000 2.422796 3.605950 0.000000 67.490000 -53.030000
287.830689 0.150000 -0.190000 0.180000 -0.050000 -0.040000 -3.390000 4.639504 3.866553 0.000000 78.460000 -50.770000
287.859710 0.190000 -0.410000 -0.740000 0.020000 0.010000 -3.380000 1.615198 3.461736 0.000000 62.670000 -53.030000
287.898250 -0.120000 -0.040000 -0.070000 -0.000000 -0.060000 -3.440000 5.653191 4.182806 0.000000 86.770000 -53.030000
287.936848 -0.500000 -0.210000 0.240000 -0.030000 -0.050000 -3.320000 2.320590 4.004783 0.000000 73.850000 -60.000000
287.972721 0.230000 0.270000 -0.210000 -0.000000 -0.070000 -3.500000 3.093003 3.038070 0.000000 60.000000 -41.540000
288.003932 -0.870000 -0.270000 -0.270000 -0.030000 -0.060000 -3.370000 2.422796 3.894378 0.000000 72.310000 -57.850000
288.039409 -0.060000 0.080000 -0.050000 -0.010000 -0.080000 -3.510000 3.230395 4.327020 0.000000 81.950000 -62.670000
288.068556 0.570000 0.010000 0.640000 0.020000 -0.050000 -3.320000 2.320590 3.728322 0.000000 69.230000 -55.380000
288.102097 0.270000 0.250000 -0.770000 -0.010000 -0.090000 -3.420000 2.422796 3.605950 0.000000 67.490000 -53.030000
288.133916 -0.420000 -0.570000 0.310000 -0.010000 -0.110000 -3.350000 2.422796 4.182806 0.000000 77.130000 -62.670000
288.170388 -0.760000 0.000000 -0.670000 -0.040000 -0.050000 -3.440000 7.270064 3.894079 0.000000 86.770000 -43.380000
288.200723 0.060000 -0.130000 -0.000000 -0.010000 -0.060000 -3.370000 2.318914 4.280944 0.000000 78.460000 -64.620000
288.231319 0.810000 0.290000 -0.480000 0.030000 -0.100000 -3.500000 3.230395 4.327020 0.000000 81.950000 -62.670000
288.262117 -0.270000 0.020000 -0.010000 -0.020000 -0.090000 -3.350000 2.320590 3.728322 0.000000 69.230000 -55.380000
288.292130 0.170000 0.340000 -0.240000 -0.040000 -0.070000 -3.450000 0.000000 3.750164 0.000000 62.670000 -62.670000
288.321988 -0.030000 -0.040000 0.070000 0.010000 0.010000 -3.410000 3.230395 3.750164 0.000000 72.310000 -53.030000
288.352017 0.180000 -0.290000 0.040000 -0.020000 -0.040000 -3.460000 2.422796 3.605950 0.000000 67.490000 -53.030000
288.381004 0.170000 0.070000 0.370000 -0.010000 -0.060000 -3.370000 6.186005 3.038070 0.000000 69.230000 -32.310000
288.418030 0.140000 -0.130000 0.720000 -0.040000 -0.080000 -3.390000 5.654867 3.028795 0.000000 67.490000 -33.740000
288.453050 0.020000 -0.010000 -0.110000 -0.060000 -0.020000 -3.350000 1.615198 4.327020 0.000000 77.130000 -67.490000
288.490239 -0.070000 -0.180000 -1.500000 -0.020000 -0.030000 -3.420000 7.734182 3.590392 0.000000 83.080000 -36.920000
288.520889 -0.910000 -0.360000 1.200000 0.020000 -0.030000 -3.260000 4.037994 3.894378 0.000000 77.130000 -53.030000
288.551016 0.300000 -0.070000 -0.140000 0.030000 -0.090000 -3.410000 3.230395 4.038592 0.000000 77.130000 -57.850000
288.581563 -0.160000 0.050000 1.340000 -0.020000 -0.030000 -3.300000 1.615198 3.750164 0.000000 67.490000 -57.850000
288.612333 -0.180000 -0.130000 -0.200000 -0.020000 -0.070000 -3.390000 6.960094 3.728622 0.000000 83.080000 -41.540000
288.642844 -0.370000 0.020000 -0.260000 -0.010000 -0.030000 -3.300000 5.654867 3.605651 0.000000 77.130000 -43.380000
288.672000 0.710000 0.080000 0.370000 -0.030000 0.010000 -3.370000 2.320590 3.452461 0.000000 64.620000 -50.770000
288.702805 0.070000 0.440000 0.380000 -0.020000 -0.050000 -3.240000 1.615198 4.615448 0.000000 81.950000 -72.310000
288.735523 0.060000 -0.130000 -0.870000 -0.020000 -0.120000 -3.350000 3.230395 3.461736 0.000000 67.490000 -48.210000
288.772392 -0.100000 0.030000 1.270000 -0.010000 -0.020000 -3.250000 -1.615198 4.327020 0.000000 67.490000 -77.130000
288.800606 0.110000 0.000000 -0.640000 0.010000 -0.050000 -3.310000 2.320590 3.452461 0.000000 64.620000 -50.770000
288.830358 0.140000 0.150000 -0.200000 0.040000 -0.040000 -3.270000 2.422796 3.894378 0.000000 72.310000 -57.850000
288.858812 -0.240000 -0.450000 1.210000 0.020000 0.000000 -3.280000 1.615198 3.461736 0.000000 62.670000 -53.030000
288.897146 0.380000 0.180000 -0.560000 -0.010000 -0.010000 -3.250000 3.093003 3.590392 0.000000 69.230000 -50.770000
288.930393 0.470000 -0.320000 0.880000 -0.020000 -0.030000 -3.250000 0.772413 3.176001 0.000000 55.380000 -50.770000
288.962118 -0.280000 0.380000 -0.540000 -0.000000 -0.010000 -3.150000 4.845593 4.038592 0.000000 81.950000 -53.030000
288.990280 0.280000 -0.280000 0.230000 -0.010000 0.000000 -3.220000 6.460790 4.038592 0.000000 86.770000 -48.210000
289.020535 -0.260000 0.410000 -0.320000 -0.000000 -0.010000 -3.150000 2.320590 3.176001 0.000000 60.000000 -46.150000
289.050537 -0.080000 -0.480000 0.070000 0.020000 0.000000 -3.230000 5.653191 3.894378 0.000000 81.950000 -48.210000
289.080913 -0.670000 0.310000 -1.050000 -0.030000 -0.030000 -3.210000 5.877710 3.645444 0.000000 78.460000 -43.380000
289.110802 0.340000 -0.220000 0.010000 0.010000 -0.010000 -3.260000 8.077663 4.038293 0.000000 91.590000 -43.380000
289.141162 -0.340000 0.470000 -0.880000 -0.020000 -0.020000 -3.220000 5.654867 3.317223 0.000000 72.310000 -38.560000
289.169491 0.390000 -0.070000 0.770000 -0.010000 -0.060000 -0.060000 4.847268 2.884580 0.000000 62.670000 -33.740000
289.207394 0.560000 0.470000 -0.620000 0.080000 -0.160000 -3.220000 5.413592 3.452461 0.000000 73.850000 -41.540000
289.245174 0.850000 -0.100000 0.470000 0.020000 -0.090000 -3.310000 1.616873 2.596152 0.000000 48.210000 -38.560000
289.278613 -0.520000 0.000000 0.520000 -0.000000 -0.090000 -3.310000 5.653191 4.182806 0.000000 86.770000 -53.030000
289.315724 -0.130000 -0.160000 -0.170000 -0.020000 -0.010000 -3.290000 3.094678 3.866553 0.000000 73.850000 -55.380000
289.350491 -0.350000 0.260000 -0.520000 -0.010000 -0.060000 -3.320000 5.413592 3.728322 0.000000 78.460000 -46.150000
289.389968 0.190000 -0.160000 -0.010000 -0.020000 -0.030000 -3.390000 4.845593 4.038592 0.000000 81.950000 -53.030000
289.426354 -0.250000 0.100000 -0.050000 -0.030000 -0.080000 -3.270000 4.037994 3.605950 0.000000 72.310000 -48.210000
289.465254 0.080000 -0.410000 0.780000 0.080000 -0.130000 -3.280000 1.546501 3.866553 0.000000 69.230000 -60.000000
289.500975 -0.300000 0.300000 -0.350000 0.040000 -0.100000 -3.260000 0.807599 4.182806 0.000000 72.310000 -67.490000
289.530921 -1.040000 -0.690000 1.010000 -0.010000 -0.100000 -3.330000 4.845593 4.038592 0.000000 81.950000 -53.030000
289.562368 -0.290000 0.350000 -0.150000 -0.040000 -0.040000 -3.350000 0.807599 3.317522 0.000000 57.850000 -53.030000
289.591328 0.870000 -0.030000 0.410000 0.030000 -0.080000 -3.440000 4.845593 3.750164 0.000000 77.130000 -48.210000
289.629879 -0.490000 0.400000 0.110000 -0.040000 -0.090000 -3.350000 0.809274 2.740366 0.000000 48.210000 -43.380000
289.667022 -0.330000 -0.370000 -0.300000 -0.060000 -0.030000 -3.400000 1.546501 3.314231 0.000000 60.000000 -50.770000
289.700669 -0.120000 0.510000 -1.040000 -0.030000 -0.010000 -3.360000 2.422796 3.317522 0.000000 62.670000 -48.210000
289.740520 0.300000 -0.380000 0.230000 -0.040000 -0.000000 -3.410000 3.230395 3.750164 0.000000 72.310000 -53.030000
289.771715 0.260000 0.540000 -0.870000 -0.010000 -0.050000 -3.350000 2.320590 3.728322 0.000000 69.230000 -55.380000
289.803285 -0.490000 -0.400000 0.510000 0.020000 -0.130000 -3.400000 5.413592 4.004783 0.000000 83.080000 -50.770000
289.834397 -0.500000 0.380000 0.290000 -0.070000 -0.060000 -3.380000 1.615198 4.038592 0.000000 72.310000 -62.670000
289.872303 0.110000 -0.170000 -0.400000 -0.010000 -0.020000 -3.510000 1.615198 3.461736 0.000000 62.670000 -53.030000
289.902518 -0.260000 0.320000 -0.100000 -0.030000 -0.030000 -3.420000 2.320590 3.452461 0.000000 64.620000 -50.770000
289.933257 0.830000 -0.440000 0.290000 -0.020000 -0.030000 -3.450000 2.422796 4.182806 0.000000 77.130000 -62.670000
289.968677 0.100000 0.410000 -0.010000 -0.040000 -0.050000 -3.370000 2.422796 4.471234 0.000000 81.950000 -67.490000
290.002696 0.500000 -0.350000 0.890000 -0.020000 -0.000000 -3.450000 4.037994 3.894378 0.000000 77.130000 -53.030000
290.033554 -0.270000 0.320000 -1.130000 -0.020000 0.000000 -3.470000 2.062560 3.958706 0.000000 72.310000 -60.000000
290.069333 0.090000 -0.470000 0.070000 -0.010000 -0.020000 -3.460000 3.230395 3.750164 0.000000 72.310000 -53.030000
290.099215 0.310000 0.410000 0.160000 -0.010000 -0.040000 -3.410000 3.865416 4.557105 0.000000 87.690000 -64.620000
290.134814 0.770000 -0.320000 0.550000 -0.020000 -0.040000 -3.420000 3.230395 3.750164 0.000000 72.310000 -53.030000
290.169580 -0.780000 -0.000000 -0.500000 -0.030000 -0.010000 -3.430000 2.422796 3.894378 0.000000 72.310000 -57.850000
290.206960 -0.100000 -0.170000 0.630000 -0.030000 0.070000 -3.420000 0.000000 4.419174 0.000000 73.850000 -73.850000
290.243393 -0.120000 0.020000 -0.550000 0.080000 -0.150000 -3.410000 8.506595 4.004783 0.000000 92.310000 -41.540000
290.278218 0.850000 -0.240000 0.240000 0.000000 -0.030000 -3.380000 4.037994 4.182806 0.000000 81.950000 -57.850000
290.311648 -0.550000 0.180000 0.590000 -0.010000 -0.060000 -3.410000 4.037994 3.605950 0.000000 72.310000 -48.210000
290.348256 -0.040000 -0.140000 -0.780000 -0.000000 -0.040000 -3.280000 6.960094 3.452162 0.000000 78.460000 -36.920000
290.384249 -0.150000 0.280000 0.360000 0.010000 -0.040000 -3.280000 0.807599 3.605950 0.000000 62.670000 -57.850000
290.418430 -0.110000 -0.420000 -1.230000 -0.040000 -0.020000 -3.280000 4.037994 3.894378 0.000000 77.130000 -53.030000
290.454597 -0.220000 0.490000 0.520000 -0.010000 -0.030000 -3.300000 4.037994 3.894378 0.000000 77.130000 -53.030000
290.491281 0.450000 -0.470000 1.170000 -0.060000 -0.050000 -3.320000 1.546501 3.314231 0.000000 60.000000 -50.770000
290.529652 0.210000 -0.210000 -0.290000 -0.050000 0.000000 -3.420000 5.654867 3.028795 0.000000 67.490000 -33.740000
290.558972 0.120000 -0.010000 -0.550000 0.010000 -0.020000 -3.220000 3.093003 3.590392 0.000000 69.230000 -50.770000
290.597485 -0.060000 0.240000 0.450000 -0.020000 -0.040000 -3.330000 3.230395 3.461736 0.000000 67.490000 -48.210000
290.633200 0.180000 -0.270000 -0.660000 -0.000000 -0.080000 -3.320000 2.422796 3.605950 0.000000 67.490000 -53.030000
290.669948 -0.820000 0.050000 0.450000 -0.040000 -0.070000 -3.320000 -0.413852 3.387834 0.000000 55.380000 -57.850000
290.709082 -0.170000 -0.300000 -1.060000 -0.030000 -0.020000 -3.240000 3.867091 3.452162 0.000000 69.230000 -46.150000
290.746519 0.770000 0.820000 0.460000 -0.000000 -0.040000 -3.400000 4.037994 3.605950 0.000000 72.310000 -48.210000
290.781974 -0.420000 -0.380000 -0.650000 -0.010000 -0.060000 -3.280000 3.230395 3.461736 0.000000 67.490000 -48.210000
290.817235 0.080000 0.370000 0.850000 -0.030000 -0.020000 -3.390000 8.506595 4.280644 0.000000 96.920000 -46.150000
290.856125 0.110000 -0.130000 0.140000 -0.070000 -0.010000 -3.280000 0.000000 4.038592 0.000000 67.490000 -67.490000
290.894166 0.920000 0.090000 0.120000 -0.070000 0.060000 -3.350000 4.845593 4.038592 0.000000 81.950000 -53.030000
290.931545 0.490000 -0.340000 -1.860000 -0.040000 0.000000 -3.320000 0.809274 2.740366 0.000000 48.210000 -43.380000
290.961166 0.550000 0.390000 0.950000 0.000000 -0.030000 -3.330000 3.093003 3.590392 0.000000 69.230000 -50.770000
290.991400 -0.540000 -0.400000 0.470000 -0.010000 -0.070000 -3.310000 4.845593 3.750164 0.000000 77.130000 -48.210000
291.022048 -0.120000 0.180000 0.060000 -0.020000 0.010000 -3.430000 4.639504 3.314231 0.000000 69.230000 -41.540000
291.053207 -0.800000 -0.160000 -0.710000 0.020000 -0.060000 -3.240000 2.422796 3.894378 0.000000 72.310000 -57.850000
291.082723 -0.200000 0.070000 0.130000 -0.050000 -0.020000 -3.350000 4.847268 3.461437 0.000000 72.310000 -43.380000
291.112572 0.240000 0.080000 -0.680000 0.020000 -0.080000 -3.310000 3.230395 3.750164 0.000000 72.310000 -53.030000
291.141312 0.180000 0.330000 0.430000 -0.010000 -0.050000 -3.360000 3.093003 3.590392 0.000000 69.230000 -50.770000
291.179196 -0.090000 -0.240000 0.270000 0.000000 -0.040000 -3.210000 2.422796 3.894378 0.000000 72.310000 -57.850000
291.215356 1.200000 -0.030000 1.280000 -0.070000 -0.010000 -3.280000 2.422796 3.317522 0.000000 62.670000 -48.210000
291.249477 -0.600000 0.540000 -1.430000 -0.060000 0.090000 -3.220000 3.867091 3.728622 0.000000 73.850000 -50.770000
291.284347 -0.040000 -0.580000 0.890000 0.050000 -0.110000 -3.370000 3.867091 3.728622 0.000000 73.850000 -50.770000
291.320532 -0.180000 0.340000 -0.090000 -0.000000 -0.080000 -3.240000 5.653191 3.894378 0.000000 81.950000 -48.210000
291.350874 0.550000 0.670000 0.660000 0.000000 -0.060000 -3.370000 3.232071 2.596152 0.000000 53.030000 -33.740000
291.379212 -0.030000 -0.290000 0.270000 0.000000 -0.080000 -3.300000 0.000000 3.313931 0.000000 55.380000 -55.380000
291.416634 -0.150000 0.170000 0.430000 -0.060000 -0.030000 -3.290000 0.807599 3.894378 0.000000 67.490000 -62.670000
291.454523 -0.120000 -0.260000 -1.240000 -0.060000 -0.010000 -3.280000 1.201345 3.099406 0.000000 55.380000 -48.210000
291.488979 0.810000 -0.230000 0.770000 -0.050000 0.070000 -3.400000 3.230395 4.038592 0.000000 77.130000 -57.850000
291.527368 0.180000 -0.110000 -0.280000 -0.070000 0.050000 -3.370000 2.422796 4.182806 0.000000 77.130000 -62.670000
291.561048 0.670000 -0.090000 0.650000 -0.040000 0.020000 -3.360000 4.037994 3.605950 0.000000 72.310000 -48.210000
291.597571 -0.180000 0.070000 -1.150000 -0.060000 -0.000000 -3.290000 4.639504 3.866553 0.000000 78.460000 -50.770000
291.634156 -0.630000 0.090000 -0.630000 0.000000 0.000000 -3.370000 2.422796 3.894378 0.000000 72.310000 -57.850000
291.669246 -0.470000 -0.130000 -0.010000 -0.010000 -0.030000 -3.310000 4.037994 3.894378 0.000000 77.130000 -53.030000
291.706322 0.040000 0.540000 -0.360000 -0.010000 -0.030000 -3.380000 3.093003 3.038070 0.000000 60.000000 -41.540000
291.740220 -0.410000 -0.120000 0.560000 -0.000000 -0.010000 -3.280000 3.867091 3.728622 0.000000 73.850000 -50.770000
291.779359 -0.230000 0.410000 -0.150000 -0.020000 0.020000 -3.380000 -0.807599 3.317522 0.000000 53.030000 -57.850000
291.816806 -0.570000 -0.550000 -0.250000 -0.030000 -0.040000 -3.190000 0.807599 3.605950 0.000000 62.670000 -57.850000
291.852029 0.290000 0.160000 0.780000 -0.080000 0.050000 -3.330000 3.867091 3.728622 0.000000 73.850000 -50.770000
291.883526 0.400000 -0.060000 -1.870000 -0.000000 -0.020000 -3.270000 0.809274 2.740366 0.000000 48.210000 -43.380000
291.916539 0.100000 -0.500000 0.960000 -0.020000 -0.020000 -3.300000 5.653191 3.894378 0.000000 81.950000 -48.210000
291.956699 -0.050000 -0.030000 -0.430000 0.030000 -0.010000 -3.230000 7.270064 3.317223 0.000000 77.130000 -33.740000
291.989635 0.200000 0.550000 -0.220000 0.010000 -0.050000 -3.360000 4.037994 3.605950 0.000000 72.310000 -48.210000
292.029126 -0.550000 -0.800000 0.660000 -0.030000 -0.060000 -3.220000 5.654867 3.605651 0.000000 77.130000 -43.380000
292.059426 -0.220000 0.210000 -0.200000 -0.010000 -0.030000 -3.370000 2.318914 2.899840 0.000000 55.380000 -41.540000
292.089670 -0.080000 0.350000 0.120000 0.010000 -0.030000 -3.330000 1.615198 3.461736 0.000000 62.670000 -53.030000
292.128528 -0.270000 0.040000 -0.110000 0.010000 -0.060000 -3.480000 1.615198 4.615448 0.000000 81.950000 -72.310000
292.164934 -0.570000 -0.310000 -0.060000 0.020000 -0.050000 -3.430000 3.094678 3.314231 0.000000 64.620000 -46.150000
292.200914 0.190000 0.810000 0.010000 -0.010000 -0.040000 -3.440000 3.094678 3.866553 0.000000 73.850000 -55.380000
292.234706 -0.620000 -0.340000 0.870000 0.000000 -0.060000 -3.360000 1.615198 3.461736 0.000000 62.670000 -53.030000
292.272286 0.020000 0.350000 -0.280000 -0.070000 -0.040000 -3.500000 3.230395 4.038592 0.000000 77.130000 -57.850000
292.303101 0.130000 -0.540000 -0.990000 -0.080000 0.070000 -3.290000 2.320590 3.452461 0.000000 64.620000 -50.770000
292.332290 5.660000 6.210000 -8.460000 2.880000 0.020000 1.520000 2.422796 4.182806 0.000000 77.130000 -62.670000
292.369642 -0.370000 -0.480000 1.280000 0.020000 -0.050000 -3.310000 4.845593 4.038592 0.000000 81.950000 -53.030000
292.398599 -1.010000 -0.530000 1.200000 -0.030000 -0.070000 -3.420000 7.270064 3.894079 0.000000 86.770000 -43.380000
292.433213 -0.470000 -1.030000 1.300000 0.010000 -0.090000 -3.380000 0.807599 3.894378 0.000000 67.490000 -62.670000
292.465539 -0.010000 -0.160000 0.910000 -0.020000 -0.070000 -3.440000 3.230395 3.750164 0.000000 72.310000 -53.030000
292.502431 -0.360000 -1.010000 1.710000 0.040000 -0.090000 -3.360000 3.093003 3.590392 0.000000 69.230000 -50.770000
292.533882 -0.330000 -0.870000 1.630000 -0.080000 -0.050000 -3.490000 2.424472 3.028795 0.000000 57.850000 -43.380000
292.569225 -0.000000 -0.620000 0.050000 -0.090000 -0.000000 -3.430000 9.692861 4.326721 0.000000 101.230000 -43.380000
292.600558 -0.380000 -0.250000 0.080000 -0.050000 -0.010000 -3.460000 0.772413 4.004783 0.000000 69.230000 -64.620000
292.630603 -0.430000 -0.720000 0.520000 0.010000 -0.050000 -3.380000 3.093003 4.695035 0.000000 87.690000 -69.230000
292.660850 0.100000 -0.020000 -0.090000 -0.030000 -0.040000 -3.510000 1.615198 3.461736 0.000000 62.670000 -53.030000
292.689097 -0.110000 -0.370000 1.010000 0.020000 -0.070000 -3.370000 3.230395 3.750164 0.000000 72.310000 -53.030000
292.727904 -0.020000 0.200000 -0.030000 -0.080000 -0.130000 -0.130000 1.546501 3.866553 0.000000 69.230000 -60.000000
292.763324 -0.040000 -0.370000 0.100000 -0.020000 -0.030000 -3.370000 1.615198 4.327020 0.000000 77.130000 -67.490000
292.801831 0.290000 0.110000 -0.770000 -0.040000 -0.010000 -3.510000 3.230395 4.038592 0.000000 77.130000 -57.850000
292.831144 -0.030000 -0.440000 0.560000 0.020000 -0.080000 -3.300000 1.615198 3.173308 0.000000 57.850000 -48.210000
292.864703 -0.380000 0.080000 -0.330000 -0.060000 -0.010000 -3.410000 4.518867 4.673792 0.000000 91.590000 -64.620000
292.901221 0.000000 0.170000 -1.230000 0.020000 0.000000 -3.350000 6.460790 4.327020 0.000000 91.590000 -53.030000
292.929981 -0.510000 -0.210000 -0.960000 -0.000000 -0.070000 -3.360000 3.867091 3.728622 0.000000 73.850000 -50.770000
292.967971 -0.030000 -0.360000 0.940000 0.010000 -0.020000 -3.280000 4.037994 3.894378 0.000000 77.130000 -53.030000
293.003291 0.430000 0.370000 0.420000 0.000000 -0.040000 -3.310000 6.462466 3.749865 0.000000 81.950000 -43.380000
293.042524 -0.690000 -0.030000 0.200000 -0.040000 -0.050000 -3.270000 3.094678 3.866553 0.000000 73.850000 -55.380000
293.073577 -0.150000 -0.060000 0.450000 -0.010000 -0.050000 -3.350000 5.413592 3.728322 0.000000 78.460000 -46.150000
293.111086 0.040000 0.300000 0.130000 -0.000000 -0.020000 -3.240000 2.422796 3.605950 0.000000 67.490000 -53.030000
293.141015 0.030000 0.260000 -0.470000 -0.010000 -0.080000 -3.300000 4.845593 4.038592 0.000000 81.950000 -53.030000
293.170957 0.170000 -0.060000 1.190000 0.030000 -0.080000 -3.220000 3.094678 3.314231 0.000000 64.620000 -46.150000
293.201386 0.480000 0.230000 -0.870000 0.000000 -0.070000 -3.170000 4.037994 4.471234 0.000000 86.770000 -62.670000
293.231574 -0.290000 -0.250000 0.590000 0.000000 -0.040000 -3.060000 4.037994 3.605950 0.000000 72.310000 -48.210000
293.261855 -0.160000 -0.080000 -1.250000 0.010000 -0.080000 -3.150000 6.462466 3.173009 0.000000 72.310000 -33.740000
293.291730 0.090000 0.010000 0.410000 -0.030000 -0.070000 -2.980000 6.187681 3.314231 0.000000 73.850000 -36.920000
293.321322 -0.180000 -0.130000 2.200000 0.020000 -0.120000 -3.130000 4.845593 3.750164 0.000000 77.130000 -48.210000
293.351289 -0.400000 -0.290000 -1.130000 -0.020000 -0.100000 -3.180000 0.774088 3.728622 0.000000 64.620000 -60.000000
293.381012 -0.160000 0.010000 0.580000 -0.020000 -0.080000 -3.210000 0.000000 2.884880 0.000000 48.210000 -48.210000
293.411342 -0.140000 -0.270000 -0.290000 -0.000000 -0.040000 -3.130000 2.422796 3.605950 0.000000 67.490000 -53.030000
293.441051 0.370000 -0.040000 -0.590000 -0.010000 -0.020000 -3.300000 6.462466 3.461437 0.000000 77.130000 -38.560000
293.470461 0.100000 -0.090000 0.630000 0.000000 -0.070000 -3.200000 0.774088 3.728622 0.000000 64.620000 -60.000000
293.500093 1.000000 0.240000 0.330000 -0.050000 -0.010000 -3.300000 4.845593 3.750164 0.000000 77.130000 -48.210000
293.528397 0.550000 0.220000 -1.280000 0.000000 -0.050000 -3.260000 2.422796 3.317522 0.000000 62.670000 -48.210000
293.564467 0.010000 -0.360000 1.000000 -0.060000 -0.080000 -3.270000 3.867091 3.452162 0.000000 69.230000 -46.150000
293.597875 -0.730000 -0.000000 -0.820000 -0.010000 -0.080000 -3.220000 6.839457 4.259401 0.000000 91.590000 -50.770000
293.635912 -0.130000 0.450000 0.040000 0.020000 0.000000 -3.330000 3.230395 3.461736 0.000000 67.490000 -48.210000
293.670128 -0.120000 0.020000 -0.210000 -0.000000 -0.080000 -3.220000 4.845593 3.750164 0.000000 77.130000 -48.210000
293.698194 0.380000 0.170000 0.920000 -0.030000 -0.050000 -3.350000 0.000000 3.866852 0.000000 64.620000 -64.620000
293.731520 -0.580000 -0.010000 -0.050000 -0.020000 -0.070000 -3.260000 3.230395 3.750164 0.000000 72.310000 -53.030000
293.767843 -0.270000 0.360000 0.400000 -0.050000 -0.030000 -3.400000 3.093003 3.590392 0.000000 69.230000 -50.770000
293.807826 -0.640000 -0.120000 -1.130000 -0.030000 -0.050000 -3.370000 0.000000 3.461736 0.000000 57.850000 -57.850000
293.840206 0.570000 0.300000 0.440000 -0.040000 0.010000 -3.430000 0.807599 3.605950 0.000000 62.670000 -57.850000
293.870927 0.570000 -0.090000 -0.890000 -0.040000 -0.000000 -3.340000 3.230395 4.038592 0.000000 77.130000 -57.850000
293.899482 0.430000 -0.000000 0.670000 -0.030000 -0.040000 -3.440000 3.094678 3.866553 0.000000 73.850000 -55.380000
293.938299 -1.160000 -0.240000 -0.540000 -0.050000 0.030000 -3.340000 3.230395 3.461736 0.000000 67.490000 -48.210000
293.975951 0.170000 0.270000 -0.080000 -0.020000 0.010000 -3.430000 4.037994 3.894378 0.000000 77.130000 -53.030000
294.013705 0.180000 -0.150000 0.090000 -0.000000 -0.060000 -3.330000 3.093003 2.761610 0.000000 55.380000 -36.920000
294.049081 0.260000 0.320000 0.340000 -0.010000 -0.060000 -3.430000 0.774088 3.728622 0.000000 64.620000 -60.000000
294.081962 -0.570000 -0.110000 0.320000 0.000000 -0.050000 -3.370000 1.615198 4.038592 0.000000 72.310000 -62.670000
294.112721 -0.250000 0.450000 -0.060000 -0.040000 -0.020000 -3.400000 4.037994 4.182806 0.000000 81.950000 -57.850000
294.143674 -0.490000 -0.490000 -0.250000 0.010000 -0.020000 -3.310000 5.413592 3.452461 0.000000 73.850000 -41.540000
294.180340 0.630000 0.140000 0.310000 -0.050000 0.010000 -3.470000 2.422796 4.182806 0.000000 77.130000 -62.670000
294.210181 0.030000 -0.250000 -1.330000 -0.010000 -0.060000 -3.340000 1.941923 3.520080 0.000000 64.620000 -53.030000
294.240206 0.350000 0.050000 1.550000 -0.040000 -0.010000 -3.470000 4.845593 4.038592 0.000000 81.950000 -53.030000
294.268249 0.470000 -0.320000 -0.820000 -0.110000 0.030000 -3.360000 3.230395 4.038592 0.000000 77.130000 -57.850000
294.304639 -0.840000 -0.310000 0.660000 0.050000 -0.120000 -3.460000 4.037994 4.182806 0.000000 81.950000 -57.850000
294.341841 0.060000 -0.350000 0.550000 0.000000 -0.060000 -3.380000 3.093003 3.590392 0.000000 69.230000 -50.770000
294.369408 0.400000 0.460000 0.210000 -0.010000 -0.050000 -3.400000 3.230395 4.038592 0.000000 77.130000 -57.850000
294.403999 -0.610000 -0.370000 0.650000 -0.010000 -0.070000 -3.390000 0.807599 3.894378 0.000000 67.490000 -62.670000
294.440826 -0.340000 0.170000 -0.620000 -0.020000 -0.020000 -3.450000 3.094678 3.866553 0.000000 73.850000 -55.380000
294.479710 -0.080000 0.050000 -0.390000 0.020000 -0.040000 -3.330000 4.639504 3.314231 0.000000 69.230000 -41.540000
294.507652 0.660000 0.020000 0.080000 -0.080000 0.030000 -3.420000 1.615198 3.750164 0.000000 67.490000 -57.850000
294.545348 1.360000 0.150000 -1.240000 -0.020000 -0.020000 -3.300000 8.885262 3.894079 0.000000 91.590000 -38.560000
294.582711 0.120000 0.430000 -0.550000 -0.020000 -0.020000 -3.370000 4.639504 3.866553 0.000000 78.460000 -50.770000
297.078874 -0.700000 -0.220000 0.070000 0.020000 -0.040000 -3.220000 3.230395 3.461736 0.000000 67.490000 -48.210000
297.121034 0.140000 0.080000 -0.380000 -0.000000 -0.010000 -3.230000 0.000000 3.590392 0.000000 60.000000 -60.000000
297.152913 0.800000 1.010000 0.120000 -0.020000 -0.030000 -3.380000 4.845593 3.750164 0.000000 77.130000 -48.210000
297.182594 0.360000 0.660000 0.160000 0.010000 -0.050000 -3.260000 -0.772413 4.004783 0.000000 64.620000 -69.230000
297.212548 0.810000 0.970000 0.510000 0.010000 -0.040000 -3.380000 3.230395 3.461736 0.000000 67.490000 -48.210000
297.241608 -0.070000 0.190000 0.430000 0.020000 -0.060000 -3.260000 4.037994 3.605950 0.000000 72.310000 -48.210000
297.269607 0.380000 0.610000 0.430000 -0.040000 -0.040000 -3.390000 2.422796 4.182806 0.000000 77.130000 -62.670000
297.308467 -0.360000 -0.390000 0.390000 0.020000 -0.060000 -3.370000 4.639504 3.314231 0.000000 69.230000 -41.540000
297.346278 0.080000 0.010000 -0.170000 -0.030000 -0.040000 -3.460000 5.653191 3.894378 0.000000 81.950000 -48.210000
297.379291 -0.010000 0.020000 -0.240000 0.020000 -0.050000 -3.270000 0.807599 3.317522 0.000000 57.850000 -53.030000
297.416513 0.290000 -0.300000 0.920000 -0.000000 -0.110000 -3.400000 5.413592 2.900139 0.000000 64.620000 -32.310000
297.452610 -0.560000 -0.340000 0.180000 -0.050000 -0.120000 -3.360000 5.413592 3.452461 0.000000 73.850000 -41.540000
297.483182 0.200000 -0.280000 -0.050000 -0.060000 -0.030000 -3.410000 4.037994 3.894378 0.000000 77.130000 -53.030000
297.516375 -0.390000 -0.180000 -1.870000 -0.060000 0.060000 -3.250000 4.037994 4.471234 0.000000 86.770000 -62.670000
297.552564 0.360000 0.260000 1.820000 0.060000 -0.140000 -3.290000 4.641180 3.590392 0.000000 73.850000 -46.150000
297.585247 -0.310000 -0.380000 -0.370000 -0.320000 -0.350000 -12.860000 4.847268 3.461437 0.000000 72.310000 -43.380000
297.622918 0.230000 0.220000 0.270000 -0.000000 -0.120000 -3.290000 4.296023 3.652027 0.000000 73.850000 -48.210000
297.655008 -0.020000 -0.370000 0.660000 -0.030000 -0.070000 -3.240000 4.845593 3.750164 0.000000 77.130000 -48.210000
297.689893 -0.090000 0.030000 -0.840000 -0.030000 -0.100000 -3.290000 1.615198 3.461736 0.000000 62.670000 -53.030000
297.728748 -0.250000 -0.500000 0.180000 -0.010000 -0.070000 -3.230000 4.037994 3.605950 0.000000 72.310000 -48.210000
297.765686 0.520000 -0.020000 -0.410000 -0.100000 0.060000 -3.270000 1.546501 3.037770 0.000000 55.380000 -46.150000
297.803713 0.450000 -0.210000 -1.130000 -0.060000 -0.000000 -3.250000 3.230395 4.038592 0.000000 77.130000 -57.850000
297.840302 -0.220000 0.110000 -1.270000 -0.020000 -0.020000 -3.260000 2.422796 3.894378 0.000000 72.310000 -57.850000
297.870950 0.220000 0.020000 0.520000 0.020000 -0.050000 -3.180000 3.093003 3.590392 0.000000 69.230000 -50.770000
297.900879 0.170000 0.240000 0.340000 -0.040000 -0.070000 -3.280000 5.413592 3.452461 0.000000 73.850000 -41.540000
297.930272 -0.570000 -0.260000 0.160000 -0.030000 -0.060000 -3.250000 2.424472 2.740366 0.000000 53.030000 -38.560000
297.960535 -0.520000 -0.050000 0.090000 -0.030000 -0.040000 -3.270000 4.037994 4.471234 0.000000 86.770000 -62.670000
297.990309 -1.050000 0.120000 0.480000 -0.030000 -0.020000 -3.170000 2.318914 2.899840 0.000000 55.380000 -41.540000
298.021005 0.320000 0.100000 -0.070000 -0.100000 0.080000 -3.300000 4.845593 3.750164 0.000000 77.130000 -48.210000
298.052916 0.020000 -0.270000 -0.640000 -0.070000 -0.030000 -3.220000 4.037994 3.605950 0.000000 72.310000 -48.210000
298.083728 0.600000 0.040000 1.110000 -0.060000 0.040000 -3.280000 2.422796 3.317522 0.000000 62.670000 -48.210000
298.118200 0.520000 -0.140000 0.590000 -0.050000 0.000000 -3.300000 5.653191 3.894378 0.000000 81.950000 -48.210000
298.156414 -0.870000 0.290000 -0.850000 -0.070000 0.110000 -3.360000 3.230395 3.461736 0.000000 67.490000 -48.210000
298.195389 -0.260000 -0.370000 -1.420000 -0.030000 -0.010000 -3.270000 3.093003 3.590392 0.000000 69.230000 -50.770000
298.230383 0.570000 0.220000 0.510000 -0.010000 0.000000 -3.290000 2.422796 3.317522 0.000000 62.670000 -48.210000
298.261189 -0.270000 -0.360000 0.150000 0.010000 -0.060000 -3.220000 3.230395 3.461736 0.000000 67.490000 -48.210000
298.291008 0.170000 0.110000 0.610000 -0.010000 -0.030000 -3.300000 3.867091 3.452162 0.000000 69.230000 -46.150000
298.321750 -0.420000 0.120000 -0.240000 0.010000 -0.040000 -3.190000 6.960094 3.728622 0.000000 83.080000 -41.540000
298.352427 -0.300000 0.050000 0.870000 -0.010000 -0.030000 -3.130000 3.230395 3.750164 0.000000 72.310000 -53.030000
298.384031 -0.290000 -0.250000 -0.290000 0.010000 -0.030000 -2.820000 4.847268 3.173009 0.000000 67.490000 -38.560000
298.419096 -0.040000 0.140000 0.570000 0.000000 -0.050000 -2.460000 3.865416 2.623679 0.000000 55.380000 -32.310000
298.449053 0.320000 -0.360000 0.270000 -0.010000 -0.040000 -2.330000 1.616873 2.596152 0.000000 48.210000 -38.560000
298.484906 0.400000 0.160000 -0.260000 0.010000 -0.040000 -2.150000 3.232071 2.307724 0.000000 48.210000 -28.920000
298.518990 -0.580000 -0.290000 -0.180000 -0.010000 -0.020000 -1.930000 2.422796 2.163211 0.000000 43.380000 -28.920000
298.554530 0.110000 -0.260000 0.170000 0.050000 -0.030000 -1.890000 2.628885 2.126409 0.000000 43.380000 -27.690000
298.591891 -0.040000 -0.490000 -0.190000 -0.030000 0.010000 -1.700000 2.422796 1.874783 0.000000 38.560000 -24.100000
298.621327 -0.370000 -0.070000 0.090000 -0.010000 0.000000 -1.480000 0.774088 1.795196 0.000000 32.310000 -27.690000
298.651173 -0.330000 0.010000 0.920000 0.060000 -0.070000 -1.620000 1.615198 1.730569 0.000000 33.740000 -24.100000
298.680832 -0.660000 -0.490000 -0.540000 0.000000 -0.020000 -1.510000 1.615198 1.730569 0.000000 33.740000 -24.100000
298.708621 0.060000 0.170000 0.130000 -0.010000 0.010000 -1.260000 2.320590 1.519035 0.000000 32.310000 -18.460000
298.747618 0.700000 0.090000 -0.070000 -0.010000 -0.040000 -1.110000 1.546501 1.104943 0.000000 23.080000 -13.850000
298.784634 -0.590000 -0.030000 -0.380000 -0.000000 -0.020000 -0.480000 0.000000 0.576856 0.000000 9.640000 -9.640000
298.820710 -0.010000 -0.320000 -0.050000 0.000000 -0.000000 0.090000 0.000000 0.000000 0.000000 0.000000 0.000000
298.849641 0.410000 0.500000 -0.070000 0.000000 0.010000 -0.010000 -0.774088 -0.138230 0.000000 -4.620000 0.000000
298.885251 0.010000 -0.050000 -0.170000 -0.000000 -0.000000 -0.020000 0.000000 0.000000 0.000000 0.000000 0.000000
298.921322 -0.090000 0.030000 -0.140000 -0.000000 0.000000 0.000000 0.000000 0.000000 0.000000 0.000000 0.000000
298.958859 0.010000 0.140000 -0.040000 -0.000000 0.000000 0.000000 0.000000 0.000000 0.000000 0.000000 0.000000
298.993202 0.100000 0.090000 0.030000 -0.000000 0.000000 -0.010000 0.000000 0.000000 0.000000 0.000000 0.000000
299.022524 -0.110000 0.010000 -0.010000 -0.000000 0.000000 -0.010000 0.000000 0.000000 0.000000 0.000000 0.000000
299.057647 -0.050000 -0.010000 -0.100000 0.000000 -0.000000 -0.000000 0.000000 0.000000 0.000000 0.000000 0.000000
299.096833 0.040000 0.040000 -0.020000 0.000000 -0.000000 0.000000 0.000000 0.000000 0.000000 0.000000 0.000000
299.132625 0.010000 0.010000 -0.030000 -0.000000 0.000000 -0.000000 0.000000 0.000000 0.000000 0.000000 0.000000
299.161901 -0.010000 0.010000 -0.010000 -0.000000 -0.000000 -0.000000 0.000000 0.000000 0.000000 0.000000 0.000000
299.190755 0.010000 0.010000 -0.000000 0.000000 -0.000000 0.000000 0.000000 0.000000 0.000000 0.000000 0.000000
299.218113 0.050000 -0.050000 -0.030000 0.000000 -0.000000 0.000000 0.000000 0.000000 0.000000 0.000000 0.000000
299.251178 0.040000 -0.060000 0.010000 0.000000 -0.000000 0.000000 0.000000 0.000000 0.000000 0.000000 0.000000
299.280990 -0.010000 -0.040000 0.030000 0.000000 0.000000 0.000000 0.000000 0.000000 0.000000 0.000000 0.000000
299.309936 0.040000 0.010000 -0.000000 0.000000 0.000000 0.000000 0.000000 0.000000 0.000000 0.000000 0.000000
299.344693 0.040000 -0.040000 -0.060000 -0.000000 0.000000 0.000000 0.000000 0.000000 0.000000 0.000000 0.000000
299.377702 0.020000 -0.010000 0.040000 -0.000000 0.000000 0.000000 0.000000 0.000000 0.000000 0.000000 0.000000
299.414588 0.040000 0.030000 -0.010000 0.000000 -0.000000 0.000000 0.000000 0.000000 0.000000 0.000000 0.000000
299.450292 0.030000 -0.020000 -0.010000 0.000000 -0.000000 -0.000000 0.000000 0.000000 0.000000 0.000000 0.000000
299.478681 0.030000 -0.010000 0.060000 -0.000000 0.000000 0.000000 0.000000 0.000000 0.000000 0.000000 0.000000
299.515019 0.040000 0.000000 -0.020000 -0.000000 0.000000 0.000000 0.000000 0.000000 0.000000 0.000000 0.000000
299.550845 -0.000000 -0.080000 -0.000000 -0.000000 0.000000 -0.000000 0.000000 0.000000 0.000000 0.000000 0.000000
299.579672 0.030000 0.020000 -0.040000 0.000000 -0.000000 -0.000000 0.000000 0.000000 0.000000 0.000000 0.000000
299.616544 0.050000 -0.010000 0.010000 0.000000 0.000000 -0.000000 0.000000 0.000000 0.000000 0.000000 0.000000
299.652737 -0.020000 -0.010000 0.070000 -0.000000 0.000000 -0.000000 0.000000 0.000000 0.000000 0.000000 0.000000
299.681267 0.070000 0.010000 -0.030000 0.000000 0.000000 -0.000000 0.000000 0.000000 0.000000 0.000000 0.000000
299.709500 0.000000 -0.030000 0.030000 0.000000 0.000000 0.000000 0.000000 0.000000 0.000000 0.000000 0.000000
299.745226 -0.010000 0.020000 0.020000 0.000000 -0.000000 0.000000 0.000000 0.000000 0.000000 0.000000 0.000000
299.779444 -0.010000 -0.050000 -0.010000 0.000000 0.000000 -0.000000 0.000000 0.000000 0.000000 0.000000 0.000000
299.815757 0.040000 0.000000 -0.000000 0.000000 -0.000000 -0.000000 0.000000 0.000000 0.000000 0.000000 0.000000
299.851907 0.030000 -0.010000 0.040000 0.000000 0.000000 0.000000 0.000000 0.000000 0.000000 0.000000 0.000000
299.881304 0.000000 -0.000000 0.010000 -0.000000 0.000000 -0.000000 0.000000 0.000000 0.000000 0.000000 0.000000
299.908867 -0.020000 -0.010000 -0.020000 0.000000 0.000000 -0.000000 0.000000 0.000000 0.000000 0.000000 0.000000
299.942090 0.010000 -0.020000 -0.050000 0.000000 0.000000 -0.000000 0.000000 0.000000 0.000000 0.000000 0.000000
299.973235 -0.040000 -0.010000 -0.030000 0.000000 0.000000 0.000000 0.000000 0.000000 0.000000 0.000000 0.000000
300.048249 -0.020000 0.050000 -0.030000 -0.000000 -0.000000 -0.000000 0.000000 0.000000 0.000000 0.000000 0.000000
300.102316 0.020000 -0.000000 -0.070000 0.000000 0.000000 -0.000000 0.000000 0.000000 0.000000 0.000000 0.000000
300.130378 0.020000 0.010000 -0.060000 -0.000000 -0.000000 -0.000000 0.000000 0.000000 0.000000 0.000000 0.000000
300.161347 -0.040000 -0.020000 0.050000 -0.000000 -0.000000 0.000000 0.000000 0.000000 0.000000 0.000000 0.000000
300.188549 0.040000 0.020000 -0.010000 0.000000 0.000000 0.000000 0.000000 0.000000 0.000000 0.000000 0.000000
300.226100 0.020000 0.040000 0.040000 0.000000 -0.000000 -0.000000 0.000000 0.000000 0.000000 0.000000 0.000000
300.259698 0.040000 -0.010000 0.060000 0.000000 -0.000000 -0.000000 0.000000 0.000000 0.000000 0.000000 0.000000
300.296889 0.070000 -0.020000 0.020000 -0.000000 0.000000 -0.000000 0.000000 0.000000 0.000000 0.000000 0.000000
300.332036 0.030000 -0.010000 -0.070000 0.000000 0.000000 -0.000000 0.000000 0.000000 0.000000 0.000000 0.000000
300.360867 -0.100000 -0.040000 0.290000 0.000000 0.000000 -0.000000 0.000000 0.000000 0.000000 0.000000 0.000000
300.387726 0.150000 0.030000 0.080000 -0.000000 0.000000 -0.000000 0.000000 0.000000 0.000000 0.000000 0.000000
300.423832 0.030000 -0.030000 -0.120000 0.000000 -0.000000 -0.000000 0.000000 0.000000 0.000000 0.000000 0.000000
300.456619 -0.020000 -0.060000 0.060000 -0.000000 0.000000 -0.000000 0.000000 0.000000 0.000000 0.000000 0.000000
300.492152 -0.100000 -0.020000 -0.070000 -0.000000 0.010000 -0.000000 0.000000 0.000000 0.000000 0.000000 0.000000
300.519833 0.050000 -0.030000 0.040000 -0.000000 -0.000000 -0.000000 0.000000 0.000000 0.000000 0.000000 0.000000
300.552199 -0.080000 0.050000 -0.010000 -0.000000 0.000000 0.000000 0.000000 0.000000 0.000000 0.000000 0.000000
300.581003 -0.020000 -0.020000 -0.030000 0.000000 -0.000000 0.000000 0.000000 0.000000 0.000000 0.000000 0.000000
300.615905 0.030000 0.040000 0.020000 0.000000 -0.000000 -0.000000 0.000000 0.000000 0.000000 0.000000 0.000000
300.650400 0.000000 0.000000 -0.130000 -0.000000 0.000000 0.000000 0.000000 0.000000 0.000000 0.000000 0.000000
300.678879 -0.100000 0.010000 0.010000 -0.000000 0.000000 0.000000 0.000000 0.000000 0.000000 0.000000 0.000000
300.712465 0.030000 0.010000 0.060000 0.000000 -0.000000 0.000000 0.000000 0.000000 0.000000 0.000000 0.000000
300.739677 0.010000 -0.020000 -0.030000 0.000000 -0.000000 0.000000 0.000000 0.000000 0.000000 0.000000 0.000000
300.775721 0.050000 0.020000 0.000000 0.000000 -0.000000 -0.000000 0.000000 0.000000 0.000000 0.000000 0.000000
300.810916 -0.010000 0.030000 -0.040000 0.000000 0.000000 0.000000 0.000000 0.000000 0.000000 0.000000 0.000000
300.841001 -0.010000 -0.000000 -0.040000 -0.000000 0.000000 -0.000000 0.000000 0.000000 0.000000 0.000000 0.000000
300.869294 -0.000000 -0.000000 0.000000 -0.000000 0.000000 -0.000000 0.000000 0.000000 0.000000 0.000000 0.000000
300.906211 -0.020000 -0.060000 0.020000 0.000000 -0.000000 -0.000000 0.000000 0.000000 0.000000 0.000000 0.000000
300.938732 0.020000 -0.020000 0.020000 0.000000 -0.000000 -0.000000 0.000000 0.000000 0.000000 0.000000 0.000000
300.971228 0.070000 -0.000000 -0.040000 0.000000 0.000000 -0.000000 0.000000 0.000000 0.000000 0.000000 0.000000
300.999668 -0.020000 0.030000 -0.010000 -0.000000 0.000000 0.000000 0.000000 0.000000 0.000000 0.000000 0.000000
301.036156 -0.030000 0.020000 -0.020000 0.000000 0.000000 -0.000000 0.000000 0.000000 0.000000 0.000000 0.000000
301.073083 -0.030000 -0.060000 -0.010000 -0.000000 0.000000 -0.000000 0.000000 0.000000 0.000000 0.000000 0.000000
301.100252 -0.000000 -0.020000 -0.010000 0.000000 0.000000 0.000000 0.000000 0.000000 0.000000 0.000000 0.000000
301.131225 -0.010000 0.000000 -0.010000 0.000000 -0.000000 0.000000 0.000000 0.000000 0.000000 0.000000 0.000000
301.162349 0.030000 0.100000 0.000000 0.000000 -0.000000 0.000000 0.000000 0.000000 0.000000 0.000000 0.000000
301.193731 -0.030000 -0.010000 0.040000 0.000000 0.000000 -0.000000 0.000000 0.000000 0.000000 0.000000 0.000000
301.228979 0.000000 -0.010000 0.030000 -0.000000 0.000000 0.000000 0.000000 0.000000 0.000000 0.000000 0.000000
301.263266 0.010000 -0.050000 -0.010000 0.000000 0.000000 -0.000000 0.000000 0.000000 0.000000 0.000000 0.000000
301.292368 0.010000 0.080000 0.070000 0.000000 -0.000000 -0.000000 0.000000 0.000000 0.000000 0.000000 0.000000
301.321546 0.020000 0.050000 -0.010000 0.000000 0.000000 -0.000000 0.000000 0.000000 0.000000 0.000000 0.000000
301.349293 0.040000 0.090000 0.020000 -0.000000 -0.000000 -0.000000 0.000000 0.000000 0.000000 0.000000 0.000000
301.384273 0.020000 -0.050000 -0.040000 -0.000000 0.000000 0.000000 0.000000 0.000000 0.000000 0.000000 0.000000
301.419525 -0.010000 -0.050000 -0.040000 0.000000 0.000000 -0.000000 0.000000 0.000000 0.000000 0.000000 0.000000
301.446883 -0.030000 -0.040000 0.040000 0.000000 -0.000000 0.000000 0.000000 0.000000 0.000000 0.000000 0.000000
301.482384 -0.030000 0.050000 -0.030000 0.000000 -0.000000 0.000000 0.000000 0.000000 0.000000 0.000000 0.000000
301.509685 0.030000 0.010000 -0.020000 -0.000000 -0.000000 0.000000 0.000000 0.000000 0.000000 0.000000 0.000000
301.545751 0.040000 -0.040000 0.040000 -0.000000 0.000000 -0.000000 0.000000 0.000000 0.000000 0.000000 0.000000
301.577576 0.010000 0.020000 -0.000000 -0.000000 0.000000 0.000000 0.000000 0.000000 0.000000 0.000000 0.000000
301.611173 -0.050000 -0.040000 -0.050000 0.000000 0.000000 0.000000 0.000000 0.000000 0.000000 0.000000 0.000000
301.638897 -0.020000 -0.010000 -0.040000 0.000000 0.000000 -0.000000 0.000000 0.000000 0.000000 0.000000 0.000000
301.677934 0.020000 0.020000 0.080000 0.000000 -0.000000 0.000000 0.000000 0.000000 0.000000 0.000000 0.000000
301.710087 0.060000 0.040000 -0.020000 -0.000000 0.000000 -0.000000 0.000000 0.000000 0.000000 0.000000 0.000000
301.736920 0.080000 -0.010000 0.000000 0.000000 0.000000 0.000000 0.000000 0.000000 0.000000 0.000000 0.000000
301.769757 -0.040000 -0.050000 -0.010000 -0.000000 0.000000 -0.000000 0.000000 0.000000 0.000000 0.000000 0.000000
301.797162 -0.060000 0.020000 -0.020000 0.000000 -0.000000 0.000000 0.000000 0.000000 0.000000 0.000000 0.000000
301.829342 -0.040000 -0.000000 0.030000 0.000000 -0.000000 -0.000000 0.000000 0.000000 0.000000 0.000000 0.000000
301.866897 -0.010000 -0.020000 -0.040000 0.000000 0.000000 -0.000000 0.000000 0.000000 0.000000 0.000000 0.000000
301.900118 0.050000 0.020000 -0.000000 0.000000 0.000000 -0.000000 0.000000 0.000000 0.000000 0.000000 0.000000
301.930174 0.020000 -0.010000 -0.030000 -0.000000 0.000000 0.000000 0.000000 0.000000 0.000000 0.000000 0.000000
301.960391 -0.070000 0.010000 0.010000 -0.000000 -0.000000 0.000000 0.000000 0.000000 0.000000 0.000000 0.000000
301.989193 -0.040000 -0.040000 0.020000 0.000000 -0.000000 0.000000 0.000000 0.000000 0.000000 0.000000 0.000000
302.019009 0.010000 -0.030000 -0.060000 -0.000000 -0.000000 -0.000000 0.000000 0.000000 0.000000 0.000000 0.000000
302.051612 0.040000 0.030000 -0.030000 0.000000 0.000000 0.000000 0.000000 0.000000 0.000000 0.000000 0.000000
302.086925 -0.030000 0.020000 0.030000 -0.000000 0.000000 -0.000000 0.000000 0.000000 0.000000 0.000000 0.000000
302.124065 0.030000 0.030000 0.010000 -0.000000 -0.000000 -0.000000 0.000000 0.000000 0.000000 0.000000 0.000000
302.158702 -0.020000 -0.020000 -0.050000 -0.000000 0.000000 -0.000000 0.000000 0.000000 0.000000 0.000000 0.000000
302.193219 0.060000 -0.040000 0.020000 -0.000000 -0.000000 -0.000000 0.000000 0.000000 0.000000 0.000000 0.000000
302.234110 0.040000 -0.030000 0.020000 0.000000 -0.000000 0.000000 0.000000 0.000000 0.000000 0.000000 0.000000
302.270321 0.020000 -0.030000 0.040000 0.000000 -0.000000 -0.000000 0.000000 0.000000 0.000000 0.000000 0.000000
302.299199 -0.030000 0.020000 0.030000 -0.000000 0.000000 0.000000 0.000000 0.000000 0.000000 0.000000 0.000000
302.328201 0.030000 0.010000 0.010000 -0.000000 0.000000 -0.000000 0.000000 0.000000 0.000000 0.000000 0.000000
302.364490 -0.040000 -0.040000 -0.030000 0.000000 0.000000 0.000000 0.000000 0.000000 0.000000 0.000000 0.000000
302.397898 0.000000 0.020000 0.040000 0.000000 0.000000 -0.000000 0.000000 0.000000 0.000000 0.000000 0.000000
302.430306 0.010000 0.060000 -0.040000 0.000000 -0.000000 -0.000000 0.000000 0.000000 0.000000 0.000000 0.000000
302.457137 0.020000 0.040000 0.000000 -0.000000 0.000000 0.000000 0.000000 0.000000 0.000000 0.000000 0.000000
302.492235 -0.000000 -0.020000 -0.020000 -0.000000 -0.000000 -0.000000 0.000000 0.000000 0.000000 0.000000 0.000000
302.528277 0.020000 -0.030000 -0.080000 0.000000 -0.000000 -0.000000 0.000000 0.000000 0.000000 0.000000 0.000000
302.562427 -0.020000 0.020000 0.040000 0.000000 -0.000000 0.000000 0.000000 0.000000 0.000000 0.000000 0.000000
302.589246 -0.040000 0.010000 0.030000 0.000000 0.000000 0.000000 0.000000 0.000000 0.000000 0.000000 0.000000
302.625650 0.040000 0.090000 -0.010000 0.000000 -0.000000 0.000000 0.000000 0.000000 0.000000 0.000000 0.000000
302.662836 0.020000 0.020000 -0.000000 0.000000 0.000000 0.000000 0.000000 0.000000 0.000000 0.000000 0.000000
302.691473 -0.020000 -0.070000 0.020000 0.000000 0.000000 0.000000 0.000000 0.000000 0.000000 0.000000 0.000000
302.721220 -0.050000 -0.040000 0.070000 0.000000 -0.000000 -0.000000 0.000000 0.000000 0.000000 0.000000 0.000000
302.749858 0.020000 -0.010000 -0.050000 0.000000 0.000000 -0.000000 0.000000 0.000000 0.000000 0.000000 0.000000
302.783872 0.030000 0.020000 0.060000 -0.000000 0.000000 0.000000 0.000000 0.000000 0.000000 0.000000 0.000000
302.817167 -0.010000 -0.010000 -0.030000 -0.000000 -0.000000 -0.000000 0.000000 0.000000 0.000000 0.000000 0.000000
302.849475 0.000000 -0.010000 -0.020000 -0.000000 -0.000000 0.000000 0.000000 0.000000 0.000000 0.000000 0.000000
302.886306 0.000000 -0.040000 -0.010000 0.000000 0.000000 0.000000 0.000000 0.000000 0.000000 0.000000 0.000000
302.919121 -0.060000 0.000000 0.000000 -0.000000 -0.000000 0.000000 0.000000 0.000000 0.000000 0.000000 0.000000
302.947124 -0.060000 0.020000 0.000000 0.000000 -0.000000 -0.000000 0.000000 0.000000 0.000000 0.000000 0.000000
302.986561 0.010000 0.050000 -0.050000 -0.000000 -0.000000 -0.000000 0.000000 0.000000 0.000000 0.000000 0.000000
303.021366 0.000000 -0.000000 0.030000 -0.000000 0.000000 -0.000000 0.000000 0.000000 0.000000 0.000000 0.000000
303.051399 0.090000 -0.000000 -0.010000 -0.000000 0.000000 -0.000000 0.000000 0.000000 0.000000 0.000000 0.000000
303.081622 -0.050000 -0.020000 0.030000 0.000000 0.000000 -0.000000 0.000000 0.000000 0.000000 0.000000 0.000000
303.118576 0.000000 -0.020000 0.010000 0.000000 -0.000000 -0.000000 0.000000 0.000000 0.000000 0.000000 0.000000
303.155535 0.020000 0.040000 -0.060000 -0.000000 -0.000000 0.000000 0.000000 0.000000 0.000000 0.000000 0.000000
303.189890 0.060000 0.000000 0.060000 -0.000000 0.000000 -0.000000 0.000000 0.000000 0.000000 0.000000 0.000000
303.227718 0.040000 -0.010000 -0.060000 -0.000000 0.000000 -0.000000 0.000000 0.000000 0.000000 0.000000 0.000000
303.262729 -0.040000 -0.080000 0.020000 -0.000000 -0.000000 0.000000 0.000000 0.000000 0.000000 0.000000 0.000000
303.296690 -0.010000 0.010000 0.010000 -0.000000 -0.000000 -0.000000 0.000000 0.000000 0.000000 0.000000 0.000000
303.333082 0.010000 0.010000 -0.020000 0.000000 -0.000000 -0.000000 0.000000 0.000000 0.000000 0.000000 0.000000
303.368393 -0.030000 0.030000 -0.040000 -0.000000 0.000000 0.000000 0.000000 0.000000 0.000000 0.000000 0.000000
303.404248 0.000000 -0.060000 0.040000 0.000000 0.000000 -0.000000 0.000000 0.000000 0.000000 0.000000 0.000000
303.438953 0.050000 0.030000 0.040000 -0.000000 0.000000 0.000000 0.000000 0.000000 0.000000 0.000000 0.000000
303.474515 -0.030000 0.040000 0.020000 -0.000000 -0.000000 0.000000 0.000000 0.000000 0.000000 0.000000 0.000000
303.511317 -0.030000 -0.010000 -0.020000 -0.000000 -0.000000 -0.000000 0.000000 0.000000 0.000000 0.000000 0.000000
303.540255 0.030000 -0.050000 -0.100000 -0.000000 -0.000000 -0.000000 0.000000 0.000000 0.000000 0.000000 0.000000
303.568694 0.000000 -0.000000 0.070000 0.000000 0.000000 -0.000000 0.000000 0.000000 0.000000 0.000000 0.000000
303.603693 0.000000 0.030000 0.110000 0.000000 0.000000 -0.000000 0.000000 0.000000 0.000000 0.000000 0.000000
303.637962 -0.020000 -0.030000 0.010000 -0.000000 0.000000 -0.000000 0.000000 0.000000 0.000000 0.000000 0.000000
303.674919 -0.020000 -0.010000 -0.010000 -0.000000 -0.000000 0.000000 0.000000 0.000000 0.000000 0.000000 0.000000
303.712151 -0.020000 -0.000000 -0.040000 0.000000 -0.000000 0.000000 0.000000 0.000000 0.000000 0.000000 0.000000
303.739877 -0.020000 -0.010000 -0.000000 -0.000000 -0.000000 -0.000000 0.000000 0.000000 0.000000 0.000000 0.000000
303.777020 0.000000 0.010000 0.080000 -0.000000 0.000000 0.000000 0.000000 0.000000 0.000000 0.000000 0.000000
303.811315 -0.020000 0.060000 0.000000 -0.000000 0.000000 0.000000 0.000000 0.000000 0.000000 0.000000 0.000000
303.839963 -0.020000 0.010000 -0.020000 0.000000 -0.000000 0.000000 0.000000 0.000000 0.000000 0.000000 0.000000
303.871624 -0.020000 0.010000 -0.000000 0.000000 0.000000 0.000000 0.000000 0.000000 0.000000 0.000000 0.000000
303.901763 0.050000 -0.040000 -0.060000 0.000000 -0.000000 -0.000000 0.000000 0.000000 0.000000 0.000000 0.000000
303.929868 0.020000 0.050000 0.010000 0.000000 -0.000000 -0.000000 0.000000 0.000000 0.000000 0.000000 0.000000
303.967281 -0.000000 0.060000 -0.010000 -0.000000 -0.000000 -0.000000 0.000000 0.000000 0.000000 0.000000 0.000000
304.005536 -0.010000 -0.020000 -0.050000 -0.000000 -0.000000 -0.000000 0.000000 0.000000 0.000000 0.000000 0.000000
304.040445 0.000000 0.020000 0.010000 -0.000000 0.000000 -0.000000 0.000000 0.000000 0.000000 0.000000 0.000000
304.075859 -0.010000 -0.020000 0.040000 0.000000 -0.000000 -0.000000 0.000000 0.000000 0.000000 0.000000 0.000000
304.112052 0.000000 -0.040000 0.030000 0.000000 -0.000000 0.000000 0.000000 0.000000 0.000000 0.000000 0.000000
304.140327 0.010000 0.040000 0.060000 0.000000 0.000000 -0.000000 0.000000 0.000000 0.000000 0.000000 0.000000
304.169224 -0.030000 0.040000 0.040000 0.000000 0.000000 0.000000 0.000000 0.000000 0.000000 0.000000 0.000000
304.198182 0.040000 -0.010000 -0.020000 -0.000000 0.000000 0.000000 0.000000 0.000000 0.000000 0.000000 0.000000
304.230461 0.010000 -0.020000 -0.040000 0.000000 -0.000000 -0.000000 0.000000 0.000000 0.000000 0.000000 0.000000
304.259339 0.000000 -0.040000 -0.030000 -0.000000 -0.000000 0.000000 0.000000 0.000000 0.000000 0.000000 0.000000
304.295431 -0.060000 -0.000000 -0.040000 -0.000000 -0.000000 0.000000 0.000000 0.000000 0.000000 0.000000 0.000000
304.330559 0.040000 0.030000 -0.090000 0.000000 -0.000000 -0.000000 0.000000 0.000000 0.000000 0.000000 0.000000
304.368226 0.050000 0.010000 0.050000 0.000000 -0.000000 -0.000000 0.000000 0.000000 0.000000 0.000000 0.000000
304.404440 0.020000 -0.030000 0.030000 -0.000000 0.000000 0.000000 0.000000 0.000000 0.000000 0.000000 0.000000
304.440708 -0.030000 -0.010000 -0.040000 0.000000 0.000000 0.000000 0.000000 0.000000 0.000000 0.000000 0.000000
304.467739 -0.010000 0.020000 0.040000 0.000000 -0.000000 0.000000 0.000000 0.000000 0.000000 0.000000 0.000000
304.502549 0.010000 0.010000 0.020000 0.000000 0.000000 -0.000000 0.000000 0.000000 0.000000 0.000000 0.000000
304.536575 0.040000 -0.000000 0.010000 -0.000000 -0.000000 0.000000 0.000000 0.000000 0.000000 0.000000 0.000000
304.572752 0.010000 -0.030000 -0.020000 -0.000000 0.000000 0.000000 0.000000 0.000000 0.000000 0.000000 0.000000
304.609132 0.020000 -0.010000 -0.050000 -0.000000 0.000000 -0.000000 0.000000 0.000000 0.000000 0.000000 0.000000
304.637864 -0.040000 0.010000 0.030000 -0.000000 0.000000 0.000000 0.000000 0.000000 0.000000 0.000000 0.000000
304.671155 -0.030000 -0.020000 0.030000 0.000000 0.000000 0.000000 0.000000 0.000000 0.000000 0.000000 0.000000
304.699653 -0.040000 0.020000 0.040000 0.000000 0.000000 -0.000000 0.000000 0.000000 0.000000 0.000000 0.000000
304.729638 0.010000 -0.080000 0.020000 -0.000000 -0.000000 -0.000000 0.000000 0.000000 0.000000 0.000000 0.000000
304.764382 -0.000000 0.040000 -0.050000 0.000000 0.000000 -0.000000 0.000000 0.000000 0.000000 0.000000 0.000000
304.798976 -0.010000 0.010000 -0.090000 0.000000 0.000000 0.000000 0.000000 0.000000 0.000000 0.000000 0.000000
304.834915 0.020000 0.020000 0.010000 -0.000000 -0.000000 0.000000 0.000000 0.000000 0.000000 0.000000 0.000000
304.866488 0.050000 0.040000 0.020000 0.000000 -0.000000 0.000000 0.000000 0.000000 0.000000 0.000000 0.000000
304.902216 0.010000 -0.010000 0.050000 0.000000 0.000000 0.000000 0.000000 0.000000 0.000000 0.000000 0.000000
304.929451 -0.000000 -0.020000 0.040000 -0.000000 0.000000 0.000000 0.000000 0.000000 0.000000 0.000000 0.000000
304.965880 -0.060000 0.030000 -0.000000 0.000000 0.000000 -0.000000 0.000000 0.000000 0.000000 0.000000 0.000000
304.997225 0.030000 0.000000 0.010000 0.000000 -0.000000 0.000000 0.000000 0.000000 0.000000 0.000000 0.000000
305.029632 0.010000 -0.060000 -0.070000 -0.000000 0.000000 0.000000 0.000000 0.000000 0.000000 0.000000 0.000000
305.065862 -0.010000 -0.040000 -0.030000 0.000000 -0.000000 0.000000 0.000000 0.000000 0.000000 0.000000 0.000000
305.100362 0.030000 0.030000 -0.030000 -0.000000 -0.000000 -0.000000 0.000000 0.000000 0.000000 0.000000 0.000000
305.131415 -0.010000 0.030000 -0.000000 0.000000 -0.000000 -0.000000 0.000000 0.000000 0.000000 0.000000 0.000000
305.159915 -0.020000 0.000000 0.040000 -0.000000 0.000000 0.000000 0.000000 0.000000 0.000000 0.000000 0.000000
305.195280 -0.020000 -0.030000 -0.030000 0.000000 0.000000 -0.000000 0.000000 0.000000 0.000000 0.000000 0.000000
305.230652 -0.000000 -0.020000 -0.030000 0.000000 0.000000 -0.000000 0.000000 0.000000 0.000000 0.000000 0.000000
305.258358 0.010000 0.020000 0.070000 -0.000000 -0.000000 0.000000 0.000000 0.000000 0.000000 0.000000 0.000000
305.291445 0.020000 -0.010000 0.020000 -0.000000 0.000000 -0.000000 0.000000 0.000000 0.000000 0.000000 0.000000
305.321208 -0.040000 -0.020000 0.070000 -0.000000 -0.000000 -0.000000 0.000000 0.000000 0.000000 0.000000 0.000000
305.352568 -0.030000 -0.010000 -0.010000 0.000000 -0.000000 0.000000 0.000000 0.000000 0.000000 0.000000 0.000000
305.382023 0.010000 -0.050000 0.020000 0.000000 -0.000000 0.000000 0.000000 0.000000 0.000000 0.000000 0.000000
305.409690 0.010000 0.010000 -0.020000 -0.000000 0.000000 0.000000 0.000000 0.000000 0.000000 0.000000 0.000000
305.445196 0.050000 0.030000 -0.010000 0.000000 0.000000 0.000000 0.000000 0.000000 0.000000 0.000000 0.000000
305.477090 0.020000 0.020000 -0.040000 0.000000 0.000000 -0.000000 0.000000 0.000000 0.000000 0.000000 0.000000
305.514027 -0.020000 0.010000 -0.010000 -0.000000 -0.000000 -0.000000 0.000000 0.000000 0.000000 0.000000 0.000000
305.546623 -0.010000 0.000000 -0.050000 -0.000000 -0.000000 -0.000000 0.000000 0.000000 0.000000 0.000000 0.000000
305.580967 0.020000 0.010000 -0.040000 0.000000 0.000000 -0.000000 0.000000 0.000000 0.000000 0.000000 0.000000
305.608089 0.020000 0.030000 -0.020000 0.000000 0.000000 -0.000000 0.000000 0.000000 0.000000 0.000000 0.000000
305.642990 -0.000000 0.050000 -0.000000 -0.000000 0.000000 0.000000 0.000000 0.000000 0.000000 0.000000 0.000000
305.678419 -0.040000 -0.030000 0.030000 -0.000000 0.000000 -0.000000 0.000000 0.000000 0.000000 0.000000 0.000000
305.713200 -0.010000 -0.020000 0.010000 0.000000 -0.000000 -0.000000 0.000000 0.000000 0.000000 0.000000 0.000000
305.741649 -0.030000 0.010000 0.020000 0.000000 -0.000000 0.000000 0.000000 0.000000 0.000000 0.000000 0.000000
305.769597 -0.000000 0.020000 -0.060000 0.000000 0.000000 -0.000000 0.000000 0.000000 0.000000 0.000000 0.000000
305.806096 0.010000 0.030000 0.110000 -0.000000 -0.000000 0.000000 0.000000 0.000000 0.000000 0.000000 0.000000
305.841074 0.040000 0.030000 -0.080000 -0.000000 0.000000 -0.000000 0.000000 0.000000 0.000000 0.000000 0.000000
305.870535 0.020000 -0.000000 0.020000 0.000000 -0.000000 -0.000000 0.000000 0.000000 0.000000 0.000000 0.000000
305.900159 -0.030000 -0.010000 0.010000 -0.000000 0.000000 0.000000 0.000000 0.000000 0.000000 0.000000 0.000000
305.929264 -0.030000 0.010000 0.000000 -0.000000 -0.000000 -0.000000 0.000000 0.000000 0.000000 0.000000 0.000000
305.961479 -0.020000 0.020000 0.030000 0.000000 0.000000 0.000000 0.000000 0.000000 0.000000 0.000000 0.000000
305.997284 -0.030000 -0.010000 0.010000 -0.000000 0.000000 -0.000000 0.000000 0.000000 0.000000 0.000000 0.000000
306.030505 0.040000 -0.050000 0.010000 0.000000 0.000000 -0.000000 0.000000 0.000000 0.000000 0.000000 0.000000
306.061319 0.030000 -0.040000 -0.050000 -0.000000 0.000000 -0.000000 0.000000 0.000000 0.000000 0.000000 0.000000
306.093009 -0.010000 0.030000 -0.000000 0.000000 -0.000000 0.000000 0.000000 0.000000 0.000000 0.000000 0.000000
306.122750 -0.010000 -0.010000 -0.010000 0.000000 -0.000000 0.000000 0.000000 0.000000 0.000000 0.000000 0.000000
306.150655 0.020000 -0.000000 -0.030000 0.000000 0.000000 -0.000000 0.000000 0.000000 0.000000 0.000000 0.000000
306.181522 0.050000 -0.020000 -0.030000 0.000000 0.000000 0.000000 0.000000 0.000000 0.000000 0.000000 0.000000
306.212468 0.010000 -0.020000 -0.050000 0.000000 -0.000000 0.000000 0.000000 0.000000 0.000000 0.000000 0.000000
306.241016 0.010000 0.020000 0.050000 0.000000 0.000000 0.000000 0.000000 0.000000 0.000000 0.000000 0.000000
306.271158 0.030000 0.060000 -0.010000 0.000000 0.000000 -0.000000 0.000000 0.000000 0.000000 0.000000 0.000000
306.299689 -0.010000 0.020000 -0.010000 0.000000 -0.000000 0.000000 0.000000 0.000000 0.000000 0.000000 0.000000
306.327551 0.010000 -0.010000 -0.020000 -0.000000 -0.000000 -0.000000 0.000000 0.000000 0.000000 0.000000 0.000000
306.365680 -0.020000 -0.020000 0.020000 -0.000000 0.000000 -0.000000 0.000000 0.000000 0.000000 0.000000 0.000000
