3827.755975 -0.020000 0.040000 -8.670000 0.000000 0.000000 0.000000 0.000000 0.000000 0.000000 0.000000 0.000000
3827.799138 -0.020000 -0.010000 -7.740000 0.000000 -0.000000 -0.000000 0.000000 0.000000 0.000000 0.000000 0.000000
3827.827501 -0.020000 -0.030000 -6.770000 -0.000000 -0.000000 0.000000 0.774088 0.138230 0.000000 4.620000 0.000000
3827.865044 0.090000 0.050000 -5.860000 -0.000000 0.000000 0.000000 0.807599 0.144214 0.000000 4.820000 0.000000
3827.899578 -0.630000 0.780000 -5.730000 -0.020000 -0.060000 0.110000 4.845593 -0.288428 0.000000 9.640000 19.280000
3827.928869 -0.620000 1.450000 -4.230000 0.070000 0.080000 0.020000 6.460790 -0.288428 0.000000 14.460000 24.100000
3827.961205 -0.160000 -0.090000 -1.980000 0.030000 -0.010000 -0.010000 7.268389 -0.144214 0.000000 19.280000 24.100000
3827.999600 0.190000 0.530000 -1.810000 -0.030000 -0.010000 0.090000 12.113981 0.144214 0.000000 38.560000 33.740000
3828.029076 0.650000 -0.090000 -0.680000 -0.070000 0.040000 -0.010000 11.599598 -0.137931 0.000000 32.310000 36.920000
3828.058172 0.710000 -0.430000 -1.170000 0.070000 0.040000 -0.050000 15.346052 -0.144513 0.000000 43.380000 48.210000
3828.092866 0.740000 1.330000 1.280000 -0.090000 -0.020000 -0.000000 17.770524 0.000000 0.000000 53.030000 53.030000
3828.121814 -0.110000 -0.870000 0.020000 -0.030000 -0.040000 0.010000 17.013190 0.000000 0.000000 50.770000 50.770000
3828.150164 0.320000 0.360000 -0.560000 0.020000 -0.010000 -0.060000 19.332105 -0.138230 0.000000 55.380000 60.000000
3828.177283 -0.200000 -1.520000 -0.090000 -0.030000 0.040000 0.020000 21.808517 0.144214 0.000000 67.490000 62.670000
3828.211131 -0.650000 -0.160000 -2.190000 0.020000 0.060000 -0.050000 24.231314 0.000000 0.000000 72.310000 72.310000
3828.238108 0.380000 0.100000 2.420000 -0.080000 0.050000 0.040000 23.199196 0.000000 0.000000 69.230000 69.230000
3828.272183 -1.110000 -0.690000 -0.770000 -0.010000 0.020000 -0.000000 24.231314 0.000000 0.000000 72.310000 72.310000
3828.302310 -0.040000 0.620000 1.590000 -0.170000 -0.010000 0.030000 26.654110 0.432642 0.000000 86.770000 72.310000
3828.333072 0.030000 -1.120000 -0.440000 -0.130000 0.010000 -0.010000 25.846511 0.000000 0.000000 77.130000 77.130000
3828.360519 0.560000 0.490000 -1.110000 0.110000 0.020000 0.030000 26.292198 0.000000 0.000000 78.460000 78.460000
3828.389927 -0.100000 0.360000 0.070000 0.070000 -0.020000 -0.030000 29.884505 0.144214 0.000000 91.590000 86.770000
3828.417702 -0.280000 0.090000 0.130000 -0.050000 -0.110000 0.020000 26.292198 0.000000 0.000000 78.460000 78.460000
3828.454254 0.640000 0.730000 0.910000 -0.030000 -0.080000 -0.080000 28.269307 -0.144214 0.000000 81.950000 86.770000
3828.491546 -0.300000 -0.440000 0.290000 -0.040000 0.040000 0.040000 29.076906 0.000000 0.000000 86.770000 86.770000
3828.521213 -0.070000 0.130000 -1.880000 -0.030000 -0.040000 0.010000 29.386877 0.276161 0.000000 92.310000 83.080000
3828.548325 0.760000 -0.360000 -1.300000 0.220000 -0.090000 0.010000 27.838700 -0.276161 0.000000 78.460000 87.690000
3828.583510 -0.130000 0.250000 1.230000 -0.170000 0.040000 -0.020000 28.269307 0.144214 0.000000 86.770000 81.950000
3828.619391 -0.490000 0.150000 0.680000 -0.040000 0.060000 -0.010000 29.076906 0.000000 0.000000 86.770000 86.770000
3828.653788 -0.630000 -1.120000 0.530000 -0.020000 0.020000 -0.040000 27.838700 0.276161 0.000000 87.690000 78.460000
3828.689853 0.380000 0.120000 -0.170000 -0.010000 -0.080000 -0.020000 29.076906 0.000000 0.000000 86.770000 86.770000
3828.719595 -0.040000 0.050000 0.880000 -0.150000 -0.050000 0.010000 30.692104 0.000000 0.000000 91.590000 91.590000
3828.754226 0.470000 0.400000 -0.830000 -0.030000 -0.070000 0.060000 28.269307 0.144214 0.000000 86.770000 81.950000
3828.787068 0.670000 -0.150000 -0.590000 0.220000 -0.000000 -0.050000 27.840375 0.000000 0.000000 83.080000 83.080000
3828.821944 0.050000 -0.470000 2.120000 -0.040000 0.020000 -0.050000 29.076906 0.000000 0.000000 86.770000 86.770000
3828.848851 0.830000 0.470000 -1.270000 -0.020000 0.040000 0.040000 28.612788 -0.137931 0.000000 83.080000 87.690000
3828.884389 -0.320000 0.160000 1.150000 0.080000 -0.070000 0.010000 28.269307 0.144214 0.000000 86.770000 81.950000
3828.919124 -0.560000 -0.060000 -2.130000 0.090000 -0.000000 0.020000 29.076906 0.000000 0.000000 86.770000 86.770000
3828.947384 0.160000 -0.280000 2.960000 0.120000 -0.030000 0.010000 29.884505 0.144214 0.000000 91.590000 86.770000
3828.979314 -0.470000 -0.060000 1.060000 -0.040000 -0.020000 0.010000 27.840375 0.000000 0.000000 83.080000 83.080000
3829.009355 -0.260000 0.620000 -0.750000 0.090000 -0.070000 -0.020000 29.076906 0.288428 0.000000 91.590000 81.950000
3829.041968 0.080000 0.630000 1.040000 -0.120000 -0.090000 -0.070000 29.884505 -0.144214 0.000000 86.770000 91.590000
3829.070231 -0.450000 0.330000 -1.170000 0.060000 -0.040000 0.070000 27.840375 0.000000 0.000000 83.080000 83.080000
3829.096697 0.050000 -0.310000 0.020000 0.010000 0.050000 -0.050000 29.884505 0.432642 0.000000 96.410000 81.950000
3829.133111 -0.880000 -0.730000 -1.620000 0.060000 0.030000 0.010000 29.884505 0.144214 0.000000 91.590000 86.770000
3829.169467 0.600000 -0.200000 0.510000 0.170000 -0.030000 0.030000 29.076906 0.000000 0.000000 86.770000 86.770000
3829.197957 0.070000 -0.180000 0.830000 -0.170000 -0.010000 0.030000 28.612788 0.137931 0.000000 87.690000 83.080000
3829.233650 -0.770000 -0.440000 -1.160000 -0.100000 0.070000 0.050000 29.076906 0.000000 0.000000 86.770000 86.770000
3829.264989 0.420000 -0.070000 0.420000 0.040000 0.060000 -0.110000 27.840375 0.000000 0.000000 83.080000 83.080000
3829.299426 0.260000 -0.010000 0.950000 0.000000 -0.040000 -0.010000 27.461709 0.000000 0.000000 81.950000 81.950000
3829.326801 -0.110000 0.500000 0.680000 -0.240000 -0.060000 -0.050000 29.884505 0.432642 0.000000 96.410000 81.950000
3829.366194 0.360000 0.520000 -0.070000 -0.120000 -0.060000 0.020000 29.076906 0.000000 0.000000 86.770000 86.770000
3829.396611 0.240000 -0.530000 -1.710000 0.170000 0.050000 0.080000 28.612788 0.137931 0.000000 87.690000 83.080000
3829.434005 0.470000 0.240000 0.620000 0.080000 0.060000 -0.070000 29.076906 0.000000 0.000000 86.770000 86.770000
3829.466929 -0.110000 -0.460000 0.030000 -0.040000 -0.020000 -0.020000 29.884505 -0.144214 0.000000 86.770000 91.590000
3829.503110 0.260000 -0.040000 1.740000 0.010000 -0.130000 0.020000 26.293874 0.276161 0.000000 83.080000 73.850000
3829.535518 -0.200000 -0.380000 -1.200000 0.050000 -0.050000 0.040000 27.840375 0.000000 0.000000 83.080000 83.080000
3829.573502 -0.600000 -0.310000 -0.560000 0.190000 -0.040000 0.040000 27.461709 0.000000 0.000000 81.950000 81.950000
3829.609549 -0.230000 -0.860000 1.690000 -0.110000 0.000000 0.050000 25.038912 -0.432642 0.000000 67.490000 81.950000
3829.639411 -0.260000 0.270000 -2.930000 -0.100000 -0.020000 -0.020000 21.652694 -0.828483 0.000000 50.770000 78.460000
3829.678166 -0.170000 -2.540000 1.520000 0.010000 0.100000 -0.480000 20.999243 -1.154012 0.000000 43.380000 81.950000
3829.714955 0.100000 0.270000 0.380000 -0.090000 0.080000 -0.630000 17.785603 -0.966713 0.000000 36.920000 69.230000
3829.748593 0.150000 -0.520000 0.860000 -0.170000 -0.030000 -0.860000 14.538453 -1.154012 0.000000 24.100000 62.670000
3829.783914 0.660000 0.320000 -0.240000 0.070000 0.140000 -0.890000 12.115657 -1.586654 0.000000 9.640000 62.670000
3829.817392 -0.210000 0.430000 -0.520000 -0.020000 -0.010000 -1.210000 8.885262 -1.586654 0.000000 0.000000 53.030000
3829.852547 -0.220000 0.780000 -0.810000 -0.010000 -0.110000 -1.410000 7.732507 -1.380805 0.000000 0.000000 46.150000
3829.879461 0.850000 0.840000 -0.380000 -0.020000 0.040000 -1.420000 7.268389 -1.297927 0.000000 0.000000 43.380000
3829.912877 -0.460000 0.460000 -0.400000 -0.030000 -0.050000 -1.290000 7.270064 -1.586654 0.000000 -4.820000 48.210000
3829.941923 -0.260000 0.790000 0.300000 -0.040000 -0.010000 -1.410000 6.186005 -1.381104 0.000000 -4.620000 41.540000
3829.975092 0.140000 0.510000 -0.490000 -0.040000 -0.010000 -1.410000 3.865416 -1.519035 0.000000 -13.850000 36.920000
3830.008560 -0.030000 0.030000 -0.150000 -0.030000 -0.020000 -1.460000 5.653191 -1.586355 0.000000 -9.640000 43.380000
3830.043562 -0.210000 0.420000 0.200000 -0.010000 -0.030000 -1.510000 4.037994 -1.586355 0.000000 -14.460000 38.560000
3830.078799 -0.210000 -0.230000 -0.020000 -0.050000 -0.020000 -1.530000 2.320590 -1.519035 0.000000 -18.460000 32.310000
3830.112620 -0.040000 -0.110000 0.050000 -0.010000 -0.020000 -1.540000 2.422796 -1.297927 0.000000 -14.460000 28.920000
3830.143373 0.000000 -0.020000 -0.110000 -0.030000 -0.000000 -1.610000 3.230395 -1.730569 0.000000 -19.280000 38.560000
3830.177205 0.020000 0.070000 -0.230000 -0.010000 -0.040000 -1.670000 4.037994 -1.586355 0.000000 -14.460000 38.560000
3830.213394 -0.280000 -0.030000 0.480000 0.000000 -0.040000 -1.690000 0.000000 -2.018997 0.000000 -33.740000 33.740000
3830.248358 -0.200000 0.250000 -0.230000 -0.030000 -0.030000 -1.620000 2.422796 -1.874783 0.000000 -24.100000 38.560000
3830.282289 0.040000 0.010000 -0.230000 -0.020000 -0.020000 -1.740000 1.546501 -2.209587 0.000000 -32.310000 41.540000
3830.312965 -0.330000 0.040000 -0.390000 -0.010000 -0.040000 -1.730000 1.615198 -2.018997 0.000000 -28.920000 38.560000
3830.342264 0.430000 0.040000 0.590000 -0.020000 -0.010000 -1.790000 0.807599 -1.874783 0.000000 -28.920000 33.740000
3830.371383 0.400000 0.460000 -0.520000 0.010000 0.010000 -1.760000 3.093003 -1.933426 0.000000 -23.080000 41.540000
3830.399054 -0.410000 -0.260000 -0.050000 -0.020000 0.000000 -1.770000 1.546501 -1.933127 0.000000 -27.690000 36.920000
3830.436956 0.050000 0.450000 0.470000 -0.010000 -0.020000 -1.740000 0.000000 -2.018997 0.000000 -33.740000 33.740000
3830.469019 0.410000 -0.180000 0.330000 -0.030000 -0.020000 -1.790000 1.615198 -1.730569 0.000000 -24.100000 33.740000
3830.504177 -0.130000 0.020000 -0.140000 0.020000 -0.020000 -1.770000 1.546501 -1.933127 0.000000 -27.690000 36.920000
3830.536355 -0.140000 -0.290000 -0.240000 -0.020000 0.020000 -1.810000 3.230395 -2.018997 0.000000 -24.100000 43.380000
3830.571107 -0.370000 -0.170000 0.390000 -0.000000 0.000000 -1.840000 1.615198 -2.018997 0.000000 -28.920000 38.560000
3830.600179 0.190000 0.130000 -0.110000 -0.000000 0.030000 -1.800000 1.615198 -2.018997 0.000000 -28.920000 38.560000
3830.634016 0.310000 0.210000 0.350000 0.020000 -0.050000 -1.840000 1.615198 -2.018997 0.000000 -28.920000 38.560000
3830.670986 -0.740000 -0.480000 -0.400000 -0.010000 -0.050000 -1.830000 0.807599 -2.163211 0.000000 -33.740000 38.560000
3830.700823 -0.060000 -0.010000 0.060000 -0.030000 -0.040000 -1.870000 1.546501 -1.933127 0.000000 -27.690000 36.920000
3830.730843 -0.020000 -0.140000 -0.150000 -0.020000 -0.030000 -1.780000 2.422796 -1.874783 0.000000 -24.100000 38.560000
3830.759621 0.280000 -0.210000 -0.170000 -0.030000 -0.020000 -1.840000 0.807599 -2.163211 0.000000 -33.740000 38.560000
3830.796188 0.370000 0.240000 0.280000 0.010000 -0.040000 -1.840000 2.320590 -2.071357 0.000000 -27.690000 41.540000
3830.829494 -0.140000 -0.400000 -0.300000 0.000000 -0.020000 -1.890000 1.546501 -1.933127 0.000000 -27.690000 36.920000
3830.860359 -0.660000 0.140000 0.370000 -0.010000 -0.010000 -1.830000 2.422796 -2.163211 0.000000 -28.920000 43.380000
3830.887491 -0.480000 0.130000 0.990000 0.010000 -0.000000 -1.850000 1.615198 -2.018997 0.000000 -28.920000 38.560000
3830.921700 -0.280000 0.080000 -0.300000 0.010000 -0.020000 -1.880000 2.318914 -1.795196 0.000000 -23.080000 36.920000
3830.948689 0.070000 -0.140000 0.510000 0.010000 -0.040000 -1.850000 1.615198 -2.018997 0.000000 -28.920000 38.560000
3830.984495 0.780000 -0.210000 -0.360000 0.000000 -0.010000 -1.860000 2.422796 -2.163211 0.000000 -28.920000 43.380000
3831.019668 -0.140000 -0.440000 -0.270000 -0.000000 -0.050000 -1.900000 2.422796 -1.874783 0.000000 -24.100000 38.560000
3831.054127 -0.160000 0.250000 -0.030000 -0.020000 -0.020000 -1.870000 0.532814 -2.114142 0.000000 -33.740000 36.920000
3831.089537 0.570000 -0.160000 -0.110000 0.010000 -0.020000 -1.820000 1.615198 -2.307425 0.000000 -33.740000 43.380000
3831.118123 1.050000 -0.010000 -0.080000 -0.020000 -0.030000 -1.900000 3.093003 -1.933426 0.000000 -23.080000 41.540000
3831.155269 0.390000 0.220000 -0.490000 0.040000 -0.040000 -1.800000 2.422796 -1.874783 0.000000 -24.100000 38.560000
3831.189699 -0.070000 -0.100000 -0.460000 -0.000000 -0.000000 -1.870000 0.000000 -2.307425 0.000000 -38.560000 38.560000
3831.218862 -1.170000 0.050000 -0.010000 0.010000 -0.040000 -1.700000 1.546501 -1.933127 0.000000 -27.690000 36.920000
3831.253795 0.240000 -0.030000 -0.070000 0.010000 -0.010000 -1.740000 0.000000 -1.933426 0.000000 -32.310000 32.310000
3831.289163 0.460000 0.170000 -0.000000 0.040000 -0.030000 -1.830000 1.615198 -1.442141 0.000000 -19.280000 28.920000
3831.316806 -0.760000 -0.830000 0.280000 -0.020000 -0.010000 -1.770000 1.615198 -2.018997 0.000000 -28.920000 38.560000
3831.351136 -0.320000 0.350000 0.640000 -0.010000 -0.020000 -1.770000 -0.772413 -2.071357 0.000000 -36.920000 32.310000
3831.381410 -0.400000 -0.060000 0.910000 -0.040000 -0.060000 -1.790000 6.462466 -2.019296 0.000000 -14.460000 53.030000
3831.409703 0.570000 0.430000 -0.040000 -0.020000 0.030000 -1.770000 1.615198 -1.730569 0.000000 -24.100000 33.740000
3831.445951 0.010000 -0.040000 -0.470000 -0.020000 -0.070000 -1.760000 1.615198 -1.730569 0.000000 -24.100000 33.740000
3831.480195 0.330000 -0.070000 -0.840000 -0.040000 0.030000 -1.710000 1.546501 -1.933127 0.000000 -27.690000 36.920000
3831.507199 0.350000 0.370000 -0.260000 0.020000 -0.010000 -1.800000 1.615198 -2.018997 0.000000 -28.920000 38.560000
3831.543950 -0.010000 -0.100000 -0.130000 0.020000 -0.060000 -1.880000 1.546501 -1.933127 0.000000 -27.690000 36.920000
3831.579102 0.030000 0.140000 -0.060000 0.010000 -0.020000 -1.760000 2.422796 -1.874783 0.000000 -24.100000 38.560000
3831.607232 0.440000 -0.210000 0.220000 -0.020000 -0.010000 -1.810000 1.615198 -2.018997 0.000000 -28.920000 38.560000
3831.643140 -0.220000 -0.170000 -0.310000 -0.020000 -0.040000 -1.800000 1.615198 -2.018997 0.000000 -28.920000 38.560000
3831.670907 0.380000 0.200000 0.240000 0.010000 -0.050000 -1.770000 1.546501 -2.485449 0.000000 -36.920000 46.150000
3831.700503 -0.220000 -0.180000 -0.260000 0.010000 -0.050000 -1.730000 2.422796 -1.874783 0.000000 -24.100000 38.560000
3831.729512 -0.460000 -0.310000 0.170000 -0.020000 -0.020000 -1.660000 1.615198 -2.018997 0.000000 -28.920000 38.560000
3831.760515 0.440000 0.340000 -0.150000 -0.010000 -0.040000 -1.710000 4.639504 -1.933127 0.000000 -18.460000 46.150000
3831.788806 0.170000 -0.280000 -0.340000 0.010000 -0.030000 -1.770000 3.230395 -1.730569 0.000000 -19.280000 38.560000
3831.825016 -0.350000 0.300000 -0.100000 -0.010000 0.000000 -1.700000 0.807599 -2.163211 0.000000 -33.740000 38.560000
3831.857468 -0.020000 -0.050000 0.090000 0.000000 -0.010000 -1.740000 2.422796 -1.874783 0.000000 -24.100000 38.560000
3831.895068 -0.490000 0.330000 0.440000 -0.040000 -0.040000 -1.720000 2.318914 -1.795196 0.000000 -23.080000 36.920000
3831.927035 0.030000 -0.310000 0.460000 -0.000000 -0.030000 -1.720000 1.615198 -2.018997 0.000000 -28.920000 38.560000
3831.962284 -0.070000 -0.330000 0.630000 -0.070000 0.070000 -1.710000 1.546501 -1.933127 0.000000 -27.690000 36.920000
3831.996990 0.060000 0.220000 -0.080000 -0.010000 -0.030000 -1.750000 2.422796 -1.874783 0.000000 -24.100000 38.560000
3832.031524 0.210000 -0.110000 0.470000 -0.010000 -0.020000 -1.780000 1.615198 -2.018997 0.000000 -28.920000 38.560000
3832.060991 -0.220000 -0.320000 0.050000 -0.030000 -0.040000 -1.800000 3.230395 -2.018997 0.000000 -24.100000 43.380000
3832.089699 0.180000 0.280000 0.210000 -0.030000 -0.030000 -1.730000 0.000000 -1.656966 0.000000 -27.690000 27.690000
3832.124917 -0.050000 0.190000 -0.740000 -0.000000 -0.040000 -1.750000 3.230395 -2.018997 0.000000 -24.100000 43.380000
3832.156485 0.490000 -0.000000 0.240000 0.000000 -0.060000 -1.750000 1.615198 -2.018997 0.000000 -28.920000 38.560000
3832.191184 0.040000 -0.390000 -0.630000 -0.010000 -0.030000 -1.740000 2.318914 -1.795196 0.000000 -23.080000 36.920000
3832.218384 0.120000 -0.160000 0.470000 -0.030000 -0.040000 -1.770000 1.546501 -1.933127 0.000000 -27.690000 36.920000
3832.254918 0.510000 0.320000 -0.830000 -0.010000 0.010000 -1.870000 0.807599 -2.163211 0.000000 -33.740000 38.560000
3832.290358 -0.090000 -0.260000 0.130000 -0.020000 -0.030000 -1.940000 1.615198 -2.018997 0.000000 -28.920000 38.560000
3832.318395 -0.160000 0.230000 -0.160000 0.010000 -0.040000 -1.920000 1.546501 -1.657265 0.000000 -23.080000 32.310000
3832.356897 -0.260000 -0.280000 0.220000 -0.020000 -0.020000 -1.970000 3.232071 -2.307724 0.000000 -28.920000 48.210000
3832.392009 -0.410000 0.180000 -0.190000 -0.020000 -0.020000 -2.010000 2.628885 -2.126409 0.000000 -27.690000 43.380000
3832.420902 -0.100000 0.040000 -0.050000 -0.010000 -0.010000 -1.920000 2.422796 -1.874783 0.000000 -24.100000 38.560000
3832.454163 0.570000 0.160000 0.190000 -0.020000 -0.050000 -1.970000 1.615198 -2.307425 0.000000 -33.740000 43.380000
3832.491943 -0.350000 0.140000 -0.140000 0.000000 -0.030000 -1.980000 2.422796 -2.163211 0.000000 -28.920000 43.380000
3832.525212 -0.150000 -0.200000 -0.080000 -0.020000 -0.030000 -1.930000 2.320590 -2.071357 0.000000 -27.690000 41.540000
3832.560223 -0.280000 0.140000 0.210000 0.010000 -0.030000 -1.960000 4.037994 -1.874783 0.000000 -19.280000 43.380000
3832.591126 -0.710000 0.030000 0.050000 -0.020000 -0.060000 -1.850000 2.422796 -2.163211 0.000000 -28.920000 43.380000
3832.626985 0.830000 0.450000 -0.100000 0.000000 -0.050000 -1.880000 1.546501 -1.933127 0.000000 -27.690000 36.920000
3832.663566 -0.210000 -0.420000 -0.620000 -0.020000 -0.030000 -1.810000 1.546501 -1.933127 0.000000 -27.690000 36.920000
3832.696046 -0.110000 0.100000 -0.150000 -0.000000 -0.030000 -1.750000 4.037994 -1.297927 0.000000 -9.640000 33.740000
3832.733972 0.720000 0.200000 -0.060000 -0.010000 -0.010000 -1.800000 1.615198 -2.018997 0.000000 -28.920000 38.560000
3832.769357 -0.190000 -0.240000 0.460000 0.020000 -0.080000 -1.830000 1.546501 -1.933127 0.000000 -27.690000 36.920000
3832.807214 -0.550000 0.300000 -0.230000 0.000000 -0.000000 -1.780000 2.422796 -1.874783 0.000000 -24.100000 38.560000
3832.843457 0.390000 -0.290000 -0.090000 0.010000 -0.010000 -1.840000 -1.615198 -1.442141 0.000000 -28.920000 19.280000
3832.875027 0.030000 0.520000 0.490000 -0.010000 -0.030000 -1.840000 1.615198 -2.018997 0.000000 -28.920000 38.560000
3832.913014 -0.000000 -0.420000 0.110000 -0.000000 -0.060000 -1.890000 2.422796 -2.163211 0.000000 -28.920000 43.380000
3832.940118 -0.660000 0.110000 0.010000 0.010000 -0.070000 -1.870000 2.422796 -2.163211 0.000000 -28.920000 43.380000
3832.971358 -0.530000 -0.010000 -0.020000 -0.020000 -0.020000 -1.800000 1.546501 -1.933127 0.000000 -27.690000 36.920000
3833.000165 0.840000 0.160000 0.110000 -0.020000 -0.060000 -1.870000 0.807599 -1.874783 0.000000 -28.920000 33.740000
3833.037327 -0.220000 -0.350000 -0.280000 -0.020000 -0.020000 -1.790000 2.422796 -2.163211 0.000000 -28.920000 43.380000
3833.073868 0.380000 -0.260000 0.310000 -0.020000 -0.010000 -1.880000 2.318914 -1.795196 0.000000 -23.080000 36.920000
3833.107512 -0.280000 0.200000 -0.190000 -0.020000 -0.040000 -1.890000 2.320590 -2.071357 0.000000 -27.690000 41.540000
3833.143094 -0.090000 -0.170000 0.180000 -0.020000 0.010000 -1.850000 1.615198 -2.018997 0.000000 -28.920000 38.560000
3833.171581 0.440000 0.540000 0.060000 0.010000 -0.030000 -1.830000 1.615198 -2.018997 0.000000 -28.920000 38.560000
3833.200465 0.170000 -0.550000 1.310000 0.030000 -0.050000 -1.880000 1.546501 -1.933127 0.000000 -27.690000 36.920000
3833.229818 -0.120000 0.030000 0.290000 -0.040000 0.010000 -1.860000 1.615198 -2.018997 0.000000 -28.920000 38.560000
3833.265681 0.220000 -0.170000 0.060000 -0.020000 -0.040000 -1.880000 2.422796 -2.163211 0.000000 -28.920000 43.380000
3833.300188 -0.180000 0.090000 0.120000 -0.050000 -0.010000 -1.770000 3.230395 -1.730569 0.000000 -19.280000 38.560000
3833.329533 0.320000 0.030000 -0.460000 -0.020000 -0.040000 -1.770000 2.422796 -2.163211 0.000000 -28.920000 43.380000
3833.365142 0.070000 0.130000 -0.120000 -0.000000 -0.020000 -1.840000 1.615198 -2.018997 0.000000 -28.920000 38.560000
3833.401700 -0.290000 -0.230000 -0.330000 -0.020000 0.010000 -1.770000 1.546501 -1.933127 0.000000 -27.690000 36.920000
3833.430328 0.220000 0.170000 0.210000 -0.020000 -0.030000 -1.820000 1.615198 -2.018997 0.000000 -28.920000 38.560000
3833.459610 0.370000 -0.020000 -0.420000 -0.000000 -0.010000 -1.820000 3.230395 -2.018997 0.000000 -24.100000 43.380000
3833.489107 0.090000 -0.190000 0.020000 -0.010000 -0.010000 -1.810000 0.774088 -2.347518 0.000000 -36.920000 41.540000
3833.517497 0.430000 0.100000 -0.370000 0.000000 -0.040000 -1.830000 3.093003 -1.933426 0.000000 -23.080000 41.540000
3833.552558 -0.570000 -0.590000 -0.120000 -0.050000 -0.030000 -1.880000 1.615198 -2.018997 0.000000 -28.920000 38.560000
3833.581324 -0.440000 0.210000 0.180000 -0.010000 -0.030000 -1.890000 2.422796 -2.163211 0.000000 -28.920000 43.380000
3833.610955 0.140000 -0.050000 -0.270000 -0.010000 0.010000 -1.870000 1.546501 -1.933127 0.000000 -27.690000 36.920000
3833.639361 -0.400000 0.520000 0.300000 -0.000000 -0.000000 -1.820000 0.000000 -2.307425 0.000000 -38.560000 38.560000
3833.674604 -0.070000 0.210000 -0.040000 0.000000 -0.020000 -1.780000 1.615198 -2.018997 0.000000 -28.920000 38.560000
3833.709910 -0.140000 -0.040000 0.530000 0.000000 -0.030000 -1.810000 2.422796 -1.874783 0.000000 -24.100000 38.560000
3833.740497 -0.510000 0.160000 -0.300000 -0.000000 0.010000 -1.700000 1.546501 -1.933127 0.000000 -27.690000 36.920000
3833.767973 -0.040000 0.520000 0.170000 -0.010000 -0.020000 -1.730000 2.422796 -1.874783 0.000000 -24.100000 38.560000
3833.806977 -0.130000 -0.400000 -0.320000 -0.010000 -0.030000 -1.760000 1.546501 -1.933127 0.000000 -27.690000 36.920000
3833.843842 -0.140000 0.020000 -0.690000 -0.040000 0.010000 -1.770000 1.615198 -2.018997 0.000000 -28.920000 38.560000
3833.877104 0.270000 -0.050000 -0.310000 0.010000 -0.030000 -1.740000 0.807599 -1.874783 0.000000 -28.920000 33.740000
3833.911670 -0.380000 0.140000 0.200000 -0.050000 -0.020000 -1.760000 1.546501 -1.933127 0.000000 -27.690000 36.920000
3833.941411 0.050000 -0.170000 -0.310000 0.010000 -0.040000 -1.760000 1.546501 -1.933127 0.000000 -27.690000 36.920000
3833.969988 0.030000 -0.080000 -0.390000 -0.010000 -0.030000 -1.790000 1.615198 -1.730569 0.000000 -24.100000 33.740000
3833.999544 0.270000 0.020000 -0.110000 -0.010000 -0.010000 -1.690000 0.807599 -1.874783 0.000000 -28.920000 33.740000
3834.037311 0.350000 -0.010000 0.520000 -0.020000 -0.010000 -1.760000 1.546501 -1.933127 0.000000 -27.690000 36.920000
3834.073660 -0.270000 -0.260000 0.100000 0.000000 -0.030000 -1.800000 1.615198 -2.018997 0.000000 -28.920000 38.560000
3834.107467 0.430000 -0.060000 -0.430000 -0.000000 -0.020000 -1.790000 2.422796 -1.874783 0.000000 -24.100000 38.560000
3834.143811 0.100000 -0.240000 0.190000 0.010000 -0.000000 -1.720000 0.807599 -1.874783 0.000000 -28.920000 33.740000
3834.179878 0.270000 0.030000 -0.170000 -0.040000 0.000000 -1.720000 1.546501 -1.657265 0.000000 -23.080000 32.310000
3834.212600 0.660000 0.200000 0.510000 0.010000 -0.040000 -1.740000 0.000000 -2.018997 0.000000 -33.740000 33.740000
3834.240889 0.100000 -0.070000 -0.190000 -0.000000 -0.040000 -1.790000 1.546501 -1.933127 0.000000 -27.690000 36.920000
3834.272259 -0.470000 -0.310000 0.410000 -0.010000 -0.000000 -1.680000 1.615198 -1.730569 0.000000 -24.100000 33.740000
3834.301963 0.500000 0.100000 -0.180000 -0.030000 -0.000000 -1.730000 1.615198 -2.018997 0.000000 -28.920000 38.560000
3834.331308 -0.600000 -0.190000 0.150000 -0.010000 -0.040000 -1.740000 1.615198 -2.018997 0.000000 -28.920000 38.560000
3834.360387 0.080000 -0.110000 -0.120000 -0.000000 -0.020000 -1.780000 1.546501 -1.933127 0.000000 -27.690000 36.920000
3834.390000 -0.100000 0.000000 0.250000 -0.010000 -0.040000 -1.740000 0.807599 -1.874783 0.000000 -28.920000 33.740000
3834.424661 -0.410000 0.080000 -0.430000 -0.020000 -0.010000 -1.750000 1.615198 -2.018997 0.000000 -28.920000 38.560000
3834.461229 -0.340000 0.490000 0.210000 -0.010000 -0.040000 -1.730000 1.546501 -1.933127 0.000000 -27.690000 36.920000
3834.490908 -0.310000 -0.170000 0.490000 0.020000 -0.040000 -1.750000 1.340413 -1.969928 0.000000 -28.920000 36.920000
3834.519514 -0.180000 0.220000 0.570000 -0.030000 0.020000 -1.730000 2.422796 -2.163211 0.000000 -28.920000 43.380000
3834.554580 0.200000 0.240000 -0.140000 0.010000 -0.030000 -1.740000 0.807599 -1.874783 0.000000 -28.920000 33.740000
3834.593405 -0.040000 0.060000 0.100000 0.010000 -0.010000 -1.770000 2.320590 -1.519035 0.000000 -18.460000 32.310000
3834.627248 0.260000 0.250000 0.020000 -0.020000 -0.010000 -1.780000 1.615198 -2.018997 0.000000 -28.920000 38.560000
3834.661079 -0.070000 0.030000 0.110000 0.020000 -0.040000 -1.760000 1.546501 -1.933127 0.000000 -27.690000 36.920000
3834.691840 -0.680000 -0.250000 -0.060000 -0.030000 -0.040000 -1.780000 2.422796 -1.586355 0.000000 -19.280000 33.740000
3834.718991 0.340000 0.500000 -0.110000 0.020000 -0.060000 -1.780000 1.615198 -2.018997 0.000000 -28.920000 38.560000
3834.754587 0.420000 -0.560000 -0.120000 -0.010000 -0.040000 -1.810000 1.615198 -2.018997 0.000000 -28.920000 38.560000
3834.786984 0.150000 0.310000 -0.190000 0.010000 -0.020000 -1.820000 1.546501 -1.657265 0.000000 -23.080000 32.310000
3834.825861 -0.080000 -0.390000 0.010000 -0.020000 -0.020000 -1.820000 1.615198 -2.018997 0.000000 -28.920000 38.560000
3834.863820 0.140000 -0.370000 -0.420000 -0.030000 -0.040000 -1.900000 2.422796 -2.163211 0.000000 -28.920000 43.380000
3834.900163 -0.000000 0.100000 -0.200000 -0.010000 -0.010000 -1.770000 0.772413 -2.071357 0.000000 -32.310000 36.920000
3834.929882 0.740000 -0.210000 0.170000 -0.020000 -0.040000 -1.870000 -0.774088 -1.795196 0.000000 -32.310000 27.690000
3834.959212 -0.020000 0.000000 -0.440000 0.010000 -0.030000 -1.890000 4.037994 -1.874783 0.000000 -19.280000 43.380000
3834.992155 0.030000 -0.200000 -0.030000 -0.020000 0.010000 -1.820000 1.615198 -1.730569 0.000000 -24.100000 33.740000
3835.027234 0.080000 0.250000 -0.140000 0.010000 -0.010000 -1.760000 4.639504 -1.933127 0.000000 -18.460000 46.150000
3835.064871 -0.540000 -0.390000 1.300000 0.020000 -0.050000 -1.820000 1.615198 -2.018997 0.000000 -28.920000 38.560000
3835.097581 0.150000 0.350000 -0.650000 -0.030000 -0.030000 -1.840000 1.615198 -2.018997 0.000000 -28.920000 38.560000
3835.133045 -0.450000 -0.360000 0.510000 0.000000 -0.050000 -1.840000 4.847268 -2.019296 0.000000 -19.280000 48.210000
3835.160147 0.050000 0.160000 0.140000 -0.030000 0.020000 -1.780000 1.615198 -2.018997 0.000000 -28.920000 38.560000
3835.190499 0.180000 0.010000 0.130000 0.010000 -0.050000 -1.810000 1.615198 -2.018997 0.000000 -28.920000 38.560000
3835.219904 -0.300000 -0.320000 -0.100000 -0.040000 -0.060000 -1.810000 1.546501 -1.933127 0.000000 -27.690000 36.920000
3835.255859 -0.340000 -0.230000 0.120000 -0.010000 -0.020000 -1.760000 2.422796 -1.874783 0.000000 -24.100000 38.560000
3835.293268 -0.080000 0.480000 -0.570000 -0.010000 -0.020000 -1.770000 3.230395 -2.018997 0.000000 -24.100000 43.380000
3835.320634 0.380000 0.440000 -0.080000 0.010000 -0.010000 -1.790000 1.546501 -1.933127 0.000000 -27.690000 36.920000
3835.349945 0.500000 -0.080000 -0.060000 -0.010000 -0.030000 -1.870000 1.546501 -1.933127 0.000000 -27.690000 36.920000
3835.379373 -0.500000 -0.470000 0.060000 -0.030000 -0.010000 -1.790000 1.615198 -2.018997 0.000000 -28.920000 38.560000
3835.417442 0.860000 0.410000 -0.270000 -0.040000 -0.010000 -1.830000 0.807599 -2.163211 0.000000 -33.740000 38.560000
3835.451818 0.430000 0.080000 0.110000 0.020000 -0.050000 -1.870000 2.320590 -2.071357 0.000000 -27.690000 41.540000
3835.489132 -0.620000 -0.370000 -0.160000 -0.030000 -0.000000 -1.880000 1.615198 -2.018997 0.000000 -28.920000 38.560000
3835.521061 -0.300000 0.480000 0.320000 0.010000 -0.020000 -1.780000 1.615198 -2.307425 0.000000 -33.740000 43.380000
3835.559469 -0.040000 -0.350000 -0.140000 -0.000000 -0.000000 -1.780000 1.615198 -2.018997 0.000000 -28.920000 38.560000
3835.586435 0.070000 0.570000 0.030000 -0.020000 0.020000 -1.820000 1.615198 -2.018997 0.000000 -28.920000 38.560000
3835.622882 0.350000 -0.270000 0.210000 -0.010000 -0.030000 -1.810000 1.615198 -2.018997 0.000000 -28.920000 38.560000
3835.652233 -0.400000 0.020000 0.160000 -0.040000 -0.020000 -1.820000 2.318914 -1.795196 0.000000 -23.080000 36.920000
3835.679561 -0.350000 0.240000 -0.330000 -0.010000 -0.020000 -1.770000 0.807599 -1.874783 0.000000 -28.920000 33.740000
3835.714032 0.330000 -0.130000 0.110000 -0.020000 -0.010000 -1.830000 1.615198 -2.018997 0.000000 -28.920000 38.560000
3835.752027 0.320000 0.210000 -0.370000 0.010000 -0.020000 -1.760000 1.546501 -1.933127 0.000000 -27.690000 36.920000
3835.788673 0.130000 -0.090000 -0.530000 -0.020000 -0.010000 -1.770000 0.000000 -1.933426 0.000000 -32.310000 32.310000
3835.821451 -0.050000 -0.120000 0.020000 -0.010000 -0.020000 -1.760000 1.615198 -2.018997 0.000000 -28.920000 38.560000
3835.857148 0.090000 0.060000 0.120000 -0.020000 -0.030000 -1.760000 2.422796 -1.874783 0.000000 -24.100000 38.560000
3835.892833 -0.020000 -0.150000 -0.020000 -0.010000 -0.040000 -1.710000 3.093003 -1.933426 0.000000 -23.080000 41.540000
3835.930679 -0.050000 -0.010000 -0.050000 -0.020000 -0.030000 -1.740000 1.615198 -2.018997 0.000000 -28.920000 38.560000
3835.960843 0.080000 -0.040000 -0.240000 -0.010000 0.000000 -1.730000 1.615198 -2.018997 0.000000 -28.920000 38.560000
3835.989729 -0.220000 -0.070000 0.310000 -0.020000 -0.020000 -1.750000 2.422796 -1.874783 0.000000 -24.100000 38.560000
3836.025073 -0.030000 0.400000 -0.060000 0.010000 -0.040000 -1.730000 1.340413 -1.969928 0.000000 -28.920000 36.920000
3836.057157 -0.260000 -0.480000 -0.110000 0.000000 -0.010000 -1.740000 1.615198 -2.018997 0.000000 -28.920000 38.560000
3836.091332 -0.150000 0.130000 0.460000 -0.020000 -0.020000 -1.780000 1.546501 -1.933127 0.000000 -27.690000 36.920000
3836.119060 0.420000 0.020000 0.240000 0.010000 -0.010000 -1.870000 1.615198 -2.018997 0.000000 -28.920000 38.560000
3836.156902 -0.100000 0.080000 -0.300000 -0.020000 -0.020000 -1.950000 2.422796 -1.586355 0.000000 -19.280000 33.740000
3836.193672 0.030000 0.500000 -0.190000 0.010000 -0.000000 -2.000000 0.000000 -2.209288 0.000000 -36.920000 36.920000
3836.226409 0.340000 -0.040000 0.390000 -0.020000 -0.030000 -2.030000 1.546501 -2.209587 0.000000 -32.310000 41.540000
3836.265195 -0.310000 -0.310000 -0.090000 -0.010000 -0.020000 -1.920000 2.422796 -2.163211 0.000000 -28.920000 43.380000
3836.299824 0.700000 0.130000 -0.120000 0.000000 -0.030000 -1.960000 1.615198 -2.307425 0.000000 -33.740000 43.380000
3836.334211 0.370000 0.170000 0.070000 0.030000 -0.040000 -2.030000 3.093003 -1.933426 0.000000 -23.080000 41.540000
3836.366966 -0.780000 -0.580000 -0.310000 -0.030000 -0.010000 -1.980000 1.615198 -2.307425 0.000000 -33.740000 43.380000
3836.402991 0.060000 0.870000 -0.020000 -0.010000 -0.000000 -1.880000 2.422796 -2.163211 0.000000 -28.920000 43.380000
3836.431097 0.560000 -0.110000 0.170000 0.010000 -0.020000 -1.920000 1.615198 -2.018997 0.000000 -28.920000 38.560000
3836.458999 -0.230000 -0.110000 -0.190000 0.010000 -0.040000 -1.930000 1.546501 -2.209587 0.000000 -32.310000 41.540000
3836.490257 -0.300000 0.040000 0.390000 0.020000 -0.050000 -1.820000 1.615198 -2.018997 0.000000 -28.920000 38.560000
3836.525410 0.110000 -0.050000 -0.210000 -0.020000 -0.050000 -1.910000 2.320590 -2.071357 0.000000 -27.690000 41.540000
3836.558882 -0.900000 -0.190000 0.290000 -0.010000 -0.050000 -1.830000 1.615198 -2.018997 0.000000 -28.920000 38.560000
3836.590933 0.120000 -0.140000 0.110000 -0.010000 -0.030000 -1.760000 1.615198 -2.018997 0.000000 -28.920000 38.560000
3836.620972 0.140000 0.230000 0.130000 0.000000 -0.050000 -1.800000 1.821286 -1.982195 0.000000 -27.690000 38.560000
3836.649014 -0.460000 -0.240000 0.340000 -0.000000 -0.030000 -1.790000 2.320590 -2.071357 0.000000 -27.690000 41.540000
3836.683628 -0.010000 0.010000 -0.080000 -0.010000 -0.040000 -1.890000 2.422796 -1.586355 0.000000 -19.280000 33.740000
3836.718447 -0.780000 -0.450000 -0.150000 -0.000000 -0.020000 -1.770000 1.615198 -2.018997 0.000000 -28.920000 38.560000
3836.754540 0.470000 0.180000 0.110000 -0.010000 -0.000000 -1.790000 2.320590 -2.071357 0.000000 -27.690000 41.540000
3836.789466 0.620000 0.140000 0.400000 0.020000 -0.030000 -1.810000 1.615198 -2.018997 0.000000 -28.920000 38.560000
3836.818486 -0.200000 -0.400000 -0.250000 -0.040000 -0.040000 -1.860000 1.615198 -2.018997 0.000000 -28.920000 38.560000
3836.851084 0.160000 0.240000 -0.040000 -0.010000 -0.030000 -1.770000 1.615198 -2.018997 0.000000 -28.920000 38.560000
3836.878957 -0.090000 -0.640000 1.550000 0.010000 -0.040000 -1.820000 2.320590 -2.071357 0.000000 -27.690000 41.540000
3836.915682 -0.280000 0.290000 -0.640000 -0.020000 -0.010000 -1.800000 2.422796 -2.163211 0.000000 -28.920000 43.380000
3836.948922 0.250000 0.060000 0.320000 0.030000 -0.060000 -1.820000 1.546501 -1.933127 0.000000 -27.690000 36.920000
3836.985502 -0.680000 0.120000 -0.150000 -0.010000 -0.000000 -1.810000 1.615198 -2.018997 0.000000 -28.920000 38.560000
3837.022946 0.400000 0.410000 -0.080000 -0.020000 -0.030000 -1.800000 1.615198 -2.018997 0.000000 -28.920000 38.560000
3837.051271 0.160000 0.340000 -0.800000 -0.020000 -0.020000 -1.840000 2.320590 -2.071357 0.000000 -27.690000 41.540000
3837.079914 -0.030000 -0.360000 -0.450000 -0.000000 -0.030000 -1.770000 1.546501 -2.209587 0.000000 -32.310000 41.540000
3837.113946 0.780000 0.430000 -0.690000 -0.020000 -0.030000 -1.800000 1.615198 -2.018997 0.000000 -28.920000 38.560000
3837.146843 -0.160000 -0.500000 -0.150000 0.020000 -0.050000 -1.800000 -0.807599 -2.451639 0.000000 -43.380000 38.560000
3837.183041 -0.040000 0.200000 -0.060000 -0.040000 -0.030000 -1.810000 2.320590 -2.071357 0.000000 -27.690000 41.540000
3837.212820 -0.130000 -0.030000 0.010000 0.000000 -0.030000 -1.750000 1.615198 -2.018997 0.000000 -28.920000 38.560000
3837.240174 -0.250000 -0.070000 -0.260000 -0.020000 -0.040000 -1.770000 0.000000 -1.442141 0.000000 -24.100000 24.100000
3837.269934 -0.170000 0.310000 -0.070000 0.010000 -0.030000 -1.800000 1.615198 -2.018997 0.000000 -28.920000 38.560000
3837.304416 -0.050000 -0.130000 -0.180000 -0.020000 -0.020000 -1.800000 1.546501 -1.933127 0.000000 -27.690000 36.920000
3837.338981 -0.610000 0.040000 0.210000 -0.010000 -0.020000 -1.760000 2.422796 -2.163211 0.000000 -28.920000 43.380000
0.000000 0.000000 0.000000 0.000000 0.000000 0.000000 0.000000 0.000000 0.000000 0.000000 0.000000 0.000000
0.000000 0.000000 0.000000 0.000000 0.000000 0.000000 0.000000 0.000000 0.000000 0.000000 0.000000 0.000000
0.000000 0.000000 0.000000 0.000000 0.000000 0.000000 0.000000 0.000000 0.000000 0.000000 0.000000 0.000000
0.000000 0.000000 0.000000 0.000000 0.000000 0.000000 0.000000 0.000000 0.000000 0.000000 0.000000 0.000000
0.000000 0.000000 0.000000 0.000000 0.000000 0.000000 0.000000 0.000000 0.000000 0.000000 0.000000 0.000000
0.000000 0.000000 0.000000 0.000000 0.000000 0.000000 0.000000 0.000000 0.000000 0.000000 0.000000 0.000000
0.000000 0.000000 0.000000 0.000000 0.000000 0.000000 0.000000 0.000000 0.000000 0.000000 0.000000 0.000000
0.000000 0.000000 0.000000 0.000000 0.000000 0.000000 0.000000 0.000000 0.000000 0.000000 0.000000 0.000000
0.000000 0.000000 0.000000 0.000000 0.000000 0.000000 0.000000 0.000000 0.000000 0.000000 0.000000 0.000000
0.000000 0.000000 0.000000 0.000000 0.000000 0.000000 0.000000 0.000000 0.000000 0.000000 0.000000 0.000000
0.000000 0.000000 0.000000 0.000000 0.000000 0.000000 0.000000 0.000000 0.000000 0.000000 0.000000 0.000000
0.000000 0.000000 0.000000 0.000000 0.000000 0.000000 0.000000 0.000000 0.000000 0.000000 0.000000 0.000000
0.000000 0.000000 0.000000 0.000000 0.000000 0.000000 0.000000 0.000000 0.000000 0.000000 0.000000 0.000000
0.000000 0.000000 0.000000 0.000000 0.000000 0.000000 0.000000 0.000000 0.000000 0.000000 0.000000 0.000000
0.000000 0.000000 0.000000 0.000000 0.000000 0.000000 0.000000 0.000000 0.000000 0.000000 0.000000 0.000000
0.000000 0.000000 0.000000 0.000000 0.000000 0.000000 0.000000 0.000000 0.000000 0.000000 0.000000 0.000000
0.000000 0.000000 0.000000 0.000000 0.000000 0.000000 0.000000 0.000000 0.000000 0.000000 0.000000 0.000000
0.000000 0.000000 0.000000 0.000000 0.000000 0.000000 0.000000 0.000000 0.000000 0.000000 0.000000 0.000000
0.000000 0.000000 0.000000 0.000000 0.000000 0.000000 0.000000 0.000000 0.000000 0.000000 0.000000 0.000000
0.000000 0.000000 0.000000 0.000000 0.000000 0.000000 0.000000 0.000000 0.000000 0.000000 0.000000 0.000000
0.000000 0.000000 0.000000 0.000000 0.000000 0.000000 0.000000 0.000000 0.000000 0.000000 0.000000 0.000000
0.000000 0.000000 0.000000 0.000000 0.000000 0.000000 0.000000 0.000000 0.000000 0.000000 0.000000 0.000000
0.000000 0.000000 0.000000 0.000000 0.000000 0.000000 0.000000 0.000000 0.000000 0.000000 0.000000 0.000000
0.000000 0.000000 0.000000 0.000000 0.000000 0.000000 0.000000 0.000000 0.000000 0.000000 0.000000 0.000000
0.000000 0.000000 0.000000 0.000000 0.000000 0.000000 0.000000 0.000000 0.000000 0.000000 0.000000 0.000000
0.000000 0.000000 0.000000 0.000000 0.000000 0.000000 0.000000 0.000000 0.000000 0.000000 0.000000 0.000000
0.000000 0.000000 0.000000 0.000000 0.000000 0.000000 0.000000 0.000000 0.000000 0.000000 0.000000 0.000000
0.000000 0.000000 0.000000 0.000000 0.000000 0.000000 0.000000 0.000000 0.000000 0.000000 0.000000 0.000000
0.000000 0.000000 0.000000 0.000000 0.000000 0.000000 0.000000 0.000000 0.000000 0.000000 0.000000 0.000000
0.000000 0.000000 0.000000 0.000000 0.000000 0.000000 0.000000 0.000000 0.000000 0.000000 0.000000 0.000000
0.000000 0.000000 0.000000 0.000000 0.000000 0.000000 0.000000 0.000000 0.000000 0.000000 0.000000 0.000000
0.000000 0.000000 0.000000 0.000000 0.000000 0.000000 0.000000 0.000000 0.000000 0.000000 0.000000 0.000000
0.000000 0.000000 0.000000 0.000000 0.000000 0.000000 0.000000 0.000000 0.000000 0.000000 0.000000 0.000000
0.000000 0.000000 0.000000 0.000000 0.000000 0.000000 0.000000 0.000000 0.000000 0.000000 0.000000 0.000000
0.000000 0.000000 0.000000 0.000000 0.000000 0.000000 0.000000 0.000000 0.000000 0.000000 0.000000 0.000000
0.000000 0.000000 0.000000 0.000000 0.000000 0.000000 0.000000 0.000000 0.000000 0.000000 0.000000 0.000000
0.000000 0.000000 0.000000 0.000000 0.000000 0.000000 0.000000 0.000000 0.000000 0.000000 0.000000 0.000000
0.000000 0.000000 0.000000 0.000000 0.000000 0.000000 0.000000 0.000000 0.000000 0.000000 0.000000 0.000000
0.000000 0.000000 0.000000 0.000000 0.000000 0.000000 0.000000 0.000000 0.000000 0.000000 0.000000 0.000000
0.000000 0.000000 0.000000 0.000000 0.000000 0.000000 0.000000 0.000000 0.000000 0.000000 0.000000 0.000000
0.000000 0.000000 0.000000 0.000000 0.000000 0.000000 0.000000 0.000000 0.000000 0.000000 0.000000 0.000000
0.000000 0.000000 0.000000 0.000000 0.000000 0.000000 0.000000 0.000000 0.000000 0.000000 0.000000 0.000000
0.000000 0.000000 0.000000 0.000000 0.000000 0.000000 0.000000 0.000000 0.000000 0.000000 0.000000 0.000000
0.000000 0.000000 0.000000 0.000000 0.000000 0.000000 0.000000 0.000000 0.000000 0.000000 0.000000 0.000000
0.000000 0.000000 0.000000 0.000000 0.000000 0.000000 0.000000 0.000000 0.000000 0.000000 0.000000 0.000000
0.000000 0.000000 0.000000 0.000000 0.000000 0.000000 0.000000 0.000000 0.000000 0.000000 0.000000 0.000000
0.000000 0.000000 0.000000 0.000000 0.000000 0.000000 0.000000 0.000000 0.000000 0.000000 0.000000 0.000000
0.000000 0.000000 0.000000 0.000000 0.000000 0.000000 0.000000 0.000000 0.000000 0.000000 0.000000 0.000000
0.000000 0.000000 0.000000 0.000000 0.000000 0.000000 0.000000 0.000000 0.000000 0.000000 0.000000 0.000000
0.000000 0.000000 0.000000 0.000000 0.000000 0.000000 0.000000 0.000000 0.000000 0.000000 0.000000 0.000000
0.000000 0.000000 0.000000 0.000000 0.000000 0.000000 0.000000 0.000000 0.000000 0.000000 0.000000 0.000000
0.000000 0.000000 0.000000 0.000000 0.000000 0.000000 0.000000 0.000000 0.000000 0.000000 0.000000 0.000000
0.000000 0.000000 0.000000 0.000000 0.000000 0.000000 0.000000 0.000000 0.000000 0.000000 0.000000 0.000000
0.000000 0.000000 0.000000 0.000000 0.000000 0.000000 0.000000 0.000000 0.000000 0.000000 0.000000 0.000000
0.000000 0.000000 0.000000 0.000000 0.000000 0.000000 0.000000 0.000000 0.000000 0.000000 0.000000 0.000000
0.000000 0.000000 0.000000 0.000000 0.000000 0.000000 0.000000 0.000000 0.000000 0.000000 0.000000 0.000000
0.000000 0.000000 0.000000 0.000000 0.000000 0.000000 0.000000 0.000000 0.000000 0.000000 0.000000 0.000000
0.000000 0.000000 0.000000 0.000000 0.000000 0.000000 0.000000 0.000000 0.000000 0.000000 0.000000 0.000000
0.000000 0.000000 0.000000 0.000000 0.000000 0.000000 0.000000 0.000000 0.000000 0.000000 0.000000 0.000000
0.000000 0.000000 0.000000 0.000000 0.000000 0.000000 0.000000 0.000000 0.000000 0.000000 0.000000 0.000000
0.000000 0.000000 0.000000 0.000000 0.000000 0.000000 0.000000 0.000000 0.000000 0.000000 0.000000 0.000000
0.000000 0.000000 0.000000 0.000000 0.000000 0.000000 0.000000 0.000000 0.000000 0.000000 0.000000 0.000000
0.000000 0.000000 0.000000 0.000000 0.000000 0.000000 0.000000 0.000000 0.000000 0.000000 0.000000 0.000000
0.000000 0.000000 0.000000 0.000000 0.000000 0.000000 0.000000 0.000000 0.000000 0.000000 0.000000 0.000000
0.000000 0.000000 0.000000 0.000000 0.000000 0.000000 0.000000 0.000000 0.000000 0.000000 0.000000 0.000000
0.000000 0.000000 0.000000 0.000000 0.000000 0.000000 0.000000 0.000000 0.000000 0.000000 0.000000 0.000000
0.000000 0.000000 0.000000 0.000000 0.000000 0.000000 0.000000 0.000000 0.000000 0.000000 0.000000 0.000000
0.000000 0.000000 0.000000 0.000000 0.000000 0.000000 0.000000 0.000000 0.000000 0.000000 0.000000 0.000000
0.000000 0.000000 0.000000 0.000000 0.000000 0.000000 0.000000 0.000000 0.000000 0.000000 0.000000 0.000000
0.000000 0.000000 0.000000 0.000000 0.000000 0.000000 0.000000 0.000000 0.000000 0.000000 0.000000 0.000000
0.000000 0.000000 0.000000 0.000000 0.000000 0.000000 0.000000 0.000000 0.000000 0.000000 0.000000 0.000000
0.000000 0.000000 0.000000 0.000000 0.000000 0.000000 0.000000 0.000000 0.000000 0.000000 0.000000 0.000000
0.000000 0.000000 0.000000 0.000000 0.000000 0.000000 0.000000 0.000000 0.000000 0.000000 0.000000 0.000000
0.000000 0.000000 0.000000 0.000000 0.000000 0.000000 0.000000 0.000000 0.000000 0.000000 0.000000 0.000000
0.000000 0.000000 0.000000 0.000000 0.000000 0.000000 0.000000 0.000000 0.000000 0.000000 0.000000 0.000000
0.000000 0.000000 0.000000 0.000000 0.000000 0.000000 0.000000 0.000000 0.000000 0.000000 0.000000 0.000000
0.000000 0.000000 0.000000 0.000000 0.000000 0.000000 0.000000 0.000000 0.000000 0.000000 0.000000 0.000000
0.000000 0.000000 0.000000 0.000000 0.000000 0.000000 0.000000 0.000000 0.000000 0.000000 0.000000 0.000000
0.000000 0.000000 0.000000 0.000000 0.000000 0.000000 0.000000 0.000000 0.000000 0.000000 0.000000 0.000000
0.000000 0.000000 0.000000 0.000000 0.000000 0.000000 0.000000 0.000000 0.000000 0.000000 0.000000 0.000000
0.000000 0.000000 0.000000 0.000000 0.000000 0.000000 0.000000 0.000000 0.000000 0.000000 0.000000 0.000000
0.000000 0.000000 0.000000 0.000000 0.000000 0.000000 0.000000 0.000000 0.000000 0.000000 0.000000 0.000000
0.000000 0.000000 0.000000 0.000000 0.000000 0.000000 0.000000 0.000000 0.000000 0.000000 0.000000 0.000000
0.000000 0.000000 0.000000 0.000000 0.000000 0.000000 0.000000 0.000000 0.000000 0.000000 0.000000 0.000000
0.000000 0.000000 0.000000 0.000000 0.000000 0.000000 0.000000 0.000000 0.000000 0.000000 0.000000 0.000000
0.000000 0.000000 0.000000 0.000000 0.000000 0.000000 0.000000 0.000000 0.000000 0.000000 0.000000 0.000000
0.000000 0.000000 0.000000 0.000000 0.000000 0.000000 0.000000 0.000000 0.000000 0.000000 0.000000 0.000000
0.000000 0.000000 0.000000 0.000000 0.000000 0.000000 0.000000 0.000000 0.000000 0.000000 0.000000 0.000000
0.000000 0.000000 0.000000 0.000000 0.000000 0.000000 0.000000 0.000000 0.000000 0.000000 0.000000 0.000000
0.000000 0.000000 0.000000 0.000000 0.000000 0.000000 0.000000 0.000000 0.000000 0.000000 0.000000 0.000000
0.000000 0.000000 0.000000 0.000000 0.000000 0.000000 0.000000 0.000000 0.000000 0.000000 0.000000 0.000000
0.000000 0.000000 0.000000 0.000000 0.000000 0.000000 0.000000 0.000000 0.000000 0.000000 0.000000 0.000000
0.000000 0.000000 0.000000 0.000000 0.000000 0.000000 0.000000 0.000000 0.000000 0.000000 0.000000 0.000000
0.000000 0.000000 0.000000 0.000000 0.000000 0.000000 0.000000 0.000000 0.000000 0.000000 0.000000 0.000000
0.000000 0.000000 0.000000 0.000000 0.000000 0.000000 0.000000 0.000000 0.000000 0.000000 0.000000 0.000000
0.000000 0.000000 0.000000 0.000000 0.000000 0.000000 0.000000 0.000000 0.000000 0.000000 0.000000 0.000000
0.000000 0.000000 0.000000 0.000000 0.000000 0.000000 0.000000 0.000000 0.000000 0.000000 0.000000 0.000000
0.000000 0.000000 0.000000 0.000000 0.000000 0.000000 0.000000 0.000000 0.000000 0.000000 0.000000 0.000000
0.000000 0.000000 0.000000 0.000000 0.000000 0.000000 0.000000 0.000000 0.000000 0.000000 0.000000 0.000000
0.000000 0.000000 0.000000 0.000000 0.000000 0.000000 0.000000 0.000000 0.000000 0.000000 0.000000 0.000000
0.000000 0.000000 0.000000 0.000000 0.000000 0.000000 0.000000 0.000000 0.000000 0.000000 0.000000 0.000000
0.000000 0.000000 0.000000 0.000000 0.000000 0.000000 0.000000 0.000000 0.000000 0.000000 0.000000 0.000000
0.000000 0.000000 0.000000 0.000000 0.000000 0.000000 0.000000 0.000000 0.000000 0.000000 0.000000 0.000000
0.000000 0.000000 0.000000 0.000000 0.000000 0.000000 0.000000 0.000000 0.000000 0.000000 0.000000 0.000000
0.000000 0.000000 0.000000 0.000000 0.000000 0.000000 0.000000 0.000000 0.000000 0.000000 0.000000 0.000000
0.000000 0.000000 0.000000 0.000000 0.000000 0.000000 0.000000 0.000000 0.000000 0.000000 0.000000 0.000000
0.000000 0.000000 0.000000 0.000000 0.000000 0.000000 0.000000 0.000000 0.000000 0.000000 0.000000 0.000000
0.000000 0.000000 0.000000 0.000000 0.000000 0.000000 0.000000 0.000000 0.000000 0.000000 0.000000 0.000000
0.000000 0.000000 0.000000 0.000000 0.000000 0.000000 0.000000 0.000000 0.000000 0.000000 0.000000 0.000000
0.000000 0.000000 0.000000 0.000000 0.000000 0.000000 0.000000 0.000000 0.000000 0.000000 0.000000 0.000000
0.000000 0.000000 0.000000 0.000000 0.000000 0.000000 0.000000 0.000000 0.000000 0.000000 0.000000 0.000000
0.000000 0.000000 0.000000 0.000000 0.000000 0.000000 0.000000 0.000000 0.000000 0.000000 0.000000 0.000000
0.000000 0.000000 0.000000 0.000000 0.000000 0.000000 0.000000 0.000000 0.000000 0.000000 0.000000 0.000000
0.000000 0.000000 0.000000 0.000000 0.000000 0.000000 0.000000 0.000000 0.000000 0.000000 0.000000 0.000000
0.000000 0.000000 0.000000 0.000000 0.000000 0.000000 0.000000 0.000000 0.000000 0.000000 0.000000 0.000000
0.000000 0.000000 0.000000 0.000000 0.000000 0.000000 0.000000 0.000000 0.000000 0.000000 0.000000 0.000000
0.000000 0.000000 0.000000 0.000000 0.000000 0.000000 0.000000 0.000000 0.000000 0.000000 0.000000 0.000000
0.000000 0.000000 0.000000 0.000000 0.000000 0.000000 0.000000 0.000000 0.000000 0.000000 0.000000 0.000000
0.000000 0.000000 0.000000 0.000000 0.000000 0.000000 0.000000 0.000000 0.000000 0.000000 0.000000 0.000000
0.000000 0.000000 0.000000 0.000000 0.000000 0.000000 0.000000 0.000000 0.000000 0.000000 0.000000 0.000000
0.000000 0.000000 0.000000 0.000000 0.000000 0.000000 0.000000 0.000000 0.000000 0.000000 0.000000 0.000000
0.000000 0.000000 0.000000 0.000000 0.000000 0.000000 0.000000 0.000000 0.000000 0.000000 0.000000 0.000000
0.000000 0.000000 0.000000 0.000000 0.000000 0.000000 0.000000 0.000000 0.000000 0.000000 0.000000 0.000000
0.000000 0.000000 0.000000 0.000000 0.000000 0.000000 0.000000 0.000000 0.000000 0.000000 0.000000 0.000000
0.000000 0.000000 0.000000 0.000000 0.000000 0.000000 0.000000 0.000000 0.000000 0.000000 0.000000 0.000000
0.000000 0.000000 0.000000 0.000000 0.000000 0.000000 0.000000 0.000000 0.000000 0.000000 0.000000 0.000000
0.000000 0.000000 0.000000 0.000000 0.000000 0.000000 0.000000 0.000000 0.000000 0.000000 0.000000 0.000000
0.000000 0.000000 0.000000 0.000000 0.000000 0.000000 0.000000 0.000000 0.000000 0.000000 0.000000 0.000000
0.000000 0.000000 0.000000 0.000000 0.000000 0.000000 0.000000 0.000000 0.000000 0.000000 0.000000 0.000000
0.000000 0.000000 0.000000 0.000000 0.000000 0.000000 0.000000 0.000000 0.000000 0.000000 0.000000 0.000000
0.000000 0.000000 0.000000 0.000000 0.000000 0.000000 0.000000 0.000000 0.000000 0.000000 0.000000 0.000000
0.000000 0.000000 0.000000 0.000000 0.000000 0.000000 0.000000 0.000000 0.000000 0.000000 0.000000 0.000000
0.000000 0.000000 0.000000 0.000000 0.000000 0.000000 0.000000 0.000000 0.000000 0.000000 0.000000 0.000000
0.000000 0.000000 0.000000 0.000000 0.000000 0.000000 0.000000 0.000000 0.000000 0.000000 0.000000 0.000000
0.000000 0.000000 0.000000 0.000000 0.000000 0.000000 0.000000 0.000000 0.000000 0.000000 0.000000 0.000000
0.000000 0.000000 0.000000 0.000000 0.000000 0.000000 0.000000 0.000000 0.000000 0.000000 0.000000 0.000000
0.000000 0.000000 0.000000 0.000000 0.000000 0.000000 0.000000 0.000000 0.000000 0.000000 0.000000 0.000000
0.000000 0.000000 0.000000 0.000000 0.000000 0.000000 0.000000 0.000000 0.000000 0.000000 0.000000 0.000000
0.000000 0.000000 0.000000 0.000000 0.000000 0.000000 0.000000 0.000000 0.000000 0.000000 0.000000 0.000000
0.000000 0.000000 0.000000 0.000000 0.000000 0.000000 0.000000 0.000000 0.000000 0.000000 0.000000 0.000000
0.000000 0.000000 0.000000 0.000000 0.000000 0.000000 0.000000 0.000000 0.000000 0.000000 0.000000 0.000000
0.000000 0.000000 0.000000 0.000000 0.000000 0.000000 0.000000 0.000000 0.000000 0.000000 0.000000 0.000000
0.000000 0.000000 0.000000 0.000000 0.000000 0.000000 0.000000 0.000000 0.000000 0.000000 0.000000 0.000000
0.000000 0.000000 0.000000 0.000000 0.000000 0.000000 0.000000 0.000000 0.000000 0.000000 0.000000 0.000000
0.000000 0.000000 0.000000 0.000000 0.000000 0.000000 0.000000 0.000000 0.000000 0.000000 0.000000 0.000000
0.000000 0.000000 0.000000 0.000000 0.000000 0.000000 0.000000 0.000000 0.000000 0.000000 0.000000 0.000000
0.000000 0.000000 0.000000 0.000000 0.000000 0.000000 0.000000 0.000000 0.000000 0.000000 0.000000 0.000000
0.000000 0.000000 0.000000 0.000000 0.000000 0.000000 0.000000 0.000000 0.000000 0.000000 0.000000 0.000000
0.000000 0.000000 0.000000 0.000000 0.000000 0.000000 0.000000 0.000000 0.000000 0.000000 0.000000 0.000000
0.000000 0.000000 0.000000 0.000000 0.000000 0.000000 0.000000 0.000000 0.000000 0.000000 0.000000 0.000000
0.000000 0.000000 0.000000 0.000000 0.000000 0.000000 0.000000 0.000000 0.000000 0.000000 0.000000 0.000000
0.000000 0.000000 0.000000 0.000000 0.000000 0.000000 0.000000 0.000000 0.000000 0.000000 0.000000 0.000000
0.000000 0.000000 0.000000 0.000000 0.000000 0.000000 0.000000 0.000000 0.000000 0.000000 0.000000 0.000000
0.000000 0.000000 0.000000 0.000000 0.000000 0.000000 0.000000 0.000000 0.000000 0.000000 0.000000 0.000000
0.000000 0.000000 0.000000 0.000000 0.000000 0.000000 0.000000 0.000000 0.000000 0.000000 0.000000 0.000000
0.000000 0.000000 0.000000 0.000000 0.000000 0.000000 0.000000 0.000000 0.000000 0.000000 0.000000 0.000000
0.000000 0.000000 0.000000 0.000000 0.000000 0.000000 0.000000 0.000000 0.000000 0.000000 0.000000 0.000000
0.000000 0.000000 0.000000 0.000000 0.000000 0.000000 0.000000 0.000000 0.000000 0.000000 0.000000 0.000000
0.000000 0.000000 0.000000 0.000000 0.000000 0.000000 0.000000 0.000000 0.000000 0.000000 0.000000 0.000000
0.000000 0.000000 0.000000 0.000000 0.000000 0.000000 0.000000 0.000000 0.000000 0.000000 0.000000 0.000000
0.000000 0.000000 0.000000 0.000000 0.000000 0.000000 0.000000 0.000000 0.000000 0.000000 0.000000 0.000000
0.000000 0.000000 0.000000 0.000000 0.000000 0.000000 0.000000 0.000000 0.000000 0.000000 0.000000 0.000000
0.000000 0.000000 0.000000 0.000000 0.000000 0.000000 0.000000 0.000000 0.000000 0.000000 0.000000 0.000000
0.000000 0.000000 0.000000 0.000000 0.000000 0.000000 0.000000 0.000000 0.000000 0.000000 0.000000 0.000000
0.000000 0.000000 0.000000 0.000000 0.000000 0.000000 0.000000 0.000000 0.000000 0.000000 0.000000 0.000000
0.000000 0.000000 0.000000 0.000000 0.000000 0.000000 0.000000 0.000000 0.000000 0.000000 0.000000 0.000000
0.000000 0.000000 0.000000 0.000000 0.000000 0.000000 0.000000 0.000000 0.000000 0.000000 0.000000 0.000000
0.000000 0.000000 0.000000 0.000000 0.000000 0.000000 0.000000 0.000000 0.000000 0.000000 0.000000 0.000000
0.000000 0.000000 0.000000 0.000000 0.000000 0.000000 0.000000 0.000000 0.000000 0.000000 0.000000 0.000000
0.000000 0.000000 0.000000 0.000000 0.000000 0.000000 0.000000 0.000000 0.000000 0.000000 0.000000 0.000000
0.000000 0.000000 0.000000 0.000000 0.000000 0.000000 0.000000 0.000000 0.000000 0.000000 0.000000 0.000000
0.000000 0.000000 0.000000 0.000000 0.000000 0.000000 0.000000 0.000000 0.000000 0.000000 0.000000 0.000000
0.000000 0.000000 0.000000 0.000000 0.000000 0.000000 0.000000 0.000000 0.000000 0.000000 0.000000 0.000000
0.000000 0.000000 0.000000 0.000000 0.000000 0.000000 0.000000 0.000000 0.000000 0.000000 0.000000 0.000000
0.000000 0.000000 0.000000 0.000000 0.000000 0.000000 0.000000 0.000000 0.000000 0.000000 0.000000 0.000000
0.000000 0.000000 0.000000 0.000000 0.000000 0.000000 0.000000 0.000000 0.000000 0.000000 0.000000 0.000000
0.000000 0.000000 0.000000 0.000000 0.000000 0.000000 0.000000 0.000000 0.000000 0.000000 0.000000 0.000000
0.000000 0.000000 0.000000 0.000000 0.000000 0.000000 0.000000 0.000000 0.000000 0.000000 0.000000 0.000000
0.000000 0.000000 0.000000 0.000000 0.000000 0.000000 0.000000 0.000000 0.000000 0.000000 0.000000 0.000000
0.000000 0.000000 0.000000 0.000000 0.000000 0.000000 0.000000 0.000000 0.000000 0.000000 0.000000 0.000000
0.000000 0.000000 0.000000 0.000000 0.000000 0.000000 0.000000 0.000000 0.000000 0.000000 0.000000 0.000000
0.000000 0.000000 0.000000 0.000000 0.000000 0.000000 0.000000 0.000000 0.000000 0.000000 0.000000 0.000000
0.000000 0.000000 0.000000 0.000000 0.000000 0.000000 0.000000 0.000000 0.000000 0.000000 0.000000 0.000000
0.000000 0.000000 0.000000 0.000000 0.000000 0.000000 0.000000 0.000000 0.000000 0.000000 0.000000 0.000000
0.000000 0.000000 0.000000 0.000000 0.000000 0.000000 0.000000 0.000000 0.000000 0.000000 0.000000 0.000000
0.000000 0.000000 0.000000 0.000000 0.000000 0.000000 0.000000 0.000000 0.000000 0.000000 0.000000 0.000000
0.000000 0.000000 0.000000 0.000000 0.000000 0.000000 0.000000 0.000000 0.000000 0.000000 0.000000 0.000000
0.000000 0.000000 0.000000 0.000000 0.000000 0.000000 0.000000 0.000000 0.000000 0.000000 0.000000 0.000000
0.000000 0.000000 0.000000 0.000000 0.000000 0.000000 0.000000 0.000000 0.000000 0.000000 0.000000 0.000000
0.000000 0.000000 0.000000 0.000000 0.000000 0.000000 0.000000 0.000000 0.000000 0.000000 0.000000 0.000000
0.000000 0.000000 0.000000 0.000000 0.000000 0.000000 0.000000 0.000000 0.000000 0.000000 0.000000 0.000000
0.000000 0.000000 0.000000 0.000000 0.000000 0.000000 0.000000 0.000000 0.000000 0.000000 0.000000 0.000000
0.000000 0.000000 0.000000 0.000000 0.000000 0.000000 0.000000 0.000000 0.000000 0.000000 0.000000 0.000000
0.000000 0.000000 0.000000 0.000000 0.000000 0.000000 0.000000 0.000000 0.000000 0.000000 0.000000 0.000000
0.000000 0.000000 0.000000 0.000000 0.000000 0.000000 0.000000 0.000000 0.000000 0.000000 0.000000 0.000000
0.000000 0.000000 0.000000 0.000000 0.000000 0.000000 0.000000 0.000000 0.000000 0.000000 0.000000 0.000000
0.000000 0.000000 0.000000 0.000000 0.000000 0.000000 0.000000 0.000000 0.000000 0.000000 0.000000 0.000000
0.000000 0.000000 0.000000 0.000000 0.000000 0.000000 0.000000 0.000000 0.000000 0.000000 0.000000 0.000000
0.000000 0.000000 0.000000 0.000000 0.000000 0.000000 0.000000 0.000000 0.000000 0.000000 0.000000 0.000000
0.000000 0.000000 0.000000 0.000000 0.000000 0.000000 0.000000 0.000000 0.000000 0.000000 0.000000 0.000000
0.000000 0.000000 0.000000 0.000000 0.000000 0.000000 0.000000 0.000000 0.000000 0.000000 0.000000 0.000000
0.000000 0.000000 0.000000 0.000000 0.000000 0.000000 0.000000 0.000000 0.000000 0.000000 0.000000 0.000000
0.000000 0.000000 0.000000 0.000000 0.000000 0.000000 0.000000 0.000000 0.000000 0.000000 0.000000 0.000000
0.000000 0.000000 0.000000 0.000000 0.000000 0.000000 0.000000 0.000000 0.000000 0.000000 0.000000 0.000000
0.000000 0.000000 0.000000 0.000000 0.000000 0.000000 0.000000 0.000000 0.000000 0.000000 0.000000 0.000000
0.000000 0.000000 0.000000 0.000000 0.000000 0.000000 0.000000 0.000000 0.000000 0.000000 0.000000 0.000000
0.000000 0.000000 0.000000 0.000000 0.000000 0.000000 0.000000 0.000000 0.000000 0.000000 0.000000 0.000000
0.000000 0.000000 0.000000 0.000000 0.000000 0.000000 0.000000 0.000000 0.000000 0.000000 0.000000 0.000000
0.000000 0.000000 0.000000 0.000000 0.000000 0.000000 0.000000 0.000000 0.000000 0.000000 0.000000 0.000000
0.000000 0.000000 0.000000 0.000000 0.000000 0.000000 0.000000 0.000000 0.000000 0.000000 0.000000 0.000000
0.000000 0.000000 0.000000 0.000000 0.000000 0.000000 0.000000 0.000000 0.000000 0.000000 0.000000 0.000000
0.000000 0.000000 0.000000 0.000000 0.000000 0.000000 0.000000 0.000000 0.000000 0.000000 0.000000 0.000000
0.000000 0.000000 0.000000 0.000000 0.000000 0.000000 0.000000 0.000000 0.000000 0.000000 0.000000 0.000000
0.000000 0.000000 0.000000 0.000000 0.000000 0.000000 0.000000 0.000000 0.000000 0.000000 0.000000 0.000000
0.000000 0.000000 0.000000 0.000000 0.000000 0.000000 0.000000 0.000000 0.000000 0.000000 0.000000 0.000000
0.000000 0.000000 0.000000 0.000000 0.000000 0.000000 0.000000 0.000000 0.000000 0.000000 0.000000 0.000000
0.000000 0.000000 0.000000 0.000000 0.000000 0.000000 0.000000 0.000000 0.000000 0.000000 0.000000 0.000000
0.000000 0.000000 0.000000 0.000000 0.000000 0.000000 0.000000 0.000000 0.000000 0.000000 0.000000 0.000000
0.000000 0.000000 0.000000 0.000000 0.000000 0.000000 0.000000 0.000000 0.000000 0.000000 0.000000 0.000000
0.000000 0.000000 0.000000 0.000000 0.000000 0.000000 0.000000 0.000000 0.000000 0.000000 0.000000 0.000000
0.000000 0.000000 0.000000 0.000000 0.000000 0.000000 0.000000 0.000000 0.000000 0.000000 0.000000 0.000000
0.000000 0.000000 0.000000 0.000000 0.000000 0.000000 0.000000 0.000000 0.000000 0.000000 0.000000 0.000000
0.000000 0.000000 0.000000 0.000000 0.000000 0.000000 0.000000 0.000000 0.000000 0.000000 0.000000 0.000000
0.000000 0.000000 0.000000 0.000000 0.000000 0.000000 0.000000 0.000000 0.000000 0.000000 0.000000 0.000000
0.000000 0.000000 0.000000 0.000000 0.000000 0.000000 0.000000 0.000000 0.000000 0.000000 0.000000 0.000000
0.000000 0.000000 0.000000 0.000000 0.000000 0.000000 0.000000 0.000000 0.000000 0.000000 0.000000 0.000000
0.000000 0.000000 0.000000 0.000000 0.000000 0.000000 0.000000 0.000000 0.000000 0.000000 0.000000 0.000000
0.000000 0.000000 0.000000 0.000000 0.000000 0.000000 0.000000 0.000000 0.000000 0.000000 0.000000 0.000000
0.000000 0.000000 0.000000 0.000000 0.000000 0.000000 0.000000 0.000000 0.000000 0.000000 0.000000 0.000000
0.000000 0.000000 0.000000 0.000000 0.000000 0.000000 0.000000 0.000000 0.000000 0.000000 0.000000 0.000000
0.000000 0.000000 0.000000 0.000000 0.000000 0.000000 0.000000 0.000000 0.000000 0.000000 0.000000 0.000000
0.000000 0.000000 0.000000 0.000000 0.000000 0.000000 0.000000 0.000000 0.000000 0.000000 0.000000 0.000000
0.000000 0.000000 0.000000 0.000000 0.000000 0.000000 0.000000 0.000000 0.000000 0.000000 0.000000 0.000000
0.000000 0.000000 0.000000 0.000000 0.000000 0.000000 0.000000 0.000000 0.000000 0.000000 0.000000 0.000000
0.000000 0.000000 0.000000 0.000000 0.000000 0.000000 0.000000 0.000000 0.000000 0.000000 0.000000 0.000000
0.000000 0.000000 0.000000 0.000000 0.000000 0.000000 0.000000 0.000000 0.000000 0.000000 0.000000 0.000000
0.000000 0.000000 0.000000 0.000000 0.000000 0.000000 0.000000 0.000000 0.000000 0.000000 0.000000 0.000000
0.000000 0.000000 0.000000 0.000000 0.000000 0.000000 0.000000 0.000000 0.000000 0.000000 0.000000 0.000000
0.000000 0.000000 0.000000 0.000000 0.000000 0.000000 0.000000 0.000000 0.000000 0.000000 0.000000 0.000000
0.000000 0.000000 0.000000 0.000000 0.000000 0.000000 0.000000 0.000000 0.000000 0.000000 0.000000 0.000000
0.000000 0.000000 0.000000 0.000000 0.000000 0.000000 0.000000 0.000000 0.000000 0.000000 0.000000 0.000000
0.000000 0.000000 0.000000 0.000000 0.000000 0.000000 0.000000 0.000000 0.000000 0.000000 0.000000 0.000000
0.000000 0.000000 0.000000 0.000000 0.000000 0.000000 0.000000 0.000000 0.000000 0.000000 0.000000 0.000000
0.000000 0.000000 0.000000 0.000000 0.000000 0.000000 0.000000 0.000000 0.000000 0.000000 0.000000 0.000000
0.000000 0.000000 0.000000 0.000000 0.000000 0.000000 0.000000 0.000000 0.000000 0.000000 0.000000 0.000000
0.000000 0.000000 0.000000 0.000000 0.000000 0.000000 0.000000 0.000000 0.000000 0.000000 0.000000 0.000000
0.000000 0.000000 0.000000 0.000000 0.000000 0.000000 0.000000 0.000000 0.000000 0.000000 0.000000 0.000000
0.000000 0.000000 0.000000 0.000000 0.000000 0.000000 0.000000 0.000000 0.000000 0.000000 0.000000 0.000000
0.000000 0.000000 0.000000 0.000000 0.000000 0.000000 0.000000 0.000000 0.000000 0.000000 0.000000 0.000000
0.000000 0.000000 0.000000 0.000000 0.000000 0.000000 0.000000 0.000000 0.000000 0.000000 0.000000 0.000000
0.000000 0.000000 0.000000 0.000000 0.000000 0.000000 0.000000 0.000000 0.000000 0.000000 0.000000 0.000000
0.000000 0.000000 0.000000 0.000000 0.000000 0.000000 0.000000 0.000000 0.000000 0.000000 0.000000 0.000000
0.000000 0.000000 0.000000 0.000000 0.000000 0.000000 0.000000 0.000000 0.000000 0.000000 0.000000 0.000000
0.000000 0.000000 0.000000 0.000000 0.000000 0.000000 0.000000 0.000000 0.000000 0.000000 0.000000 0.000000
0.000000 0.000000 0.000000 0.000000 0.000000 0.000000 0.000000 0.000000 0.000000 0.000000 0.000000 0.000000
0.000000 0.000000 0.000000 0.000000 0.000000 0.000000 0.000000 0.000000 0.000000 0.000000 0.000000 0.000000
0.000000 0.000000 0.000000 0.000000 0.000000 0.000000 0.000000 0.000000 0.000000 0.000000 0.000000 0.000000
0.000000 0.000000 0.000000 0.000000 0.000000 0.000000 0.000000 0.000000 0.000000 0.000000 0.000000 0.000000
0.000000 0.000000 0.000000 0.000000 0.000000 0.000000 0.000000 0.000000 0.000000 0.000000 0.000000 0.000000
0.000000 0.000000 0.000000 0.000000 0.000000 0.000000 0.000000 0.000000 0.000000 0.000000 0.000000 0.000000
0.000000 0.000000 0.000000 0.000000 0.000000 0.000000 0.000000 0.000000 0.000000 0.000000 0.000000 0.000000
0.000000 0.000000 0.000000 0.000000 0.000000 0.000000 0.000000 0.000000 0.000000 0.000000 0.000000 0.000000
0.000000 0.000000 0.000000 0.000000 0.000000 0.000000 0.000000 0.000000 0.000000 0.000000 0.000000 0.000000
0.000000 0.000000 0.000000 0.000000 0.000000 0.000000 0.000000 0.000000 0.000000 0.000000 0.000000 0.000000
0.000000 0.000000 0.000000 0.000000 0.000000 0.000000 0.000000 0.000000 0.000000 0.000000 0.000000 0.000000
0.000000 0.000000 0.000000 0.000000 0.000000 0.000000 0.000000 0.000000 0.000000 0.000000 0.000000 0.000000
0.000000 0.000000 0.000000 0.000000 0.000000 0.000000 0.000000 0.000000 0.000000 0.000000 0.000000 0.000000
0.000000 0.000000 0.000000 0.000000 0.000000 0.000000 0.000000 0.000000 0.000000 0.000000 0.000000 0.000000
0.000000 0.000000 0.000000 0.000000 0.000000 0.000000 0.000000 0.000000 0.000000 0.000000 0.000000 0.000000
0.000000 0.000000 0.000000 0.000000 0.000000 0.000000 0.000000 0.000000 0.000000 0.000000 0.000000 0.000000
0.000000 0.000000 0.000000 0.000000 0.000000 0.000000 0.000000 0.000000 0.000000 0.000000 0.000000 0.000000
0.000000 0.000000 0.000000 0.000000 0.000000 0.000000 0.000000 0.000000 0.000000 0.000000 0.000000 0.000000
0.000000 0.000000 0.000000 0.000000 0.000000 0.000000 0.000000 0.000000 0.000000 0.000000 0.000000 0.000000
0.000000 0.000000 0.000000 0.000000 0.000000 0.000000 0.000000 0.000000 0.000000 0.000000 0.000000 0.000000
0.000000 0.000000 0.000000 0.000000 0.000000 0.000000 0.000000 0.000000 0.000000 0.000000 0.000000 0.000000
0.000000 0.000000 0.000000 0.000000 0.000000 0.000000 0.000000 0.000000 0.000000 0.000000 0.000000 0.000000
0.000000 0.000000 0.000000 0.000000 0.000000 0.000000 0.000000 0.000000 0.000000 0.000000 0.000000 0.000000
0.000000 0.000000 0.000000 0.000000 0.000000 0.000000 0.000000 0.000000 0.000000 0.000000 0.000000 0.000000
0.000000 0.000000 0.000000 0.000000 0.000000 0.000000 0.000000 0.000000 0.000000 0.000000 0.000000 0.000000
0.000000 0.000000 0.000000 0.000000 0.000000 0.000000 0.000000 0.000000 0.000000 0.000000 0.000000 0.000000
0.000000 0.000000 0.000000 0.000000 0.000000 0.000000 0.000000 0.000000 0.000000 0.000000 0.000000 0.000000
0.000000 0.000000 0.000000 0.000000 0.000000 0.000000 0.000000 0.000000 0.000000 0.000000 0.000000 0.000000
0.000000 0.000000 0.000000 0.000000 0.000000 0.000000 0.000000 0.000000 0.000000 0.000000 0.000000 0.000000
0.000000 0.000000 0.000000 0.000000 0.000000 0.000000 0.000000 0.000000 0.000000 0.000000 0.000000 0.000000
0.000000 0.000000 0.000000 0.000000 0.000000 0.000000 0.000000 0.000000 0.000000 0.000000 0.000000 0.000000
0.000000 0.000000 0.000000 0.000000 0.000000 0.000000 0.000000 0.000000 0.000000 0.000000 0.000000 0.000000
0.000000 0.000000 0.000000 0.000000 0.000000 0.000000 0.000000 0.000000 0.000000 0.000000 0.000000 0.000000
0.000000 0.000000 0.000000 0.000000 0.000000 0.000000 0.000000 0.000000 0.000000 0.000000 0.000000 0.000000
0.000000 0.000000 0.000000 0.000000 0.000000 0.000000 0.000000 0.000000 0.000000 0.000000 0.000000 0.000000
0.000000 0.000000 0.000000 0.000000 0.000000 0.000000 0.000000 0.000000 0.000000 0.000000 0.000000 0.000000
0.000000 0.000000 0.000000 0.000000 0.000000 0.000000 0.000000 0.000000 0.000000 0.000000 0.000000 0.000000
0.000000 0.000000 0.000000 0.000000 0.000000 0.000000 0.000000 0.000000 0.000000 0.000000 0.000000 0.000000
0.000000 0.000000 0.000000 0.000000 0.000000 0.000000 0.000000 0.000000 0.000000 0.000000 0.000000 0.000000
0.000000 0.000000 0.000000 0.000000 0.000000 0.000000 0.000000 0.000000 0.000000 0.000000 0.000000 0.000000
0.000000 0.000000 0.000000 0.000000 0.000000 0.000000 0.000000 0.000000 0.000000 0.000000 0.000000 0.000000
0.000000 0.000000 0.000000 0.000000 0.000000 0.000000 0.000000 0.000000 0.000000 0.000000 0.000000 0.000000
0.000000 0.000000 0.000000 0.000000 0.000000 0.000000 0.000000 0.000000 0.000000 0.000000 0.000000 0.000000
0.000000 0.000000 0.000000 0.000000 0.000000 0.000000 0.000000 0.000000 0.000000 0.000000 0.000000 0.000000
0.000000 0.000000 0.000000 0.000000 0.000000 0.000000 0.000000 0.000000 0.000000 0.000000 0.000000 0.000000
0.000000 0.000000 0.000000 0.000000 0.000000 0.000000 0.000000 0.000000 0.000000 0.000000 0.000000 0.000000
0.000000 0.000000 0.000000 0.000000 0.000000 0.000000 0.000000 0.000000 0.000000 0.000000 0.000000 0.000000
0.000000 0.000000 0.000000 0.000000 0.000000 0.000000 0.000000 0.000000 0.000000 0.000000 0.000000 0.000000
0.000000 0.000000 0.000000 0.000000 0.000000 0.000000 0.000000 0.000000 0.000000 0.000000 0.000000 0.000000
0.000000 0.000000 0.000000 0.000000 0.000000 0.000000 0.000000 0.000000 0.000000 0.000000 0.000000 0.000000
0.000000 0.000000 0.000000 0.000000 0.000000 0.000000 0.000000 0.000000 0.000000 0.000000 0.000000 0.000000
0.000000 0.000000 0.000000 0.000000 0.000000 0.000000 0.000000 0.000000 0.000000 0.000000 0.000000 0.000000
0.000000 0.000000 0.000000 0.000000 0.000000 0.000000 0.000000 0.000000 0.000000 0.000000 0.000000 0.000000
