349.062492 0.010000 0.040000 -9.450000 -0.000000 -0.000000 0.000000 0.000000 0.000000 0.000000 0.000000 0.000000
349.092736 -0.020000 0.080000 -8.250000 0.000000 -0.010000 -0.000000 0.807599 0.144214 0.000000 4.820000 0.000000
349.122259 0.050000 -0.020000 -7.370000 -0.000000 0.000000 0.000000 0.807599 0.144214 0.000000 4.820000 0.000000
349.152472 -0.840000 1.790000 -6.130000 -0.010000 -0.040000 0.150000 3.867091 0.138230 0.000000 13.850000 9.230000
349.179934 0.150000 -0.100000 -6.070000 0.000000 0.010000 -0.020000 4.037994 0.144214 0.000000 14.460000 9.640000
349.214228 0.190000 0.630000 -3.450000 -0.060000 0.000000 0.000000 6.186005 0.000000 0.000000 18.460000 18.460000
349.255262 -0.180000 0.090000 -3.690000 -0.050000 -0.010000 0.030000 9.691185 0.000000 0.000000 28.920000 28.920000
349.288029 0.370000 0.070000 -1.220000 -0.040000 0.010000 -0.000000 11.306383 0.000000 0.000000 33.740000 33.740000
349.326718 -0.000000 -0.100000 -1.770000 0.010000 -0.040000 -0.010000 16.961249 -0.432941 0.000000 43.380000 57.850000
349.363705 -0.280000 -0.170000 0.430000 0.040000 -0.020000 0.040000 13.920188 0.000000 0.000000 41.540000 41.540000
349.398677 -0.170000 -1.290000 0.430000 -0.000000 0.010000 -0.030000 16.153651 0.288727 0.000000 53.030000 43.380000
349.434346 -0.110000 -0.730000 -0.960000 0.080000 -0.030000 -0.030000 18.578122 0.144214 0.000000 57.850000 53.030000
349.468761 -0.300000 -0.430000 1.270000 -0.090000 -0.030000 0.040000 18.558016 0.000000 0.000000 55.380000 55.380000
349.501617 0.470000 -1.150000 -1.930000 0.050000 -0.020000 0.020000 17.770524 0.288428 0.000000 57.850000 48.210000
349.539548 0.560000 -0.070000 0.400000 0.040000 0.010000 -0.010000 21.808517 -0.144214 0.000000 62.670000 67.490000
349.575815 0.020000 -1.230000 -1.710000 0.090000 0.030000 0.020000 19.385721 0.288428 0.000000 62.670000 53.030000
349.611777 -0.330000 0.650000 1.890000 -0.000000 -0.000000 -0.060000 22.426783 0.137931 0.000000 69.230000 64.620000
349.644306 -0.130000 -0.830000 -0.320000 0.070000 -0.000000 -0.000000 19.384046 0.865584 0.000000 72.310000 43.380000
349.678829 0.180000 -0.230000 -0.860000 0.060000 0.010000 -0.060000 19.332105 0.690552 0.000000 69.230000 46.150000
349.713287 0.210000 -0.270000 0.200000 0.080000 0.000000 0.030000 19.385721 0.576856 0.000000 67.490000 48.210000
349.751356 0.010000 0.390000 0.060000 -0.080000 0.020000 -0.010000 27.461709 0.000000 0.000000 81.950000 81.950000
349.778835 -0.270000 -0.690000 0.210000 0.010000 -0.050000 0.050000 24.231314 0.288428 0.000000 77.130000 67.490000
349.817584 0.070000 0.530000 0.300000 -0.000000 0.030000 -0.050000 21.652694 0.276161 0.000000 69.230000 60.000000
349.855874 -0.180000 0.030000 -0.090000 0.020000 -0.010000 0.040000 22.616116 0.576856 0.000000 77.130000 57.850000
349.889308 -0.130000 -0.570000 -1.240000 0.070000 0.010000 0.000000 27.461709 0.288428 0.000000 86.770000 77.130000
349.922144 0.370000 0.410000 0.250000 -0.060000 0.010000 0.020000 25.519785 -0.137931 0.000000 73.850000 78.460000
349.949698 0.180000 -0.060000 0.290000 0.120000 0.060000 -0.000000 23.200871 0.276161 0.000000 73.850000 64.620000
349.986721 0.180000 0.350000 -1.190000 -0.070000 0.040000 0.030000 28.269307 0.144214 0.000000 86.770000 81.950000
350.023598 0.110000 -0.100000 0.440000 0.030000 -0.030000 0.000000 26.654110 -0.432642 0.000000 72.310000 86.770000
350.080927 0.560000 -0.310000 -0.030000 -0.000000 0.020000 0.010000 25.519785 -0.414391 0.000000 69.230000 83.080000
350.136879 -0.290000 1.310000 0.580000 0.060000 -0.010000 -0.020000 27.461709 -0.288428 0.000000 77.130000 86.770000
350.190877 0.010000 -0.260000 0.010000 0.020000 -0.030000 -0.000000 24.745697 0.276161 0.000000 78.460000 69.230000
350.224555 0.050000 1.030000 0.740000 0.000000 -0.010000 -0.040000 26.654110 -0.432642 0.000000 72.310000 86.770000
350.260940 0.050000 -0.320000 0.580000 0.130000 0.060000 -0.010000 24.231314 0.288428 0.000000 77.130000 67.490000
350.290863 0.090000 0.400000 -0.330000 -0.110000 0.000000 0.010000 24.231314 0.000000 0.000000 72.310000 72.310000
350.318761 -0.030000 -0.570000 -0.320000 0.010000 -0.020000 0.030000 26.292198 -0.552322 0.000000 69.230000 87.690000
350.352059 0.450000 0.610000 -0.340000 0.010000 0.030000 -0.010000 28.269307 -0.144214 0.000000 81.950000 86.770000
350.379663 -0.130000 -0.150000 0.060000 0.050000 0.000000 -0.040000 28.269307 -0.144214 0.000000 81.950000 86.770000
350.414711 -0.250000 -0.410000 -0.650000 0.060000 -0.030000 0.030000 23.973284 0.138230 0.000000 73.850000 69.230000
350.448075 -0.280000 0.640000 0.260000 0.100000 -0.010000 -0.030000 24.522853 0.236367 0.000000 77.130000 69.230000
350.483905 -0.010000 -0.750000 -0.520000 0.100000 0.040000 0.050000 27.461709 0.000000 0.000000 81.950000 81.950000
350.521517 0.150000 0.800000 1.660000 -0.090000 -0.020000 -0.080000 26.654110 -0.721070 0.000000 67.490000 91.590000
350.551654 -0.410000 -0.370000 0.920000 -0.040000 -0.030000 0.050000 28.612788 -0.966713 0.000000 69.230000 101.540000
350.587016 0.030000 0.610000 -0.160000 -0.020000 -0.020000 -0.030000 29.076906 0.000000 0.000000 86.770000 86.770000
350.622572 -0.210000 -0.390000 -0.870000 -0.040000 -0.010000 -0.030000 27.066287 0.138230 0.000000 83.080000 78.460000
350.651239 -0.330000 0.310000 1.080000 0.070000 -0.050000 0.030000 29.076906 -0.576856 0.000000 77.130000 96.410000
350.679092 -0.080000 0.030000 -0.580000 0.130000 -0.010000 0.010000 27.461709 0.000000 0.000000 81.950000 81.950000
350.718107 0.180000 -0.550000 -0.850000 0.020000 -0.010000 0.060000 30.692104 -0.576856 0.000000 81.950000 101.230000
350.751200 0.100000 0.360000 0.090000 -0.120000 -0.000000 -0.030000 27.066287 -0.966414 0.000000 64.620000 96.920000
350.781439 0.180000 -0.160000 0.510000 -0.020000 -0.010000 0.030000 19.384046 0.865584 0.000000 72.310000 43.380000
350.811818 -0.350000 0.350000 -0.050000 -0.020000 -0.020000 -0.020000 26.654110 -0.144214 0.000000 77.130000 81.950000
350.840757 0.120000 -0.280000 -0.790000 -0.110000 -0.000000 -0.030000 26.292198 -0.552322 0.000000 69.230000 87.690000
350.871495 0.220000 -0.100000 0.060000 0.100000 0.010000 0.020000 24.745697 -0.276161 0.000000 69.230000 78.460000
350.907503 0.380000 -0.040000 -0.170000 -0.050000 0.010000 0.010000 29.884505 -0.432642 0.000000 81.950000 96.410000
350.943598 0.120000 0.060000 1.040000 0.070000 -0.020000 -0.050000 24.231314 0.576856 0.000000 81.950000 62.670000
350.978857 -0.490000 0.310000 0.480000 -0.100000 0.020000 0.020000 29.385201 -0.552322 0.000000 78.460000 96.920000
351.016741 0.200000 0.290000 -0.590000 0.060000 -0.010000 0.060000 25.846511 0.288428 0.000000 81.950000 72.310000
351.053009 -0.090000 0.490000 -0.180000 -0.100000 -0.030000 0.010000 29.266239 -0.254619 0.000000 83.080000 91.590000
351.087191 -0.030000 0.710000 1.310000 -0.020000 -0.010000 -0.030000 27.461709 -0.288428 0.000000 77.130000 86.770000
351.124887 -0.180000 -0.520000 -0.860000 0.040000 -0.000000 -0.010000 25.846511 0.000000 0.000000 77.130000 77.130000
351.161576 -0.110000 0.050000 1.600000 -0.160000 -0.020000 0.040000 27.461709 0.000000 0.000000 81.950000 81.950000
351.191187 -0.250000 -0.550000 -0.430000 0.090000 0.030000 0.040000 30.931702 -0.828483 0.000000 78.460000 106.150000
351.221358 0.500000 0.170000 0.780000 -0.010000 0.060000 0.020000 25.038912 -0.144214 0.000000 72.310000 77.130000
351.251964 -0.190000 -0.610000 -0.190000 0.030000 -0.020000 -0.030000 26.654110 -0.144214 0.000000 77.130000 81.950000
351.282282 -0.390000 0.670000 1.260000 0.020000 -0.010000 0.040000 23.973284 0.414092 0.000000 78.460000 64.620000
351.311447 0.160000 0.600000 -0.350000 0.050000 -0.010000 -0.040000 23.199196 0.828782 0.000000 83.080000 55.380000
351.339125 0.150000 -0.940000 -0.730000 0.040000 0.010000 0.010000 31.499702 -1.009498 0.000000 77.130000 110.870000
351.376664 -0.290000 0.340000 1.430000 -0.060000 -0.010000 -0.020000 25.038912 -0.144214 0.000000 72.310000 77.130000
351.413471 -0.290000 -0.250000 -0.630000 0.080000 0.040000 0.040000 27.066287 -0.414092 0.000000 73.850000 87.690000
351.449982 0.130000 0.860000 -0.420000 -0.030000 0.040000 0.040000 26.654110 -0.144214 0.000000 77.130000 81.950000
351.487239 0.170000 -0.300000 -0.430000 0.050000 -0.040000 -0.010000 29.076906 0.000000 0.000000 86.770000 86.770000
351.522940 0.260000 -0.120000 -0.420000 0.150000 0.040000 -0.050000 24.231314 -0.288428 0.000000 67.490000 77.130000
351.562137 -0.240000 -0.130000 -0.790000 -0.060000 0.030000 -0.060000 26.654110 -0.432642 0.000000 72.310000 86.770000
351.589500 0.160000 -0.450000 0.510000 0.010000 -0.010000 0.010000 24.231314 0.288428 0.000000 77.130000 67.490000
351.628335 0.350000 -0.010000 0.050000 0.020000 -0.010000 0.010000 23.973284 0.414092 0.000000 78.460000 64.620000
351.665126 -0.090000 -0.170000 -0.750000 0.110000 0.060000 0.020000 25.038912 0.432642 0.000000 81.950000 67.490000
351.702450 0.540000 -0.110000 -0.760000 -0.040000 0.050000 -0.020000 21.808517 0.144214 0.000000 67.490000 62.670000
351.732523 0.170000 0.090000 0.320000 0.060000 -0.030000 -0.000000 30.159289 -0.138230 0.000000 87.690000 92.310000
351.760459 0.430000 0.840000 -0.470000 0.190000 0.020000 -0.000000 25.519785 0.414391 0.000000 83.080000 69.230000
351.798981 -0.160000 -0.220000 -0.170000 -0.040000 -0.030000 -0.070000 28.269307 -1.009498 0.000000 67.490000 101.230000
351.832016 -0.010000 0.690000 -0.230000 0.110000 -0.080000 -0.030000 29.884505 -0.432642 0.000000 81.950000 96.410000
351.862458 0.170000 -0.760000 0.590000 0.030000 0.040000 0.030000 23.973284 0.414092 0.000000 78.460000 64.620000
351.890646 -0.100000 0.270000 -0.380000 0.050000 0.030000 0.040000 29.076906 -0.288428 0.000000 81.950000 91.590000
351.930747 0.020000 -0.240000 -0.520000 -0.070000 -0.010000 -0.010000 29.076906 -0.576856 0.000000 77.130000 96.410000
351.960738 -0.010000 -0.140000 -0.130000 0.080000 -0.020000 -0.020000 21.000919 0.288428 0.000000 67.490000 57.850000
351.991556 -0.340000 -0.440000 -0.510000 0.080000 0.020000 -0.030000 32.307301 -0.865284 0.000000 81.950000 110.870000
352.020891 -0.520000 -0.340000 0.760000 -0.120000 0.030000 -0.020000 25.038912 -0.144214 0.000000 72.310000 77.130000
352.049143 -0.140000 -0.340000 -0.820000 0.070000 -0.040000 -0.010000 23.973284 0.414092 0.000000 78.460000 64.620000
352.083985 0.730000 0.210000 -0.270000 -0.010000 0.010000 0.060000 28.269307 -0.721070 0.000000 72.310000 96.410000
352.119112 -0.040000 -0.220000 -0.590000 0.030000 0.030000 -0.010000 29.884505 -0.432642 0.000000 81.950000 96.410000
352.156280 0.080000 0.230000 -0.360000 0.010000 -0.030000 0.020000 23.973284 -0.138230 0.000000 69.230000 73.850000
352.188654 -0.140000 0.560000 0.160000 0.090000 0.010000 -0.000000 27.066287 -0.414092 0.000000 73.850000 87.690000
352.224081 -0.030000 -0.250000 -0.970000 0.000000 -0.010000 0.010000 23.423715 0.144214 0.000000 72.310000 67.490000
352.259431 0.300000 0.810000 1.100000 -0.040000 -0.000000 -0.050000 24.231314 0.000000 0.000000 72.310000 72.310000
352.288759 0.090000 -0.750000 1.830000 -0.010000 0.020000 -0.020000 25.519785 -0.137931 0.000000 73.850000 78.460000
352.324797 -0.480000 0.970000 0.270000 -0.000000 -0.010000 0.030000 29.076906 -0.288428 0.000000 81.950000 91.590000
352.357980 -0.410000 -0.660000 0.920000 -0.070000 -0.030000 0.030000 25.038912 0.432642 0.000000 81.950000 67.490000
352.395474 0.110000 -0.180000 0.530000 0.050000 -0.040000 -0.010000 23.423715 0.144214 0.000000 72.310000 67.490000
352.428111 -0.110000 -0.590000 -0.130000 0.120000 0.010000 0.020000 22.426783 0.137931 0.000000 69.230000 64.620000
352.463158 -0.700000 -1.120000 -0.970000 0.020000 0.040000 -0.080000 21.000919 0.576856 0.000000 72.310000 53.030000
352.491500 -0.290000 -0.220000 1.300000 -0.030000 0.050000 -0.260000 19.333780 0.414391 0.000000 64.620000 50.770000
352.527812 0.150000 -0.550000 -1.260000 -0.040000 -0.060000 -0.320000 15.346052 0.721370 0.000000 57.850000 33.740000
352.562727 0.110000 -0.310000 -1.860000 0.050000 0.010000 -0.250000 12.115657 1.009798 0.000000 53.030000 19.280000
352.591233 0.140000 0.250000 0.640000 0.050000 0.090000 -0.300000 9.314194 1.374821 0.000000 50.770000 4.820000
352.619689 0.420000 0.090000 0.250000 0.030000 0.040000 -0.440000 6.960094 1.242874 0.000000 41.540000 0.000000
352.656783 0.180000 0.110000 1.150000 -0.020000 0.010000 -0.460000 5.653191 1.297927 0.000000 38.560000 -4.820000
352.692599 0.230000 0.600000 0.140000 0.030000 -0.040000 -0.640000 6.460790 1.153713 0.000000 38.560000 0.000000
352.721545 -0.260000 0.180000 0.600000 0.070000 -0.060000 -0.680000 5.413592 0.966713 0.000000 32.310000 0.000000
352.750816 0.280000 0.360000 0.780000 0.120000 -0.100000 -0.680000 5.653191 1.009498 0.000000 33.740000 0.000000
352.784101 -0.540000 0.430000 0.570000 -0.000000 0.000000 -0.780000 4.845593 0.865284 0.000000 28.920000 0.000000
352.821783 0.250000 0.780000 -0.540000 -0.030000 -0.030000 -0.730000 4.845593 0.865284 0.000000 28.920000 0.000000
352.858506 -0.250000 0.490000 -0.000000 0.010000 -0.050000 -0.810000 5.413592 0.966713 0.000000 32.310000 0.000000
352.891190 -0.460000 0.450000 -0.580000 -0.010000 0.010000 -0.840000 4.845593 0.865284 0.000000 28.920000 0.000000
352.923760 0.270000 0.030000 0.030000 -0.040000 -0.030000 -0.810000 4.639504 0.828483 0.000000 27.690000 0.000000
352.957675 0.550000 0.290000 -0.410000 -0.020000 -0.020000 -0.840000 4.845593 0.865284 0.000000 28.920000 0.000000
352.994638 -0.250000 0.090000 0.480000 -0.010000 -0.010000 -0.820000 5.653191 1.009498 0.000000 33.740000 0.000000
353.031024 -0.290000 -0.030000 0.350000 -0.020000 0.000000 -0.770000 4.845593 0.865284 0.000000 28.920000 0.000000
353.060780 -0.050000 0.060000 -0.040000 0.010000 -0.030000 -0.810000 5.413592 0.966713 0.000000 32.310000 0.000000
353.090146 -0.340000 -0.080000 0.090000 -0.000000 -0.040000 -0.820000 4.845593 0.865284 0.000000 28.920000 0.000000
353.118297 0.030000 -0.210000 -0.430000 0.020000 -0.020000 -0.760000 5.653191 1.009498 0.000000 33.740000 0.000000
353.150978 -0.090000 0.040000 -0.900000 0.000000 -0.040000 -0.750000 4.639504 0.828483 0.000000 27.690000 0.000000
353.180364 0.170000 -0.140000 0.180000 -0.020000 -0.010000 -0.830000 5.653191 1.009498 0.000000 33.740000 0.000000
353.209805 0.200000 -0.050000 -0.340000 -0.050000 0.040000 -0.790000 5.653191 1.009498 0.000000 33.740000 0.000000
353.239433 -0.170000 -0.400000 -0.290000 0.020000 -0.030000 -0.780000 4.845593 0.865284 0.000000 28.920000 0.000000
353.276622 0.060000 -0.170000 0.220000 -0.010000 -0.020000 -0.920000 3.093003 1.104644 0.000000 27.690000 -9.230000
353.310619 -0.410000 -0.320000 -0.380000 0.000000 -0.070000 -1.020000 2.422796 1.297927 0.000000 28.920000 -14.460000
353.344107 0.600000 0.130000 0.350000 -0.010000 -0.020000 -1.180000 2.320590 1.519035 0.000000 32.310000 -18.460000
353.382052 0.330000 -0.010000 0.150000 -0.050000 0.020000 -1.310000 1.615198 1.442141 0.000000 28.920000 -19.280000
353.417866 0.410000 0.210000 -0.040000 0.000000 -0.050000 -1.410000 2.422796 1.586355 0.000000 33.740000 -19.280000
353.452230 -0.110000 0.360000 -0.590000 -0.030000 -0.050000 -1.440000 1.615198 1.442141 0.000000 28.920000 -19.280000
353.481494 0.120000 0.020000 0.400000 -0.010000 -0.050000 -1.470000 1.546501 1.657265 0.000000 32.310000 -23.080000
353.511295 -0.290000 0.150000 0.210000 -0.010000 -0.010000 -1.520000 2.422796 1.586355 0.000000 33.740000 -19.280000
353.540662 -0.440000 0.070000 0.100000 0.000000 -0.020000 -1.460000 1.615198 1.730569 0.000000 33.740000 -24.100000
353.570526 0.070000 -0.050000 0.270000 0.000000 -0.010000 -1.460000 2.320590 1.519035 0.000000 32.310000 -18.460000
353.599853 -0.130000 -0.010000 -0.430000 -0.000000 -0.030000 -1.460000 2.318914 1.795196 0.000000 36.920000 -23.080000
353.635753 -0.100000 -0.060000 -0.050000 -0.000000 -0.030000 -1.440000 3.230395 1.442141 0.000000 33.740000 -14.460000
353.670863 -0.080000 0.020000 0.320000 0.000000 -0.050000 -1.430000 1.615198 1.442141 0.000000 28.920000 -19.280000
353.703062 -0.240000 -0.280000 0.090000 -0.040000 -0.020000 -1.400000 1.546501 1.657265 0.000000 32.310000 -23.080000
353.732270 0.560000 0.030000 -0.500000 -0.030000 -0.040000 -1.440000 1.615198 1.730569 0.000000 33.740000 -24.100000
353.762482 -0.130000 -0.090000 0.290000 -0.010000 -0.030000 -1.470000 2.422796 1.586355 0.000000 33.740000 -19.280000
353.790431 -0.120000 0.060000 -0.590000 -0.040000 0.010000 -1.470000 0.807599 1.586355 0.000000 28.920000 -24.100000
353.819496 0.420000 -0.030000 -0.160000 -0.020000 -0.030000 -1.440000 2.422796 1.586355 0.000000 33.740000 -19.280000
353.854012 0.050000 0.250000 0.410000 -0.010000 -0.020000 -1.410000 2.422796 1.586355 0.000000 33.740000 -19.280000
353.889744 -0.030000 0.140000 0.420000 -0.030000 0.010000 -1.400000 1.546501 1.380805 0.000000 27.690000 -18.460000
353.918498 0.240000 -0.010000 0.400000 -0.010000 0.040000 -1.410000 2.422796 1.586355 0.000000 33.740000 -19.280000
353.954787 -0.120000 0.190000 -0.230000 0.000000 -0.040000 -1.410000 1.615198 1.442141 0.000000 28.920000 -19.280000
353.991441 -0.060000 -0.070000 0.740000 0.000000 -0.030000 -1.460000 2.320590 1.519035 0.000000 32.310000 -18.460000
354.021488 -0.120000 -0.080000 -0.120000 -0.030000 0.010000 -1.410000 1.546501 1.380805 0.000000 27.690000 -18.460000
354.050529 -0.260000 -0.070000 0.130000 -0.010000 -0.060000 -1.420000 1.615198 1.730569 0.000000 33.740000 -24.100000
354.079860 0.220000 -0.080000 -0.440000 -0.070000 0.030000 -1.430000 1.615198 1.730569 0.000000 33.740000 -24.100000
354.116131 -0.030000 -0.050000 -0.690000 -0.000000 -0.040000 -1.430000 0.772413 1.519035 0.000000 27.690000 -23.080000
354.150201 -0.360000 -0.020000 0.350000 -0.010000 0.000000 -1.390000 0.807599 1.874783 0.000000 33.740000 -28.920000
354.184905 -0.210000 0.140000 -0.090000 -0.010000 -0.060000 -1.410000 2.422796 1.586355 0.000000 33.740000 -19.280000
354.220832 0.060000 -0.030000 0.040000 -0.000000 -0.010000 -1.400000 1.615198 1.442141 0.000000 28.920000 -19.280000
354.251254 -0.260000 0.020000 0.110000 -0.010000 -0.030000 -1.420000 2.422796 1.586355 0.000000 33.740000 -19.280000
354.280831 0.120000 -0.160000 0.100000 -0.030000 0.010000 -1.370000 1.615198 1.730569 0.000000 33.740000 -24.100000
354.310534 0.670000 0.080000 -0.190000 -0.010000 -0.020000 -1.410000 2.320590 1.519035 0.000000 32.310000 -18.460000
354.338923 -0.480000 -0.020000 0.130000 -0.000000 -0.040000 -1.390000 1.615198 1.442141 0.000000 28.920000 -19.280000
354.372944 0.450000 0.350000 0.090000 -0.010000 -0.010000 -1.390000 2.422796 1.297927 0.000000 28.920000 -14.460000
354.401862 0.030000 -0.030000 -0.040000 -0.010000 -0.000000 -1.430000 1.546501 1.657265 0.000000 32.310000 -23.080000
354.437356 -0.070000 0.210000 1.010000 -0.040000 0.050000 -1.420000 2.320590 1.519035 0.000000 32.310000 -18.460000
354.472785 0.300000 -0.260000 -0.140000 0.000000 -0.020000 -1.440000 1.615198 1.730569 0.000000 33.740000 -24.100000
354.504531 -0.130000 -0.130000 -0.440000 -0.000000 -0.020000 -1.400000 1.615198 1.730569 0.000000 33.740000 -24.100000
354.542657 -0.350000 -0.060000 -0.010000 -0.010000 -0.040000 -1.390000 2.320590 1.519035 0.000000 32.310000 -18.460000
354.571199 -0.230000 -0.350000 0.000000 -0.020000 -0.030000 -1.430000 1.615198 1.730569 0.000000 33.740000 -24.100000
354.601526 0.190000 -0.030000 -0.250000 -0.020000 0.000000 -1.400000 3.230395 1.153713 0.000000 28.920000 -9.640000
354.629654 0.380000 0.130000 -0.190000 0.020000 -0.030000 -1.460000 1.615198 1.730569 0.000000 33.740000 -24.100000
354.663797 0.040000 0.370000 0.260000 -0.020000 -0.010000 -1.450000 2.320590 1.519035 0.000000 32.310000 -18.460000
354.699731 0.150000 0.350000 0.000000 -0.000000 -0.020000 -1.470000 1.615198 1.442141 0.000000 28.920000 -19.280000
354.730762 -0.480000 -0.150000 -0.280000 -0.000000 0.000000 -1.450000 1.546501 1.657265 0.000000 32.310000 -23.080000
354.760285 0.260000 0.160000 0.050000 0.000000 -0.050000 -1.500000 2.422796 1.586355 0.000000 33.740000 -19.280000
354.789572 0.160000 0.200000 -0.210000 0.010000 -0.010000 -1.480000 1.615198 1.442141 0.000000 28.920000 -19.280000
354.825974 -0.530000 -0.240000 0.210000 0.000000 -0.030000 -1.480000 1.615198 1.730569 0.000000 33.740000 -24.100000
354.863848 -0.200000 -0.340000 -0.330000 -0.040000 0.030000 -1.490000 0.774088 1.795196 0.000000 32.310000 -27.690000
354.898154 0.300000 0.100000 -0.390000 -0.000000 -0.000000 -1.530000 1.615198 1.730569 0.000000 33.740000 -24.100000
354.934704 -0.130000 0.210000 0.440000 -0.010000 -0.020000 -1.510000 1.615198 1.730569 0.000000 33.740000 -24.100000
354.970828 0.010000 -0.040000 0.150000 -0.010000 -0.020000 -1.480000 1.546501 1.657265 0.000000 32.310000 -23.080000
354.999510 0.010000 -0.240000 0.200000 -0.000000 -0.030000 -1.500000 1.615198 1.730569 0.000000 33.740000 -24.100000
355.038207 0.110000 0.330000 0.210000 -0.030000 -0.000000 -1.490000 1.615198 1.730569 0.000000 33.740000 -24.100000
355.074170 -0.260000 0.040000 0.320000 0.010000 -0.040000 -1.470000 1.615198 1.730569 0.000000 33.740000 -24.100000
355.109598 -0.280000 -0.080000 0.030000 -0.010000 -0.030000 -1.480000 0.772413 1.519035 0.000000 27.690000 -23.080000
355.144930 0.030000 -0.130000 0.150000 0.010000 -0.030000 -1.500000 6.460790 0.865284 0.000000 33.740000 4.820000
355.179682 0.130000 0.310000 -0.130000 0.000000 0.000000 -1.500000 1.546501 1.657265 0.000000 32.310000 -23.080000
355.217560 -0.180000 -0.160000 -0.060000 -0.010000 -0.020000 -1.530000 1.615198 1.730569 0.000000 33.740000 -24.100000
355.250734 0.020000 -0.290000 -0.340000 -0.000000 -0.030000 -1.470000 1.615198 1.730569 0.000000 33.740000 -24.100000
355.288450 0.840000 -0.100000 -0.160000 -0.000000 -0.020000 -1.520000 1.615198 1.730569 0.000000 33.740000 -24.100000
355.325337 0.540000 0.080000 -0.300000 -0.000000 -0.010000 -1.540000 2.320590 1.519035 0.000000 32.310000 -18.460000
355.357916 0.280000 0.200000 -0.090000 -0.010000 0.010000 -1.520000 2.422796 1.586355 0.000000 33.740000 -19.280000
355.397556 -0.020000 -0.140000 -0.120000 -0.000000 -0.010000 -1.480000 -0.807599 1.874783 0.000000 28.920000 -33.740000
355.432065 -0.150000 -0.040000 0.230000 -0.020000 -0.020000 -1.490000 2.320590 1.519035 0.000000 32.310000 -18.460000
355.467970 -0.460000 0.140000 0.310000 -0.010000 0.000000 -1.500000 1.546501 1.657265 0.000000 32.310000 -23.080000
355.502705 -0.010000 0.010000 1.020000 -0.040000 0.030000 -1.490000 1.615198 1.730569 0.000000 33.740000 -24.100000
355.531035 0.060000 -0.080000 -0.030000 -0.020000 -0.000000 -1.520000 2.422796 1.586355 0.000000 33.740000 -19.280000
355.562117 0.380000 0.210000 -0.320000 -0.000000 -0.020000 -1.500000 1.546501 1.657265 0.000000 32.310000 -23.080000
355.591333 -0.580000 -0.030000 -0.580000 0.010000 -0.030000 -1.460000 0.807599 1.586355 0.000000 28.920000 -24.100000
355.628990 -0.210000 -0.170000 -0.020000 -0.000000 -0.010000 -1.460000 0.807599 1.874783 0.000000 33.740000 -28.920000
355.663169 0.040000 -0.070000 -0.870000 -0.020000 -0.010000 -1.450000 2.422796 1.586355 0.000000 33.740000 -19.280000
355.692564 0.410000 0.170000 0.070000 0.000000 -0.020000 -1.500000 2.422796 1.586355 0.000000 33.740000 -19.280000
355.730974 -0.390000 -0.140000 -0.420000 -0.020000 -0.010000 -1.540000 1.615198 1.730569 0.000000 33.740000 -24.100000
355.761038 0.010000 -0.060000 -0.250000 -0.020000 -0.010000 -1.480000 2.320590 1.519035 0.000000 32.310000 -18.460000
355.794182 0.030000 -0.060000 0.470000 -0.010000 -0.030000 -1.510000 1.615198 1.442141 0.000000 28.920000 -19.280000
355.830925 -0.300000 -0.170000 0.220000 -0.020000 0.000000 -1.530000 0.807599 1.874783 0.000000 33.740000 -28.920000
355.860700 -0.240000 0.480000 0.450000 -0.000000 -0.040000 -1.500000 0.774088 1.795196 0.000000 32.310000 -27.690000
355.891197 -0.100000 -0.120000 0.100000 -0.010000 -0.030000 -1.480000 0.774088 1.795196 0.000000 32.310000 -27.690000
355.930858 0.030000 -0.430000 0.660000 -0.010000 -0.010000 -1.490000 1.615198 1.730569 0.000000 33.740000 -24.100000
355.958764 0.050000 0.200000 0.120000 -0.020000 -0.010000 -1.490000 1.615198 1.730569 0.000000 33.740000 -24.100000
355.994929 0.130000 -0.050000 -0.150000 0.000000 -0.020000 -1.530000 1.546501 1.657265 0.000000 32.310000 -23.080000
356.030851 0.170000 -0.660000 1.100000 -0.010000 -0.020000 -1.550000 1.615198 1.730569 0.000000 33.740000 -24.100000
356.069178 0.090000 0.600000 -0.220000 -0.040000 -0.030000 -1.510000 1.615198 1.730569 0.000000 33.740000 -24.100000
356.100306 -0.170000 -0.040000 -0.060000 0.010000 -0.010000 -1.550000 1.615198 1.730569 0.000000 33.740000 -24.100000
356.128301 0.100000 0.240000 -0.060000 -0.010000 -0.020000 -1.520000 1.615198 1.730569 0.000000 33.740000 -24.100000
356.164988 -0.100000 -0.160000 0.110000 -0.020000 -0.020000 -1.520000 0.807599 1.874783 0.000000 33.740000 -28.920000
356.199938 0.000000 -0.020000 -0.630000 -0.020000 -0.020000 -1.560000 1.546501 1.657265 0.000000 32.310000 -23.080000
356.237336 -0.360000 0.240000 0.220000 0.000000 -0.040000 -1.530000 1.615198 1.730569 0.000000 33.740000 -24.100000
356.271865 -0.150000 0.080000 -0.110000 -0.040000 0.020000 -1.530000 1.615198 1.730569 0.000000 33.740000 -24.100000
356.302230 0.050000 -0.100000 -0.260000 0.010000 -0.000000 -1.550000 10.827185 0.000000 0.000000 32.310000 32.310000
356.330513 -0.210000 -0.000000 0.520000 0.000000 -0.050000 -1.560000 0.000000 1.933426 0.000000 32.310000 -32.310000
356.365955 0.090000 0.090000 -0.510000 -0.020000 -0.000000 -1.540000 1.615198 1.730569 0.000000 33.740000 -24.100000
356.398146 0.410000 0.120000 0.190000 0.030000 -0.060000 -1.550000 5.653191 1.009498 0.000000 33.740000 0.000000
356.434974 -0.280000 -0.320000 -0.460000 -0.020000 -0.020000 -1.570000 1.546501 1.657265 0.000000 32.310000 -23.080000
356.471840 0.630000 -0.270000 -0.310000 -0.020000 -0.010000 -1.560000 3.230395 1.730569 0.000000 38.560000 -19.280000
356.501825 0.410000 -0.030000 0.240000 -0.020000 -0.030000 -1.580000 1.615198 1.730569 0.000000 33.740000 -24.100000
356.532213 -0.020000 0.180000 -0.210000 -0.030000 -0.030000 -1.670000 -0.807599 2.163211 0.000000 33.740000 -38.560000
356.562016 -0.690000 -0.030000 -0.010000 0.020000 -0.030000 -1.580000 2.320590 1.519035 0.000000 32.310000 -18.460000
356.596214 0.480000 -0.310000 -0.300000 -0.020000 -0.010000 -1.580000 2.422796 1.874783 0.000000 38.560000 -24.100000
356.629316 -0.070000 0.100000 0.320000 -0.020000 -0.020000 -1.610000 1.546501 1.657265 0.000000 32.310000 -23.080000
356.666065 -0.130000 0.430000 -0.380000 0.000000 -0.000000 -1.550000 2.422796 1.586355 0.000000 33.740000 -19.280000
356.703921 -0.110000 -0.200000 0.090000 0.000000 -0.020000 -1.540000 -0.807599 2.163211 0.000000 33.740000 -38.560000
356.738086 0.230000 0.210000 -0.040000 -0.020000 0.000000 -1.580000 2.320590 1.519035 0.000000 32.310000 -18.460000
356.771313 0.030000 0.040000 0.010000 -0.010000 -0.020000 -1.580000 -0.772413 2.071357 0.000000 32.310000 -36.920000
356.799775 -0.650000 -0.030000 0.320000 -0.010000 -0.050000 -1.520000 2.422796 1.874783 0.000000 38.560000 -24.100000
356.838929 -0.030000 -0.390000 -0.760000 -0.030000 -0.000000 -1.560000 1.615198 1.730569 0.000000 33.740000 -24.100000
356.876610 -0.030000 0.120000 0.280000 0.000000 -0.050000 -1.530000 1.546501 1.657265 0.000000 32.310000 -23.080000
356.910988 0.390000 0.030000 0.110000 -0.000000 -0.020000 -1.590000 1.615198 1.730569 0.000000 33.740000 -24.100000
356.941317 0.310000 0.240000 -0.420000 0.010000 -0.040000 -1.590000 1.615198 1.730569 0.000000 33.740000 -24.100000
356.973068 -0.130000 -0.070000 0.620000 -0.000000 -0.040000 -1.570000 3.230395 1.442141 0.000000 33.740000 -14.460000
357.002682 0.340000 0.100000 -0.440000 -0.010000 0.020000 -1.560000 4.639504 1.380805 0.000000 36.920000 -9.230000
357.032185 0.180000 -0.150000 0.240000 0.000000 -0.060000 -1.610000 1.615198 1.730569 0.000000 33.740000 -24.100000
357.063126 -0.230000 -0.160000 0.360000 -0.030000 -0.040000 -1.570000 0.774088 1.795196 0.000000 32.310000 -27.690000
357.093961 0.090000 -0.090000 -0.110000 -0.040000 -0.000000 -1.570000 1.615198 1.730569 0.000000 33.740000 -24.100000
357.129947 0.170000 0.140000 0.100000 0.020000 -0.040000 -1.610000 1.615198 1.730569 0.000000 33.740000 -24.100000
357.163850 -0.530000 0.040000 -0.030000 -0.050000 -0.010000 -1.580000 1.615198 1.730569 0.000000 33.740000 -24.100000
357.201076 -0.080000 -0.020000 0.160000 0.010000 -0.030000 -1.600000 1.546501 1.657265 0.000000 32.310000 -23.080000
357.230298 0.100000 0.480000 0.240000 0.000000 -0.020000 -1.590000 1.615198 1.730569 0.000000 33.740000 -24.100000
357.268452 -0.770000 -0.390000 -0.060000 -0.000000 -0.030000 -1.540000 1.615198 1.730569 0.000000 33.740000 -24.100000
357.305043 0.090000 -0.080000 -0.160000 -0.020000 -0.030000 -1.540000 2.318914 1.795196 0.000000 36.920000 -23.080000
357.340875 0.700000 0.120000 0.140000 0.010000 -0.030000 -1.580000 1.546501 1.657265 0.000000 32.310000 -23.080000
357.370922 -0.230000 0.080000 0.060000 -0.020000 -0.020000 -1.540000 1.615198 1.730569 0.000000 33.740000 -24.100000
357.399558 -0.580000 -0.250000 -0.060000 -0.010000 -0.020000 -1.540000 2.422796 1.586355 0.000000 33.740000 -19.280000
357.435933 0.350000 -0.090000 0.120000 0.000000 -0.020000 -1.580000 1.546501 1.657265 0.000000 32.310000 -23.080000
357.472939 0.140000 -0.030000 0.170000 -0.020000 -0.030000 -1.600000 1.615198 1.730569 0.000000 33.740000 -24.100000
357.507874 -0.260000 0.130000 0.090000 -0.010000 -0.010000 -1.580000 3.093003 1.656966 0.000000 36.920000 -18.460000
357.545043 0.210000 -0.400000 -0.360000 -0.020000 0.010000 -1.590000 1.615198 1.730569 0.000000 33.740000 -24.100000
357.578335 -0.090000 0.230000 0.210000 -0.020000 -0.020000 -1.550000 -0.807599 2.163211 0.000000 33.740000 -38.560000
357.613193 -0.150000 0.120000 -0.360000 -0.010000 0.000000 -1.560000 2.422796 1.874783 0.000000 38.560000 -24.100000
357.651628 0.630000 -0.060000 -0.080000 -0.010000 -0.030000 -1.580000 1.546501 1.657265 0.000000 32.310000 -23.080000
357.681447 -0.060000 0.030000 0.080000 -0.050000 -0.020000 -1.610000 1.615198 1.730569 0.000000 33.740000 -24.100000
357.711040 0.070000 0.190000 -0.030000 0.000000 -0.020000 -1.590000 2.422796 1.874783 0.000000 38.560000 -24.100000
357.741452 -0.170000 -0.050000 -0.390000 -0.030000 -0.020000 -1.560000 0.774088 1.795196 0.000000 32.310000 -27.690000
357.771999 -0.140000 -0.030000 0.580000 -0.020000 -0.020000 -1.570000 2.318914 1.795196 0.000000 36.920000 -23.080000
357.801906 -0.050000 0.210000 -0.820000 0.020000 -0.020000 -1.590000 0.807599 1.874783 0.000000 33.740000 -28.920000
357.830983 0.110000 0.010000 0.630000 -0.010000 -0.030000 -1.610000 1.615198 1.730569 0.000000 33.740000 -24.100000
357.861828 -0.530000 -0.040000 0.070000 -0.020000 -0.040000 -1.600000 1.546501 1.657265 0.000000 32.310000 -23.080000
357.891862 0.170000 -0.090000 -0.150000 -0.020000 -0.020000 -1.580000 1.615198 1.730569 0.000000 33.740000 -24.100000
357.921537 -0.010000 0.110000 0.240000 -0.010000 -0.040000 -1.600000 2.422796 1.586355 0.000000 33.740000 -19.280000
357.951590 -0.430000 0.100000 -0.170000 -0.010000 -0.030000 -1.600000 1.615198 1.730569 0.000000 33.740000 -24.100000
357.982012 0.110000 0.250000 -0.380000 -0.000000 -0.020000 -1.600000 2.422796 1.874783 0.000000 38.560000 -24.100000
358.011543 0.140000 -0.220000 0.400000 0.000000 -0.040000 -1.560000 2.422796 1.874783 0.000000 38.560000 -24.100000
358.041203 0.120000 -0.070000 -0.210000 -0.040000 0.030000 -1.560000 2.318914 1.795196 0.000000 36.920000 -23.080000
358.071198 0.420000 -0.210000 -0.150000 0.000000 -0.040000 -1.540000 1.615198 1.730569 0.000000 33.740000 -24.100000
358.099913 0.200000 0.280000 0.270000 -0.010000 -0.010000 -1.560000 2.422796 1.586355 0.000000 33.740000 -19.280000
358.137182 -0.690000 -0.120000 0.420000 -0.010000 -0.020000 -1.530000 1.546501 1.657265 0.000000 32.310000 -23.080000
358.173831 -0.200000 0.020000 0.200000 -0.010000 0.020000 -1.510000 1.546501 1.657265 0.000000 32.310000 -23.080000
358.208660 0.270000 -0.200000 0.060000 -0.020000 0.010000 -1.540000 1.615198 1.730569 0.000000 33.740000 -24.100000
358.242421 -0.000000 0.080000 0.270000 -0.010000 -0.020000 -1.540000 1.615198 1.730569 0.000000 33.740000 -24.100000
358.278232 -0.220000 -0.150000 -0.340000 -0.020000 -0.000000 -1.530000 1.546501 1.657265 0.000000 32.310000 -23.080000
358.315270 0.100000 -0.340000 -0.420000 0.020000 -0.010000 -1.500000 1.615198 1.730569 0.000000 33.740000 -24.100000
358.351377 0.260000 -0.050000 -0.260000 0.020000 -0.050000 -1.500000 1.615198 1.730569 0.000000 33.740000 -24.100000
358.381308 0.340000 0.060000 0.210000 -0.020000 -0.030000 -1.500000 1.615198 1.730569 0.000000 33.740000 -24.100000
358.409830 -0.230000 -0.060000 -0.130000 -0.010000 -0.020000 -1.510000 2.560189 1.561820 0.000000 33.740000 -18.460000
358.448771 0.360000 -0.030000 0.080000 -0.010000 -0.020000 -1.510000 2.422796 1.874783 0.000000 38.560000 -24.100000
358.485667 0.140000 0.030000 -0.110000 0.030000 -0.100000 -1.550000 1.546501 1.657265 0.000000 32.310000 -23.080000
358.521534 -0.010000 0.140000 0.150000 0.010000 -0.070000 -1.560000 1.615198 1.730569 0.000000 33.740000 -24.100000
358.559682 -0.210000 0.120000 -0.680000 -0.000000 -0.020000 -1.530000 3.230395 1.442141 0.000000 33.740000 -14.460000
358.589480 0.480000 0.080000 0.130000 -0.010000 -0.010000 -1.510000 2.318914 1.795196 0.000000 36.920000 -23.080000
358.626354 0.290000 0.190000 -0.230000 -0.010000 -0.010000 -1.570000 3.093003 1.381104 0.000000 32.310000 -13.850000
358.664579 -0.200000 -0.050000 -0.100000 -0.010000 -0.030000 -1.540000 2.422796 1.874783 0.000000 38.560000 -24.100000
358.700860 0.240000 0.180000 0.350000 -0.020000 0.000000 -1.590000 1.615198 1.730569 0.000000 33.740000 -24.100000
358.730663 -0.310000 -0.240000 -0.540000 -0.000000 -0.010000 -1.580000 3.093003 1.381104 0.000000 32.310000 -13.850000
358.760741 -0.220000 0.210000 0.660000 -0.020000 0.020000 -1.540000 3.230395 1.730569 0.000000 38.560000 -19.280000
358.789230 0.310000 -0.450000 -0.330000 -0.010000 -0.010000 -1.530000 2.422796 1.874783 0.000000 38.560000 -24.100000
358.826579 0.140000 0.020000 0.710000 -0.030000 -0.000000 -1.560000 1.615198 1.730569 0.000000 33.740000 -24.100000
358.863985 -0.340000 0.100000 -0.020000 -0.020000 -0.020000 -1.480000 1.546501 1.657265 0.000000 32.310000 -23.080000
358.901189 -0.370000 0.020000 0.500000 0.000000 -0.030000 -1.440000 1.615198 1.730569 0.000000 33.740000 -24.100000
358.932056 -0.160000 -0.270000 0.370000 -0.010000 -0.010000 -1.430000 1.546501 1.657265 0.000000 32.310000 -23.080000
358.961809 0.210000 -0.130000 0.290000 -0.020000 -0.010000 -1.470000 2.422796 1.586355 0.000000 33.740000 -19.280000
358.999098 -0.320000 0.020000 0.020000 -0.000000 -0.040000 -1.510000 2.422796 1.586355 0.000000 33.740000 -19.280000
359.037259 -0.410000 -0.100000 0.110000 -0.000000 -0.030000 -1.440000 1.615198 1.730569 0.000000 33.740000 -24.100000
359.074267 0.380000 -0.080000 -0.710000 -0.010000 -0.050000 -1.450000 1.546501 1.657265 0.000000 32.310000 -23.080000
359.113710 0.070000 -0.140000 0.350000 -0.030000 -0.010000 -1.480000 1.615198 1.730569 0.000000 33.740000 -24.100000
359.147522 0.350000 0.120000 -0.570000 -0.020000 0.000000 -1.490000 1.615198 1.730569 0.000000 33.740000 -24.100000
359.186059 0.130000 -0.090000 -0.320000 0.000000 -0.050000 -1.490000 2.320590 1.519035 0.000000 32.310000 -18.460000
359.223024 0.270000 -0.090000 -0.020000 -0.030000 -0.010000 -1.480000 1.786100 1.700050 0.000000 33.740000 -23.080000
359.253602 0.180000 -0.040000 -0.180000 -0.010000 -0.010000 -1.510000 1.615198 1.730569 0.000000 33.740000 -24.100000
359.288725 -0.030000 -0.000000 0.410000 -0.000000 0.000000 -1.590000 1.615198 1.730569 0.000000 33.740000 -24.100000
359.322353 -0.400000 0.090000 -0.150000 -0.020000 -0.010000 -1.520000 1.546501 1.657265 0.000000 32.310000 -23.080000
359.361595 -0.180000 0.110000 0.320000 -0.010000 -0.030000 -1.500000 4.845593 1.153713 0.000000 33.740000 -4.820000
359.390248 -0.390000 -0.010000 -0.270000 -0.010000 -0.040000 -1.530000 1.546501 1.657265 0.000000 32.310000 -23.080000
359.426598 0.180000 0.210000 -0.190000 0.010000 -0.030000 -1.540000 2.422796 1.586355 0.000000 33.740000 -19.280000
359.465069 0.010000 0.080000 0.230000 0.010000 -0.040000 -1.500000 0.807599 1.874783 0.000000 33.740000 -28.920000
359.499059 0.030000 -0.180000 -0.410000 -0.010000 -0.040000 -1.490000 1.615198 1.730569 0.000000 33.740000 -24.100000
359.528732 0.350000 -0.210000 0.460000 -0.020000 -0.030000 -1.540000 1.546501 1.657265 0.000000 32.310000 -23.080000
359.566627 0.550000 0.540000 -0.300000 -0.000000 -0.010000 -1.560000 3.230395 1.442141 0.000000 33.740000 -14.460000
359.604528 0.040000 -0.030000 0.380000 -0.000000 -0.050000 -1.550000 3.230395 1.442141 0.000000 33.740000 -14.460000
359.642719 -0.080000 -0.310000 -0.520000 -0.000000 -0.030000 -1.500000 1.546501 1.657265 0.000000 32.310000 -23.080000
359.670893 0.180000 -0.080000 0.140000 -0.030000 -0.010000 -1.530000 1.546501 1.657265 0.000000 32.310000 -23.080000
359.700889 0.010000 0.320000 -0.040000 -0.000000 -0.000000 -1.560000 2.422796 1.874783 0.000000 38.560000 -24.100000
359.728791 -0.370000 0.100000 0.310000 -0.030000 0.000000 -1.560000 1.615198 1.442141 0.000000 28.920000 -19.280000
359.764818 0.140000 0.140000 -0.430000 -0.010000 -0.010000 -1.550000 1.546501 1.933127 0.000000 36.920000 -27.690000
359.799722 -0.110000 0.050000 0.810000 -0.040000 0.020000 -1.580000 1.615198 1.730569 0.000000 33.740000 -24.100000
359.829760 -0.180000 0.290000 -0.350000 -0.020000 -0.040000 -1.580000 1.615198 1.730569 0.000000 33.740000 -24.100000
359.863195 -0.450000 0.090000 0.430000 0.010000 -0.030000 -1.580000 3.230395 1.442141 0.000000 33.740000 -14.460000
359.898841 0.120000 -0.070000 -0.920000 -0.030000 -0.020000 -1.570000 1.615198 1.730569 0.000000 33.740000 -24.100000
359.937253 -0.090000 -0.260000 0.300000 0.010000 -0.010000 -1.540000 2.422796 1.874783 0.000000 38.560000 -24.100000
359.970743 0.160000 0.040000 0.120000 0.010000 -0.040000 -1.580000 1.546501 1.657265 0.000000 32.310000 -23.080000
360.001945 -0.160000 -0.020000 -0.330000 -0.010000 -0.020000 -1.560000 2.422796 1.586355 0.000000 33.740000 -19.280000
360.031773 -0.310000 -0.330000 -0.360000 -0.030000 -0.030000 -1.500000 1.615198 1.730569 0.000000 33.740000 -24.100000
360.061528 0.300000 0.010000 0.260000 -0.010000 -0.030000 -1.490000 1.546501 1.657265 0.000000 32.310000 -23.080000
360.090358 0.380000 -0.130000 -0.440000 -0.030000 -0.020000 -1.580000 1.546501 1.657265 0.000000 32.310000 -23.080000
360.120465 -0.240000 0.250000 0.480000 -0.010000 -0.040000 -1.510000 2.422796 1.586355 0.000000 33.740000 -19.280000
360.149229 0.130000 -0.020000 0.190000 0.010000 -0.030000 -1.570000 0.807599 1.874783 0.000000 33.740000 -28.920000
360.186156 -0.180000 -0.160000 -0.580000 -0.010000 0.000000 -1.580000 2.318914 1.795196 0.000000 36.920000 -23.080000
360.223061 -0.150000 0.170000 -0.150000 -0.010000 0.010000 -1.550000 1.615198 1.730569 0.000000 33.740000 -24.100000
360.253578 0.040000 0.450000 0.360000 -0.010000 0.000000 -1.550000 0.807599 1.874783 0.000000 33.740000 -28.920000
360.286487 -0.190000 0.160000 -0.110000 -0.010000 -0.010000 -1.600000 4.037994 1.297927 0.000000 33.740000 -9.640000
360.321694 -0.610000 -0.270000 0.440000 -0.020000 -0.040000 -1.520000 1.615198 1.730569 0.000000 33.740000 -24.100000
360.350830 0.460000 0.180000 -0.220000 -0.010000 -0.010000 -1.550000 1.615198 1.730569 0.000000 33.740000 -24.100000
360.388518 0.130000 -0.080000 -0.040000 -0.010000 -0.030000 -1.540000 1.546501 1.657265 0.000000 32.310000 -23.080000
360.424094 -0.100000 0.060000 0.090000 -0.010000 -0.030000 -1.540000 1.615198 1.730569 0.000000 33.740000 -24.100000
360.456933 0.080000 -0.330000 0.030000 0.000000 -0.020000 -1.540000 4.037994 1.297927 0.000000 33.740000 -9.640000
360.493163 0.000000 -0.060000 0.010000 -0.030000 0.000000 -1.550000 1.546501 1.657265 0.000000 32.310000 -23.080000
360.527853 -0.330000 0.060000 0.500000 0.020000 -0.050000 -1.590000 2.318914 1.795196 0.000000 36.920000 -23.080000
360.563801 0.190000 -0.130000 -0.040000 -0.010000 -0.020000 -1.580000 1.615198 1.730569 0.000000 33.740000 -24.100000
360.599483 -0.010000 -0.220000 -0.130000 -0.000000 -0.030000 -1.610000 1.615198 1.730569 0.000000 33.740000 -24.100000
360.633594 0.170000 0.010000 -0.350000 -0.030000 -0.020000 -1.590000 1.546501 1.657265 0.000000 32.310000 -23.080000
360.714607 0.580000 0.230000 -0.460000 0.010000 -0.050000 -1.670000 0.000000 2.307425 0.000000 38.560000 -38.560000
360.758589 -0.300000 -0.060000 0.000000 -0.020000 -0.010000 -1.680000 1.615198 2.018997 0.000000 38.560000 -28.920000
360.794220 -0.520000 0.250000 0.270000 -0.010000 -0.020000 -1.630000 1.615198 1.730569 0.000000 33.740000 -24.100000
360.827660 0.130000 -0.080000 -0.070000 -0.030000 0.010000 -1.590000 2.318914 1.795196 0.000000 36.920000 -23.080000
360.864715 0.440000 0.140000 -0.040000 -0.020000 -0.050000 -1.680000 1.615198 1.730569 0.000000 33.740000 -24.100000
360.901016 -0.130000 0.100000 0.210000 -0.000000 -0.030000 -1.670000 1.546501 1.933127 0.000000 36.920000 -27.690000
360.930919 -0.320000 0.030000 -0.340000 -0.010000 -0.040000 -1.650000 1.615198 1.730569 0.000000 33.740000 -24.100000
360.962965 0.030000 -0.110000 0.060000 0.020000 -0.030000 -1.650000 1.615198 2.018997 0.000000 38.560000 -28.920000
360.996623 0.040000 0.030000 0.170000 -0.020000 -0.000000 -1.630000 0.807599 1.874783 0.000000 33.740000 -28.920000
361.030535 0.090000 -0.100000 -0.020000 -0.020000 -0.010000 -1.640000 2.318914 1.795196 0.000000 36.920000 -23.080000
361.058615 0.210000 0.370000 -0.110000 -0.020000 -0.040000 -1.680000 -0.807599 2.163211 0.000000 33.740000 -38.560000
361.097576 -0.440000 -0.120000 0.030000 0.000000 -0.050000 -1.620000 1.615198 1.730569 0.000000 33.740000 -24.100000
361.132682 -0.390000 -0.200000 -0.010000 -0.040000 -0.020000 -1.620000 1.546501 1.933127 0.000000 36.920000 -27.690000
361.163600 0.170000 -0.140000 -0.020000 -0.020000 -0.030000 -1.590000 3.230395 1.442141 0.000000 33.740000 -14.460000
361.198775 0.420000 0.070000 0.060000 -0.010000 -0.010000 -1.670000 1.615198 1.730569 0.000000 33.740000 -24.100000
361.235609 -0.440000 -0.270000 0.110000 -0.030000 -0.040000 -1.660000 0.807599 1.874783 0.000000 33.740000 -28.920000
361.274352 -0.330000 0.350000 0.100000 -0.000000 -0.010000 -1.600000 1.546501 1.657265 0.000000 32.310000 -23.080000
361.308609 -0.020000 -0.280000 0.160000 -0.040000 -0.010000 -1.620000 1.615198 1.730569 0.000000 33.740000 -24.100000
361.344057 0.380000 0.080000 -0.170000 0.010000 -0.020000 -1.630000 2.318914 1.795196 0.000000 36.920000 -23.080000
361.381640 -0.090000 0.100000 0.460000 -0.010000 -0.030000 -1.620000 1.615198 1.730569 0.000000 33.740000 -24.100000
361.411452 -0.370000 -0.050000 0.170000 -0.030000 -0.020000 -1.560000 1.615198 1.730569 0.000000 33.740000 -24.100000
361.440997 0.750000 0.010000 0.170000 0.010000 -0.020000 -1.610000 1.615198 1.730569 0.000000 33.740000 -24.100000
361.470951 -0.460000 -0.140000 -0.180000 -0.010000 -0.010000 -1.570000 1.546501 1.933127 0.000000 36.920000 -27.690000
361.500283 0.380000 0.190000 0.110000 -0.000000 -0.010000 -1.570000 1.615198 1.730569 0.000000 33.740000 -24.100000
361.528368 0.250000 0.180000 -0.250000 -0.000000 -0.030000 -1.580000 0.807599 1.874783 0.000000 33.740000 -28.920000
361.564374 0.250000 -0.340000 -0.460000 -0.020000 -0.020000 -1.590000 1.546501 1.657265 0.000000 32.310000 -23.080000
361.602636 0.180000 0.170000 -0.070000 -0.000000 -0.020000 -1.600000 3.093003 1.656966 0.000000 36.920000 -18.460000
361.633010 0.550000 -0.060000 -0.110000 -0.010000 -0.000000 -1.600000 3.230395 1.442141 0.000000 33.740000 -14.460000
361.663765 -0.010000 -0.120000 -0.120000 -0.020000 -0.010000 -1.640000 1.615198 1.730569 0.000000 33.740000 -24.100000
361.701904 -0.580000 -0.440000 0.600000 -0.030000 -0.020000 -1.630000 3.865416 1.519035 0.000000 36.920000 -13.850000
361.731854 -0.270000 0.160000 -0.250000 -0.010000 0.000000 -1.570000 1.615198 1.730569 0.000000 33.740000 -24.100000
361.761356 0.320000 0.110000 0.080000 -0.000000 -0.040000 -1.630000 0.807599 1.874783 0.000000 33.740000 -28.920000
361.791517 -0.230000 -0.180000 0.020000 -0.030000 -0.030000 -1.620000 1.615198 1.730569 0.000000 33.740000 -24.100000
361.821234 0.210000 0.570000 -0.130000 0.010000 -0.030000 -1.660000 1.615198 1.730569 0.000000 33.740000 -24.100000
361.851201 -0.810000 -0.050000 0.310000 -0.020000 -0.040000 -1.600000 -1.615198 2.307425 0.000000 33.740000 -43.380000
361.881500 0.040000 -0.020000 -0.180000 -0.010000 -0.010000 -1.630000 1.546501 1.657265 0.000000 32.310000 -23.080000
361.911473 -0.360000 0.040000 0.350000 -0.030000 -0.020000 -1.620000 1.615198 1.730569 0.000000 33.740000 -24.100000
361.940840 0.220000 0.120000 -0.280000 0.000000 -0.010000 -1.630000 1.615198 1.730569 0.000000 33.740000 -24.100000
361.970734 -0.080000 0.080000 -0.060000 0.000000 -0.030000 -1.680000 1.546501 1.933127 0.000000 36.920000 -27.690000
362.009854 -0.530000 -0.010000 -0.900000 -0.040000 -0.000000 -1.600000 2.318914 1.795196 0.000000 36.920000 -23.080000
362.041011 0.180000 -0.090000 0.370000 0.010000 -0.030000 -1.620000 3.230395 1.442141 0.000000 33.740000 -14.460000
362.071030 0.490000 0.100000 -0.030000 -0.020000 -0.020000 -1.630000 1.615198 2.018997 0.000000 38.560000 -28.920000
362.099455 0.050000 -0.120000 0.540000 -0.030000 -0.020000 -1.660000 4.639504 1.380805 0.000000 36.920000 -9.230000
362.134955 0.110000 0.310000 -0.190000 -0.020000 -0.020000 -1.640000 1.615198 1.730569 0.000000 33.740000 -24.100000
362.171502 -0.210000 -0.320000 0.480000 0.000000 -0.040000 -1.600000 1.615198 1.730569 0.000000 33.740000 -24.100000
362.205762 -0.100000 -0.660000 -0.120000 -0.030000 -0.030000 -1.540000 3.230395 1.442141 0.000000 33.740000 -14.460000
362.241803 0.580000 0.040000 0.190000 0.010000 -0.010000 -1.430000 0.807599 1.874783 0.000000 33.740000 -28.920000
362.270691 0.520000 0.110000 -0.090000 0.000000 -0.030000 -1.430000 0.807599 1.586355 0.000000 28.920000 -24.100000
362.303813 0.080000 -0.390000 -0.100000 -0.020000 -0.030000 -1.400000 0.772413 1.519035 0.000000 27.690000 -23.080000
362.339852 0.240000 0.050000 -0.290000 -0.020000 -0.010000 -1.440000 1.615198 1.442141 0.000000 28.920000 -19.280000
362.368924 -0.240000 0.440000 0.340000 -0.020000 -0.020000 -1.370000 0.000000 1.442141 0.000000 24.100000 -24.100000
362.406063 -0.170000 -0.350000 -0.510000 -0.010000 0.000000 -1.160000 0.772413 1.519035 0.000000 27.690000 -23.080000
362.440474 0.290000 0.470000 0.240000 -0.020000 -0.010000 -1.110000 1.546501 1.104943 0.000000 23.080000 -13.850000
362.471579 0.240000 -0.210000 -0.140000 -0.020000 -0.020000 -1.000000 -2.422796 1.586355 0.000000 19.280000 -33.740000
362.499550 -0.620000 -0.340000 0.050000 -0.010000 0.010000 -0.540000 -1.615198 0.576856 0.000000 4.820000 -14.460000
