982.144823 0.050000 -0.020000 -9.380000 -0.000000 -0.000000 0.000000 0.000000 0.000000 0.000000 0.000000 0.000000
982.180755 0.010000 -0.030000 -8.400000 0.000000 -0.000000 0.000000 0.000000 0.000000 0.000000 0.000000 0.000000
982.210525 0.020000 0.080000 -7.320000 -0.000000 0.000000 -0.000000 0.000000 0.000000 0.000000 0.000000 0.000000
982.238060 -0.040000 -0.020000 -6.310000 -0.000000 0.000000 -0.000000 1.615198 0.000000 0.000000 4.820000 4.820000
982.273773 0.230000 2.860000 -5.260000 0.090000 -0.010000 0.000000 4.037994 -0.144214 0.000000 9.640000 14.460000
982.305934 -0.110000 -1.090000 -3.690000 -0.050000 0.010000 -0.030000 5.413592 -0.137931 0.000000 13.850000 18.460000
982.343697 -0.640000 1.600000 -2.780000 0.020000 -0.020000 -0.010000 8.075988 0.000000 0.000000 24.100000 24.100000
982.378311 -0.170000 -0.640000 -2.750000 0.070000 0.010000 0.020000 10.053096 -0.138230 0.000000 27.690000 32.310000
982.412471 0.530000 -0.570000 -0.500000 0.010000 0.000000 -0.010000 12.921580 -0.288428 0.000000 33.740000 43.380000
982.440950 -0.070000 0.470000 -1.640000 -0.010000 -0.020000 -0.020000 12.113981 0.432642 0.000000 43.380000 28.920000
982.470441 0.060000 -0.100000 1.080000 0.050000 -0.040000 -0.010000 13.730854 0.432941 0.000000 48.210000 33.740000
982.499092 0.640000 -0.710000 -1.480000 0.020000 -0.010000 -0.030000 20.106193 -0.552322 0.000000 50.770000 69.230000
982.534169 0.280000 -0.710000 0.370000 -0.030000 -0.020000 0.010000 18.578122 -0.144214 0.000000 53.030000 57.850000
982.570765 -0.330000 0.390000 1.100000 0.020000 -0.020000 -0.040000 19.385721 0.288428 0.000000 62.670000 53.030000
982.597388 0.080000 0.110000 -0.900000 0.040000 -0.010000 0.060000 18.559692 0.276161 0.000000 60.000000 50.770000
982.629600 0.130000 -0.930000 -0.050000 0.060000 0.010000 0.000000 21.000919 0.000000 0.000000 62.670000 62.670000
982.657280 0.100000 -0.360000 -0.850000 0.060000 0.060000 -0.010000 25.038912 -0.721070 0.000000 62.670000 86.770000
982.691683 0.050000 -0.880000 -0.240000 0.130000 0.020000 0.040000 22.616116 0.000000 0.000000 67.490000 67.490000
982.719902 -0.330000 0.060000 2.370000 -0.190000 0.040000 -0.030000 27.066287 -0.690552 0.000000 69.230000 92.310000
982.754638 0.210000 -0.000000 -1.270000 0.000000 0.020000 0.020000 25.038912 -0.432642 0.000000 67.490000 81.950000
982.786672 0.180000 0.100000 0.680000 0.050000 -0.030000 -0.070000 25.519785 -0.414391 0.000000 69.230000 83.080000
982.823654 -0.110000 -0.130000 -1.660000 0.060000 -0.060000 0.000000 26.654110 -0.721070 0.000000 67.490000 91.590000
982.856897 0.070000 -0.110000 -1.030000 0.110000 -0.040000 -0.020000 27.461709 -0.288428 0.000000 77.130000 86.770000
982.892415 -0.150000 0.150000 0.700000 -0.130000 0.040000 -0.010000 23.423715 0.144214 0.000000 72.310000 67.490000
982.921239 -0.160000 0.300000 0.820000 0.040000 0.020000 0.020000 20.880281 0.690552 0.000000 73.850000 50.770000
982.956778 -0.220000 0.520000 1.040000 -0.120000 0.000000 0.070000 24.231314 0.000000 0.000000 72.310000 72.310000
982.995586 0.170000 -0.090000 -1.600000 0.100000 -0.010000 -0.010000 25.846511 0.000000 0.000000 77.130000 77.130000
983.027469 0.270000 -0.100000 -0.260000 0.020000 0.040000 0.020000 30.159289 -0.414092 0.000000 83.080000 96.920000
983.064540 0.260000 0.230000 0.170000 -0.020000 -0.010000 -0.010000 21.654370 0.000000 0.000000 64.620000 64.620000
983.097032 -0.270000 -0.170000 0.710000 -0.140000 0.020000 -0.020000 25.846511 0.000000 0.000000 77.130000 77.130000
983.133633 -0.180000 0.560000 0.160000 -0.000000 0.020000 -0.070000 25.846511 -0.288428 0.000000 72.310000 81.950000
983.169620 -0.150000 -0.210000 -0.370000 -0.000000 0.010000 0.040000 23.973284 -0.138230 0.000000 69.230000 73.850000
983.196852 0.550000 -0.180000 -0.820000 0.100000 0.020000 0.000000 25.846511 -0.288428 0.000000 72.310000 81.950000
983.231629 0.050000 -0.290000 1.680000 -0.050000 -0.010000 -0.040000 23.715255 -0.092153 0.000000 69.230000 72.310000
983.258431 -0.400000 0.220000 1.440000 0.090000 -0.060000 -0.020000 27.461709 -0.576856 0.000000 72.310000 91.590000
983.293054 0.240000 -0.340000 -0.030000 0.120000 -0.030000 0.030000 23.423715 0.432642 0.000000 77.130000 62.670000
983.320248 -0.150000 -0.050000 0.320000 0.030000 -0.010000 -0.050000 24.231314 0.000000 0.000000 72.310000 72.310000
983.349901 0.170000 -0.400000 0.210000 -0.010000 0.010000 -0.050000 24.747373 0.000000 0.000000 73.850000 73.850000
983.385338 -0.110000 -0.180000 0.820000 -0.100000 -0.010000 0.020000 23.423715 0.721070 0.000000 81.950000 57.850000
983.421366 -0.290000 -0.070000 0.440000 0.080000 0.010000 0.030000 23.423715 0.144214 0.000000 72.310000 67.490000
983.453520 -0.010000 0.480000 -0.450000 -0.060000 0.000000 0.040000 27.838700 -0.828483 0.000000 69.230000 96.920000
983.483734 -0.000000 -0.170000 -2.460000 0.080000 -0.030000 0.000000 27.066287 -0.414092 0.000000 73.850000 87.690000
983.519065 0.180000 -0.170000 -0.140000 0.060000 -0.030000 -0.070000 25.846511 0.000000 0.000000 77.130000 77.130000
983.554656 -0.210000 0.010000 -1.590000 -0.070000 -0.010000 -0.000000 26.654110 -0.432642 0.000000 72.310000 86.770000
983.588724 0.120000 0.010000 0.770000 0.030000 -0.040000 0.030000 21.652694 0.276161 0.000000 69.230000 60.000000
983.620810 0.050000 -0.210000 -0.300000 0.090000 0.020000 -0.000000 22.616116 0.576856 0.000000 77.130000 57.850000
983.649724 0.240000 -0.120000 -0.770000 0.120000 -0.020000 0.070000 17.768848 1.154012 0.000000 72.310000 33.740000
983.681315 0.190000 -0.300000 -0.650000 0.030000 0.080000 -0.020000 24.231314 0.000000 0.000000 72.310000 72.310000
983.709040 -0.110000 0.230000 5.000000 -0.050000 -0.010000 0.080000 26.654110 0.144214 0.000000 81.950000 77.130000
983.746531 -0.120000 -0.430000 -1.090000 -0.080000 0.030000 0.010000 27.461709 0.000000 0.000000 81.950000 81.950000
983.781296 -0.320000 -0.130000 1.320000 -0.060000 0.050000 0.050000 27.840375 -0.552322 0.000000 73.850000 92.310000
983.807952 -0.160000 0.390000 0.300000 -0.020000 -0.020000 0.030000 23.423715 0.432642 0.000000 77.130000 62.670000
983.841871 -0.000000 0.150000 -1.000000 -0.060000 0.010000 0.010000 28.269307 -0.432642 0.000000 77.130000 91.590000
983.874319 -0.320000 -0.060000 0.180000 -0.140000 -0.030000 0.020000 23.200871 0.276161 0.000000 73.850000 64.620000
983.908157 -0.310000 0.050000 1.130000 -0.140000 -0.020000 0.050000 22.426783 0.137931 0.000000 69.230000 64.620000
983.943935 -0.200000 -0.110000 -4.480000 0.170000 -0.000000 0.010000 23.423715 0.432642 0.000000 77.130000 62.670000
983.975927 -0.160000 -0.450000 0.650000 0.020000 0.060000 0.030000 25.846511 -0.288428 0.000000 72.310000 81.950000
984.010414 0.420000 0.690000 -1.150000 -0.020000 0.060000 -0.050000 27.066287 -0.414092 0.000000 73.850000 87.690000
984.037935 -0.090000 -0.380000 0.170000 -0.090000 -0.000000 0.000000 26.654110 -0.144214 0.000000 77.130000 81.950000
984.074314 0.140000 0.580000 -0.010000 -0.010000 -0.020000 -0.010000 25.038912 0.432642 0.000000 81.950000 67.490000
984.108684 -0.310000 -0.140000 0.090000 0.030000 0.030000 0.030000 24.231314 0.000000 0.000000 72.310000 72.310000
984.144183 -0.350000 0.170000 -0.320000 0.180000 0.000000 -0.000000 22.616116 0.576856 0.000000 77.130000 57.850000
984.178379 -0.350000 0.680000 1.900000 -0.220000 -0.020000 -0.010000 25.846511 0.000000 0.000000 77.130000 77.130000
984.213043 0.320000 -0.320000 -0.790000 -0.060000 -0.010000 0.020000 23.973284 -0.138230 0.000000 69.230000 73.850000
984.243600 -0.720000 0.490000 1.140000 -0.110000 0.000000 -0.040000 29.884505 -1.297927 0.000000 67.490000 110.870000
984.275095 -0.100000 0.270000 0.710000 -0.100000 -0.010000 -0.040000 26.654110 -0.144214 0.000000 77.130000 81.950000
984.308929 -0.070000 -0.450000 -0.630000 0.140000 -0.020000 0.020000 23.973284 0.138230 0.000000 73.850000 69.230000
984.344576 0.720000 0.250000 -0.020000 0.070000 0.010000 0.000000 23.973284 0.138230 0.000000 73.850000 69.230000
984.380677 0.280000 -0.420000 -0.530000 0.050000 0.030000 -0.020000 25.038912 -0.432642 0.000000 67.490000 81.950000
984.409555 0.550000 0.970000 0.070000 0.050000 -0.070000 -0.010000 24.231314 0.288428 0.000000 77.130000 67.490000
984.446742 -0.270000 -1.070000 2.300000 -0.010000 -0.000000 0.040000 25.519785 -0.414391 0.000000 69.230000 83.080000
984.482177 0.150000 0.560000 -0.290000 -0.010000 0.040000 -0.060000 28.269307 -0.432642 0.000000 77.130000 91.590000
984.510964 -0.490000 0.120000 -0.620000 0.050000 -0.030000 0.030000 27.461709 -0.288428 0.000000 77.130000 86.770000
984.539462 0.440000 -0.230000 -1.680000 0.120000 -0.040000 0.050000 22.616116 0.288428 0.000000 72.310000 62.670000
984.568130 0.270000 -0.030000 0.170000 -0.130000 0.020000 -0.020000 25.038912 -0.144214 0.000000 72.310000 77.130000
984.602077 0.280000 0.080000 -0.330000 0.100000 0.050000 -0.020000 36.345295 -1.586355 0.000000 81.950000 134.970000
984.637967 -0.530000 0.370000 0.190000 0.010000 0.030000 -0.020000 27.066287 -0.690552 0.000000 69.230000 92.310000
984.672897 0.360000 0.020000 -1.120000 0.100000 -0.030000 0.090000 25.038912 -0.432642 0.000000 67.490000 81.950000
984.699499 0.940000 0.010000 1.100000 -0.080000 0.040000 -0.070000 23.423715 0.432642 0.000000 77.130000 62.670000
984.735132 0.410000 0.190000 0.120000 0.000000 -0.060000 0.010000 26.292198 -0.552322 0.000000 69.230000 87.690000
984.770183 -0.150000 -0.070000 0.590000 -0.130000 -0.010000 -0.030000 24.747373 0.000000 0.000000 73.850000 73.850000
984.798177 0.290000 -0.310000 0.760000 -0.010000 0.060000 0.010000 25.038912 -0.144214 0.000000 72.310000 77.130000
984.829549 -0.160000 0.030000 0.160000 -0.020000 0.040000 0.000000 21.808517 0.721070 0.000000 77.130000 53.030000
984.858782 0.070000 -0.250000 -1.080000 0.040000 0.020000 0.050000 27.066287 -0.414092 0.000000 73.850000 87.690000
984.891684 -0.490000 -0.170000 1.570000 -0.050000 0.010000 -0.020000 25.846511 0.000000 0.000000 77.130000 77.130000
984.919771 -0.190000 0.100000 0.300000 0.010000 -0.060000 0.040000 23.423715 -0.144214 0.000000 67.490000 72.310000
984.948227 -0.140000 0.020000 -1.040000 0.110000 -0.010000 0.010000 26.654110 -0.144214 0.000000 77.130000 81.950000
984.984633 -0.510000 -0.390000 0.370000 -0.030000 -0.020000 0.020000 23.973284 -0.138230 0.000000 69.230000 73.850000
985.016087 0.250000 -0.370000 -0.670000 0.040000 0.010000 -0.020000 25.038912 0.144214 0.000000 77.130000 72.310000
985.052182 0.100000 -0.130000 0.310000 -0.100000 -0.020000 0.010000 29.386877 -0.828483 0.000000 73.850000 101.540000
985.080450 -0.690000 -0.200000 0.330000 0.060000 -0.000000 0.030000 23.423715 -0.144214 0.000000 67.490000 72.310000
985.107660 -0.560000 0.480000 -0.510000 -0.120000 0.030000 0.060000 28.269307 -0.432642 0.000000 77.130000 91.590000
985.141392 0.250000 -0.090000 -1.360000 0.110000 -0.020000 0.050000 23.750440 -0.374298 0.000000 64.620000 77.130000
985.169844 0.090000 0.020000 -0.010000 0.010000 -0.040000 0.040000 25.519785 -0.137931 0.000000 73.850000 78.460000
985.202196 -0.170000 -0.080000 -1.330000 -0.040000 -0.020000 -0.040000 27.461709 -0.288428 0.000000 77.130000 86.770000
985.232761 -0.440000 0.320000 0.850000 0.040000 -0.090000 0.030000 25.038912 0.432642 0.000000 81.950000 67.490000
985.261891 0.080000 0.040000 0.160000 0.110000 0.000000 -0.030000 20.880281 0.690552 0.000000 73.850000 50.770000
985.290222 0.270000 -0.510000 -0.670000 0.140000 0.010000 0.030000 29.076906 -0.576856 0.000000 77.130000 96.410000
985.318292 0.340000 0.550000 -0.420000 0.050000 0.060000 -0.050000 21.000919 0.865284 0.000000 77.130000 48.210000
985.352087 -0.230000 -0.590000 2.640000 -0.080000 -0.050000 0.080000 21.808517 0.144214 0.000000 67.490000 62.670000
985.380442 -0.220000 -0.090000 -0.750000 -0.010000 -0.050000 -0.010000 20.878606 0.414391 0.000000 69.230000 55.380000
985.409432 -0.820000 -0.400000 1.500000 -0.040000 0.020000 0.010000 21.000919 0.576856 0.000000 72.310000 53.030000
985.445950 -0.350000 -0.640000 -0.330000 -0.080000 -0.060000 -0.340000 17.013190 0.828782 0.000000 64.620000 36.920000
985.480469 0.960000 -0.370000 -0.710000 -0.010000 -0.040000 -0.370000 14.538453 1.154012 0.000000 62.670000 24.100000
985.509497 0.100000 -0.500000 0.990000 -0.070000 0.100000 -0.390000 12.923256 1.154012 0.000000 57.850000 19.280000
985.541403 -0.130000 -0.140000 -0.240000 0.060000 0.000000 -0.460000 8.885262 1.586654 0.000000 53.030000 0.000000
985.577124 -0.060000 0.160000 1.300000 -0.120000 0.060000 -0.630000 7.732507 1.380805 0.000000 46.150000 0.000000
985.609967 -0.110000 0.240000 -1.230000 0.030000 -0.070000 -0.680000 7.268389 1.297927 0.000000 43.380000 0.000000
985.646050 0.900000 0.510000 0.450000 0.060000 -0.050000 -0.780000 6.460790 1.153713 0.000000 38.560000 0.000000
985.679292 0.170000 0.320000 0.060000 0.050000 -0.060000 -0.820000 6.186005 1.104644 0.000000 36.920000 0.000000
985.716639 0.470000 0.380000 0.030000 -0.040000 0.040000 -0.860000 3.865416 0.966713 0.000000 27.690000 -4.620000
985.751195 0.390000 0.620000 -0.220000 -0.010000 -0.010000 -0.840000 5.653191 1.009498 0.000000 33.740000 0.000000
985.779926 -0.590000 0.680000 0.040000 0.030000 -0.000000 -0.820000 4.845593 0.865284 0.000000 28.920000 0.000000
985.814936 -0.340000 0.230000 -0.050000 0.010000 -0.020000 -0.760000 4.639504 0.828483 0.000000 27.690000 0.000000
985.848634 0.190000 -0.910000 0.370000 -0.000000 0.120000 -0.490000 4.845593 0.865284 0.000000 28.920000 0.000000
985.882766 -0.300000 0.530000 0.380000 0.020000 -0.120000 -0.150000 5.413592 0.966713 0.000000 32.310000 0.000000
985.910932 0.460000 0.690000 -0.340000 -0.040000 -0.060000 -0.540000 4.037994 0.721070 0.000000 24.100000 0.000000
985.939547 -0.170000 0.190000 -0.800000 -0.030000 -0.060000 -0.570000 4.037994 0.721070 0.000000 24.100000 0.000000
985.974700 -0.210000 -0.000000 -0.340000 0.040000 -0.040000 -0.650000 4.037994 0.721070 0.000000 24.100000 0.000000
986.012438 0.150000 0.180000 -0.070000 -0.020000 -0.000000 -0.750000 4.639504 0.828483 0.000000 27.690000 0.000000
986.041314 -0.360000 -0.360000 -0.260000 -0.000000 -0.000000 -0.890000 4.037994 0.721070 0.000000 24.100000 0.000000
986.070936 -0.100000 -0.170000 -0.010000 -0.030000 0.030000 -1.000000 2.422796 1.297927 0.000000 28.920000 -14.460000
986.108604 0.030000 0.040000 0.180000 0.000000 -0.010000 -1.100000 2.318914 1.242874 0.000000 27.690000 -13.850000
986.145888 -0.410000 -0.030000 0.020000 -0.000000 -0.020000 -1.130000 0.774088 1.242874 0.000000 23.080000 -18.460000
986.182804 0.120000 -0.050000 -0.130000 0.010000 -0.030000 -1.180000 2.422796 1.297927 0.000000 28.920000 -14.460000
986.215120 0.190000 -0.230000 0.560000 0.000000 -0.010000 -1.260000 0.807599 1.297927 0.000000 24.100000 -19.280000
986.249224 0.150000 0.010000 -0.180000 -0.010000 -0.000000 -1.240000 1.546501 1.380805 0.000000 27.690000 -18.460000
986.285128 0.340000 -0.110000 0.020000 -0.020000 -0.030000 -1.320000 1.615198 1.442141 0.000000 28.920000 -19.280000
986.322820 -0.000000 0.230000 -0.680000 -0.030000 0.020000 -1.360000 2.422796 1.297927 0.000000 28.920000 -14.460000
986.352252 -0.300000 -0.120000 -0.350000 -0.010000 -0.000000 -1.340000 -1.615198 2.018997 0.000000 28.920000 -38.560000
986.379360 0.020000 0.260000 0.140000 -0.010000 -0.010000 -1.330000 1.615198 1.442141 0.000000 28.920000 -19.280000
986.414908 -0.190000 0.060000 0.270000 -0.010000 0.020000 -1.370000 1.615198 1.442141 0.000000 28.920000 -19.280000
986.448798 -0.030000 -0.060000 -0.020000 -0.010000 0.020000 -1.340000 1.546501 1.657265 0.000000 32.310000 -23.080000
986.485664 0.450000 0.290000 0.010000 0.030000 -0.070000 -1.330000 0.000000 1.730569 0.000000 28.920000 -28.920000
986.521412 0.000000 0.080000 -0.120000 -0.000000 -0.020000 -1.320000 1.615198 1.442141 0.000000 28.920000 -19.280000
986.550355 -0.130000 -0.080000 0.590000 -0.010000 -0.030000 -1.270000 1.546501 1.657265 0.000000 32.310000 -23.080000
986.579415 0.570000 0.130000 -0.040000 -0.020000 -0.020000 -1.270000 1.546501 1.380805 0.000000 27.690000 -18.460000
986.609483 -0.120000 -0.240000 -0.070000 -0.010000 -0.030000 -1.200000 2.422796 1.586355 0.000000 33.740000 -19.280000
986.645857 -0.100000 -0.250000 -0.240000 -0.010000 -0.000000 -1.180000 1.615198 1.442141 0.000000 28.920000 -19.280000
986.677757 0.080000 -0.080000 0.020000 -0.020000 -0.020000 -1.190000 1.546501 1.380805 0.000000 27.690000 -18.460000
986.712263 -0.080000 0.200000 -0.140000 -0.050000 0.100000 -1.200000 1.615198 1.442141 0.000000 28.920000 -19.280000
986.741826 -0.180000 -0.060000 -0.030000 0.000000 -0.040000 -1.220000 0.807599 1.297927 0.000000 24.100000 -19.280000
986.770704 0.070000 0.130000 -0.470000 -0.020000 -0.030000 -1.220000 2.422796 1.297927 0.000000 28.920000 -14.460000
986.799769 -0.140000 -0.070000 0.110000 -0.020000 -0.020000 -1.220000 1.615198 1.442141 0.000000 28.920000 -19.280000
986.835201 0.330000 0.040000 -0.010000 0.010000 -0.040000 -1.230000 1.615198 1.442141 0.000000 28.920000 -19.280000
986.870869 -0.080000 0.080000 0.310000 -0.000000 -0.010000 -1.160000 1.546501 1.380805 0.000000 27.690000 -18.460000
986.900244 -0.290000 -0.210000 -0.010000 -0.010000 -0.020000 -1.120000 0.807599 1.297927 0.000000 24.100000 -19.280000
986.926879 0.470000 0.110000 0.290000 0.010000 -0.010000 -1.180000 1.615198 1.442141 0.000000 28.920000 -19.280000
986.964654 0.240000 -0.170000 0.150000 -0.050000 0.010000 -1.130000 1.546501 1.380805 0.000000 27.690000 -18.460000
986.997873 -0.020000 0.090000 0.310000 0.020000 -0.000000 -1.160000 1.546501 1.380805 0.000000 27.690000 -18.460000
987.035923 0.050000 -0.110000 -0.170000 -0.010000 -0.010000 -1.110000 0.807599 1.297927 0.000000 24.100000 -19.280000
987.071888 -0.450000 -0.190000 -0.440000 -0.030000 -0.030000 -1.100000 1.615198 1.442141 0.000000 28.920000 -19.280000
987.099949 0.280000 0.140000 0.060000 0.020000 0.010000 -1.120000 1.546501 1.380805 0.000000 27.690000 -18.460000
987.134414 0.180000 0.150000 0.420000 -0.010000 -0.030000 -1.120000 1.615198 1.153713 0.000000 24.100000 -14.460000
987.166233 -0.450000 0.060000 -0.350000 0.030000 -0.040000 -1.130000 1.615198 1.442141 0.000000 28.920000 -19.280000
987.203642 0.420000 0.020000 -0.260000 -0.000000 -0.010000 -1.150000 2.422796 1.297927 0.000000 28.920000 -14.460000
987.234706 -0.190000 -0.060000 0.060000 -0.040000 -0.010000 -1.180000 1.546501 1.380805 0.000000 27.690000 -18.460000
987.267599 0.160000 -0.080000 -0.160000 -0.000000 -0.010000 -1.180000 1.615198 1.442141 0.000000 28.920000 -19.280000
987.305161 -0.000000 0.140000 0.690000 -0.030000 -0.010000 -1.200000 1.546501 1.380805 0.000000 27.690000 -18.460000
987.338154 -0.680000 -0.130000 -0.690000 -0.020000 0.030000 -1.190000 0.807599 1.297927 0.000000 24.100000 -19.280000
987.374911 0.430000 -0.120000 0.480000 0.010000 -0.030000 -1.200000 1.615198 1.442141 0.000000 28.920000 -19.280000
987.407611 -0.200000 0.090000 0.020000 -0.020000 -0.020000 -1.220000 1.615198 1.442141 0.000000 28.920000 -19.280000
987.443320 -0.030000 0.160000 -0.080000 0.010000 -0.010000 -1.200000 0.774088 1.242874 0.000000 23.080000 -18.460000
987.471938 0.000000 -0.320000 -0.060000 -0.020000 -0.030000 -1.190000 1.615198 1.442141 0.000000 28.920000 -19.280000
987.502372 -0.180000 -0.100000 0.390000 -0.000000 -0.020000 -1.190000 0.807599 1.297927 0.000000 24.100000 -19.280000
987.529949 -0.150000 -0.350000 -0.220000 -0.010000 -0.000000 -1.180000 2.318914 1.242874 0.000000 27.690000 -13.850000
987.565276 0.410000 0.540000 0.120000 -0.010000 -0.030000 -1.180000 0.978501 1.555836 0.000000 28.920000 -23.080000
987.599951 -0.280000 -0.140000 -0.110000 -0.020000 0.000000 -1.200000 1.615198 1.442141 0.000000 28.920000 -19.280000
987.628672 0.160000 0.010000 -0.150000 -0.000000 -0.020000 -1.180000 1.615198 1.442141 0.000000 28.920000 -19.280000
987.663636 -0.010000 0.210000 -0.030000 -0.020000 0.000000 -1.220000 1.546501 1.380805 0.000000 27.690000 -18.460000
987.693184 0.060000 -0.100000 -0.290000 -0.020000 -0.010000 -1.250000 0.807599 1.297927 0.000000 24.100000 -19.280000
987.722048 0.430000 0.270000 0.170000 0.010000 0.000000 -1.270000 0.772413 1.519035 0.000000 27.690000 -23.080000
987.751486 -0.330000 -0.130000 -0.070000 -0.000000 -0.040000 -1.250000 2.422796 1.297927 0.000000 28.920000 -14.460000
987.780653 0.100000 -0.130000 -0.130000 -0.010000 0.000000 -1.260000 0.807599 1.586355 0.000000 28.920000 -24.100000
987.809662 -0.280000 -0.170000 0.210000 -0.020000 -0.010000 -1.290000 1.615198 1.442141 0.000000 28.920000 -19.280000
987.841864 0.240000 0.530000 0.100000 0.010000 -0.020000 -1.280000 0.772413 1.519035 0.000000 27.690000 -23.080000
987.879775 -0.430000 -0.070000 0.430000 -0.010000 -0.010000 -1.250000 1.615198 1.442141 0.000000 28.920000 -19.280000
987.908145 0.050000 0.030000 0.260000 0.030000 -0.030000 -1.260000 0.807599 1.586355 0.000000 28.920000 -24.100000
987.944358 -0.230000 -0.190000 -0.220000 0.010000 -0.010000 -1.290000 1.546501 1.380805 0.000000 27.690000 -18.460000
987.979730 0.290000 -0.220000 0.700000 -0.010000 0.010000 -1.290000 2.318914 1.242874 0.000000 27.690000 -13.850000
988.007421 -0.220000 0.130000 -0.270000 -0.020000 -0.010000 -1.280000 1.615198 1.442141 0.000000 28.920000 -19.280000
988.043354 -0.240000 0.010000 -0.490000 -0.000000 -0.020000 -1.210000 1.615198 1.442141 0.000000 28.920000 -19.280000
988.072481 0.170000 -0.090000 -0.780000 -0.020000 0.010000 -1.250000 1.546501 1.380805 0.000000 27.690000 -18.460000
988.102174 0.400000 0.070000 -0.080000 0.010000 -0.060000 -1.280000 1.615198 1.442141 0.000000 28.920000 -19.280000
988.129236 0.560000 -0.120000 0.630000 -0.020000 0.000000 -1.320000 1.615198 1.442141 0.000000 28.920000 -19.280000
988.164704 0.080000 -0.040000 0.010000 -0.010000 -0.030000 -1.360000 1.615198 1.442141 0.000000 28.920000 -19.280000
988.202821 -0.410000 0.090000 -0.240000 0.010000 -0.030000 -1.310000 1.615198 1.442141 0.000000 28.920000 -19.280000
988.231225 -0.410000 -0.070000 0.320000 -0.000000 -0.030000 -1.340000 0.807599 1.586355 0.000000 28.920000 -24.100000
988.268056 -0.150000 -0.020000 -0.120000 0.000000 -0.010000 -1.350000 1.546501 1.380805 0.000000 27.690000 -18.460000
988.301235 -0.280000 -0.100000 -0.080000 -0.020000 -0.010000 -1.320000 1.615198 1.442141 0.000000 28.920000 -19.280000
988.337391 0.110000 -0.080000 -0.130000 -0.010000 -0.020000 -1.320000 2.422796 1.586355 0.000000 33.740000 -19.280000
988.371286 0.260000 0.210000 0.290000 0.010000 -0.000000 -1.320000 -0.774088 1.795196 0.000000 27.690000 -32.310000
988.402869 -0.150000 -0.220000 -0.140000 -0.010000 -0.030000 -1.290000 1.546501 1.380805 0.000000 27.690000 -18.460000
988.431958 0.450000 0.160000 -0.110000 -0.000000 -0.020000 -1.290000 1.615198 1.442141 0.000000 28.920000 -19.280000
988.460774 0.010000 0.060000 -0.430000 -0.010000 -0.030000 -1.330000 0.807599 1.586355 0.000000 28.920000 -24.100000
988.489387 0.060000 0.100000 -0.260000 0.000000 -0.030000 -1.310000 1.546501 1.380805 0.000000 27.690000 -18.460000
988.524456 0.490000 0.150000 -0.060000 -0.010000 -0.040000 -1.350000 1.615198 1.730569 0.000000 33.740000 -24.100000
988.557803 -0.230000 0.020000 0.140000 -0.010000 -0.010000 -1.320000 1.615198 1.442141 0.000000 28.920000 -19.280000
988.594946 -0.160000 0.030000 0.320000 0.000000 -0.010000 -1.330000 1.615198 1.442141 0.000000 28.920000 -19.280000
988.631623 0.230000 -0.080000 -0.460000 0.000000 -0.040000 -1.330000 0.807599 1.586355 0.000000 28.920000 -24.100000
988.659728 0.040000 0.570000 -0.040000 -0.010000 -0.000000 -1.340000 2.422796 1.586355 0.000000 33.740000 -19.280000
988.695053 -0.630000 -0.430000 0.150000 0.000000 -0.020000 -1.310000 0.772413 1.519035 0.000000 27.690000 -23.080000
988.727276 -0.100000 -0.340000 -0.090000 0.010000 -0.060000 -1.320000 0.807599 1.586355 0.000000 28.920000 -24.100000
988.763160 0.250000 0.260000 0.140000 0.000000 -0.020000 -1.360000 1.615198 1.442141 0.000000 28.920000 -19.280000
988.792211 -0.410000 0.020000 -0.350000 -0.010000 -0.020000 -1.320000 1.546501 1.380805 0.000000 27.690000 -18.460000
988.821621 0.190000 -0.230000 -0.130000 -0.010000 -0.010000 -1.350000 1.546501 1.380805 0.000000 27.690000 -18.460000
988.848860 -0.420000 0.240000 0.470000 0.010000 -0.040000 -1.300000 1.615198 1.442141 0.000000 28.920000 -19.280000
988.884526 -0.160000 0.140000 0.660000 0.020000 -0.040000 -1.310000 2.422796 1.586355 0.000000 33.740000 -19.280000
988.919267 0.010000 -0.200000 0.250000 -0.000000 0.020000 -1.330000 -0.774088 1.795196 0.000000 27.690000 -32.310000
988.947115 0.260000 0.110000 -0.700000 -0.030000 0.050000 -1.290000 1.615198 1.442141 0.000000 28.920000 -19.280000
988.979429 0.140000 -0.080000 0.040000 0.010000 -0.010000 -1.310000 1.615198 1.442141 0.000000 28.920000 -19.280000
989.013843 0.210000 0.000000 -0.070000 -0.030000 0.040000 -1.310000 0.807599 1.586355 0.000000 28.920000 -24.100000
989.050293 -0.040000 0.030000 -0.180000 0.000000 -0.030000 -1.340000 0.772413 1.519035 0.000000 27.690000 -23.080000
989.078948 0.010000 -0.140000 0.280000 -0.010000 -0.020000 -1.360000 1.615198 1.442141 0.000000 28.920000 -19.280000
989.115205 0.120000 0.170000 -0.210000 -0.000000 0.010000 -1.330000 1.546501 1.657265 0.000000 32.310000 -23.080000
989.154836 -0.010000 -0.010000 -0.350000 -0.000000 -0.010000 -1.360000 0.807599 1.586355 0.000000 28.920000 -24.100000
989.188292 -0.150000 -0.040000 0.310000 -0.010000 -0.020000 -1.330000 1.615198 1.442141 0.000000 28.920000 -19.280000
989.224654 -0.090000 -0.020000 0.830000 -0.020000 -0.030000 -1.360000 1.409109 1.405339 0.000000 27.690000 -19.280000
989.258050 -0.280000 0.070000 -0.020000 -0.010000 -0.040000 -1.330000 0.772413 1.519035 0.000000 27.690000 -23.080000
989.294277 0.230000 -0.170000 -0.140000 -0.010000 -0.030000 -1.330000 1.615198 1.442141 0.000000 28.920000 -19.280000
989.327422 0.360000 -0.080000 -0.220000 -0.010000 -0.020000 -1.370000 0.807599 1.586355 0.000000 28.920000 -24.100000
989.363234 -0.230000 0.220000 0.490000 -0.030000 -0.000000 -1.380000 1.546501 1.380805 0.000000 27.690000 -18.460000
989.392715 -0.440000 -0.220000 -0.520000 -0.020000 -0.020000 -1.360000 0.807599 1.586355 0.000000 28.920000 -24.100000
989.431789 -0.120000 -0.050000 0.120000 -0.020000 -0.040000 -1.370000 1.615198 1.730569 0.000000 33.740000 -24.100000
989.467581 0.140000 0.040000 0.070000 -0.000000 -0.020000 -1.370000 1.615198 1.442141 0.000000 28.920000 -19.280000
989.502689 0.000000 -0.170000 -0.310000 -0.010000 0.000000 -1.380000 1.546501 1.380805 0.000000 27.690000 -18.460000
989.531388 0.270000 0.110000 -0.010000 -0.010000 -0.000000 -1.420000 1.615198 1.730569 0.000000 33.740000 -24.100000
989.560276 0.130000 0.350000 0.050000 -0.000000 -0.030000 -1.430000 1.546501 1.380805 0.000000 27.690000 -18.460000
989.590247 -0.170000 -0.030000 0.270000 -0.030000 -0.000000 -1.410000 0.807599 1.586355 0.000000 28.920000 -24.100000
989.617897 0.060000 0.060000 -0.520000 -0.010000 -0.010000 -1.450000 1.615198 1.442141 0.000000 28.920000 -19.280000
989.653879 -0.120000 -0.090000 -0.020000 0.000000 -0.030000 -1.430000 0.807599 1.586355 0.000000 28.920000 -24.100000
989.685351 0.090000 0.020000 -0.080000 -0.000000 0.000000 -1.420000 1.546501 1.657265 0.000000 32.310000 -23.080000
989.721617 0.460000 -0.040000 0.000000 0.010000 -0.010000 -1.440000 1.615198 1.442141 0.000000 28.920000 -19.280000
989.750161 -0.090000 0.010000 0.060000 -0.030000 -0.010000 -1.470000 0.807599 1.586355 0.000000 28.920000 -24.100000
989.778149 -0.370000 0.100000 0.200000 -0.020000 -0.030000 -1.430000 0.772413 1.519035 0.000000 27.690000 -23.080000
989.812913 -0.290000 -0.480000 -0.190000 0.000000 -0.010000 -1.430000 1.546501 1.657265 0.000000 32.310000 -23.080000
989.842086 -0.110000 -0.210000 0.460000 -0.030000 0.000000 -1.470000 1.615198 1.442141 0.000000 28.920000 -19.280000
989.868413 0.370000 0.420000 0.040000 0.010000 -0.020000 -1.470000 0.807599 1.586355 0.000000 28.920000 -24.100000
989.906622 -0.120000 -0.170000 -0.070000 -0.000000 -0.020000 -1.490000 1.546501 1.657265 0.000000 32.310000 -23.080000
989.940973 -0.140000 -0.330000 0.080000 -0.030000 -0.030000 -1.510000 0.807599 1.586355 0.000000 28.920000 -24.100000
989.970701 -0.540000 0.330000 -0.080000 0.000000 -0.020000 -1.450000 2.990796 1.399355 0.000000 32.310000 -14.460000
989.999388 0.210000 0.160000 -0.190000 0.020000 -0.010000 -1.450000 0.807599 1.586355 0.000000 28.920000 -24.100000
990.028238 0.230000 -0.120000 0.160000 -0.020000 -0.030000 -1.450000 1.615198 1.730569 0.000000 33.740000 -24.100000
990.063285 0.420000 0.490000 -0.160000 -0.000000 -0.040000 -1.420000 2.422796 1.586355 0.000000 33.740000 -19.280000
990.093473 -0.060000 -0.060000 -0.150000 -0.010000 -0.030000 -1.390000 1.546501 1.380805 0.000000 27.690000 -18.460000
990.123238 0.540000 -0.440000 -0.000000 -0.030000 -0.020000 -1.450000 1.615198 1.730569 0.000000 33.740000 -24.100000
990.150304 0.680000 0.390000 0.500000 -0.010000 -0.030000 -1.460000 0.807599 1.874783 0.000000 33.740000 -28.920000
990.179324 -0.210000 -0.090000 0.010000 0.000000 -0.030000 -1.460000 1.546501 1.657265 0.000000 32.310000 -23.080000
990.217054 -0.250000 -0.280000 -0.130000 -0.010000 -0.010000 -1.440000 2.320590 1.519035 0.000000 32.310000 -18.460000
990.253110 0.080000 0.040000 0.340000 -0.000000 -0.030000 -1.440000 2.422796 1.586355 0.000000 33.740000 -19.280000
990.280749 -0.470000 -0.100000 -0.110000 -0.010000 -0.030000 -1.410000 0.807599 1.586355 0.000000 28.920000 -24.100000
990.310947 -0.310000 0.160000 -0.240000 -0.010000 -0.020000 -1.360000 1.546501 1.657265 0.000000 32.310000 -23.080000
990.340684 -0.640000 -0.460000 -0.320000 -0.010000 -0.050000 -1.360000 0.807599 1.586355 0.000000 28.920000 -24.100000
990.369313 0.150000 0.400000 -0.170000 -0.010000 -0.010000 -1.360000 1.615198 1.730569 0.000000 33.740000 -24.100000
990.404771 -0.230000 0.160000 0.190000 0.010000 0.000000 -1.350000 0.807599 1.297927 0.000000 24.100000 -19.280000
990.441419 -0.150000 0.010000 -0.470000 0.010000 -0.010000 -1.370000 2.422796 1.586355 0.000000 33.740000 -19.280000
990.471833 -0.030000 0.010000 0.250000 -0.000000 -0.020000 -1.360000 0.807599 1.586355 0.000000 28.920000 -24.100000
990.501196 -0.440000 -0.410000 0.510000 0.020000 -0.040000 -1.340000 0.772413 1.519035 0.000000 27.690000 -23.080000
990.528717 0.430000 -0.120000 -0.230000 -0.020000 -0.010000 -1.370000 0.807599 1.297927 0.000000 24.100000 -19.280000
990.561922 0.520000 0.120000 -0.020000 -0.000000 -0.010000 -1.430000 1.615198 1.730569 0.000000 33.740000 -24.100000
990.592069 -0.310000 0.110000 -0.180000 -0.010000 -0.000000 -1.410000 1.546501 1.380805 0.000000 27.690000 -18.460000
990.622175 0.190000 0.040000 0.110000 -0.010000 0.010000 -1.400000 0.772413 1.519035 0.000000 27.690000 -23.080000
990.650346 -0.560000 -0.320000 -0.290000 -0.000000 -0.010000 -1.380000 1.615198 1.442141 0.000000 28.920000 -19.280000
990.686610 0.280000 -0.090000 0.040000 -0.000000 -0.010000 -1.340000 0.807599 1.586355 0.000000 28.920000 -24.100000
990.721608 0.420000 -0.050000 -0.110000 -0.010000 -0.000000 -1.380000 0.772413 1.519035 0.000000 27.690000 -23.080000
990.748329 0.030000 0.300000 0.000000 0.010000 -0.030000 -1.380000 2.422796 1.586355 0.000000 33.740000 -19.280000
990.785337 -0.200000 -0.020000 0.010000 0.010000 -0.010000 -1.410000 2.422796 1.586355 0.000000 33.740000 -19.280000
990.817500 0.000000 -0.250000 -0.040000 -0.010000 -0.020000 -1.390000 1.615198 1.442141 0.000000 28.920000 -19.280000
990.855938 0.100000 -0.020000 0.260000 -0.020000 -0.020000 -1.360000 0.807599 1.586355 0.000000 28.920000 -24.100000
990.888625 0.100000 -0.180000 -0.140000 -0.010000 -0.010000 -1.370000 2.422796 1.586355 0.000000 33.740000 -19.280000
990.925050 0.110000 -0.010000 0.300000 -0.010000 -0.020000 -1.350000 0.772413 1.519035 0.000000 27.690000 -23.080000
990.958967 0.390000 0.060000 -0.380000 -0.010000 -0.010000 -1.400000 1.615198 1.730569 0.000000 33.740000 -24.100000
990.996060 0.050000 0.170000 0.610000 -0.000000 -0.020000 -1.360000 1.615198 1.442141 0.000000 28.920000 -19.280000
991.030930 -0.100000 -0.000000 0.030000 -0.010000 0.000000 -1.340000 1.546501 1.380805 0.000000 27.690000 -18.460000
991.063167 0.270000 -0.040000 0.200000 -0.010000 -0.030000 -1.350000 1.546501 1.380805 0.000000 27.690000 -18.460000
991.098279 0.230000 0.390000 -0.200000 -0.000000 -0.030000 -1.340000 0.807599 1.586355 0.000000 28.920000 -24.100000
991.132280 0.080000 -0.060000 0.060000 0.000000 -0.000000 -1.380000 2.422796 1.586355 0.000000 33.740000 -19.280000
991.162704 0.020000 -0.030000 0.040000 -0.010000 0.020000 -1.360000 0.772413 1.519035 0.000000 27.690000 -23.080000
991.191421 -0.120000 0.350000 -0.710000 -0.030000 0.020000 -1.360000 1.615198 1.442141 0.000000 28.920000 -19.280000
991.221920 -0.070000 -0.330000 0.570000 -0.010000 -0.040000 -1.390000 1.615198 1.442141 0.000000 28.920000 -19.280000
991.251461 0.150000 0.200000 -0.270000 0.000000 -0.020000 -1.380000 1.615198 1.442141 0.000000 28.920000 -19.280000
991.280990 -0.430000 -0.120000 -0.000000 -0.010000 -0.020000 -1.380000 1.546501 1.380805 0.000000 27.690000 -18.460000
991.308858 -0.140000 -0.230000 -0.310000 -0.010000 -0.000000 -1.350000 1.615198 1.730569 0.000000 33.740000 -24.100000
991.344210 0.150000 -0.180000 -0.470000 -0.010000 -0.030000 -1.370000 1.546501 1.380805 0.000000 27.690000 -18.460000
991.375761 0.180000 0.110000 0.070000 0.010000 -0.030000 -1.390000 0.807599 1.586355 0.000000 28.920000 -24.100000
991.411348 0.150000 -0.150000 0.810000 -0.020000 -0.010000 -1.370000 2.422796 1.586355 0.000000 33.740000 -19.280000
991.440920 -0.030000 -0.150000 0.020000 -0.020000 0.000000 -1.380000 1.615198 1.442141 0.000000 28.920000 -19.280000
991.469523 -0.470000 0.140000 0.320000 -0.020000 -0.000000 -1.340000 1.546501 1.657265 0.000000 32.310000 -23.080000
991.500323 -0.240000 -0.210000 -0.160000 -0.010000 -0.010000 -1.360000 0.807599 1.586355 0.000000 28.920000 -24.100000
991.538530 0.190000 0.240000 0.050000 -0.000000 -0.010000 -1.310000 1.615198 1.730569 0.000000 33.740000 -24.100000
991.574172 0.520000 0.270000 0.060000 -0.020000 0.010000 -1.390000 1.546501 1.380805 0.000000 27.690000 -18.460000
991.605896 -0.210000 0.140000 -0.070000 0.010000 -0.040000 -1.320000 0.978501 1.555836 0.000000 28.920000 -23.080000
991.642358 0.070000 0.060000 -0.030000 -0.010000 -0.020000 -1.300000 2.422796 1.586355 0.000000 33.740000 -19.280000
991.670413 -0.250000 -0.060000 0.190000 -0.020000 -0.020000 -1.320000 1.615198 1.442141 0.000000 28.920000 -19.280000
991.705627 0.010000 0.270000 -0.250000 -0.000000 -0.040000 -1.260000 1.546501 1.380805 0.000000 27.690000 -18.460000
991.740434 -0.130000 -0.170000 0.010000 0.010000 -0.050000 -1.300000 2.422796 1.586355 0.000000 33.740000 -19.280000
991.769421 -0.010000 -0.330000 -0.240000 -0.010000 -0.050000 -1.250000 0.772413 1.519035 0.000000 27.690000 -23.080000
991.805895 0.140000 0.200000 0.050000 -0.000000 -0.000000 -1.250000 1.615198 1.442141 0.000000 28.920000 -19.280000
991.840598 -0.380000 -0.240000 0.370000 -0.020000 -0.040000 -1.220000 2.422796 1.297927 0.000000 28.920000 -14.460000
991.870700 -0.190000 0.020000 -0.180000 -0.010000 -0.000000 -1.240000 1.615198 1.442141 0.000000 28.920000 -19.280000
991.900346 0.300000 0.090000 -0.280000 -0.000000 -0.030000 -1.230000 1.546501 1.380805 0.000000 27.690000 -18.460000
991.929382 0.190000 -0.070000 0.130000 -0.010000 0.000000 -1.260000 1.615198 1.442141 0.000000 28.920000 -19.280000
991.963220 0.300000 0.240000 0.470000 -0.010000 -0.040000 -1.260000 1.615198 1.442141 0.000000 28.920000 -19.280000
991.992461 -0.080000 0.120000 0.150000 0.010000 -0.020000 -1.280000 2.320590 1.519035 0.000000 32.310000 -18.460000
992.021950 -0.220000 -0.220000 -0.220000 -0.020000 -0.020000 -1.250000 1.546501 1.380805 0.000000 27.690000 -18.460000
992.050531 0.190000 0.210000 -0.460000 0.000000 -0.010000 -1.250000 1.615198 1.442141 0.000000 28.920000 -19.280000
992.080181 -0.300000 -0.160000 0.090000 -0.020000 -0.020000 -1.260000 1.615198 1.442141 0.000000 28.920000 -19.280000
992.108634 0.200000 0.160000 0.240000 -0.010000 0.010000 -1.280000 2.320590 1.519035 0.000000 32.310000 -18.460000
992.142132 -0.610000 -0.010000 -0.130000 -0.020000 -0.050000 -1.280000 1.615198 1.442141 0.000000 28.920000 -19.280000
992.178612 -0.000000 0.110000 -0.190000 0.000000 0.010000 -1.230000 1.615198 1.442141 0.000000 28.920000 -19.280000
992.214965 0.030000 -0.200000 -0.410000 -0.010000 -0.020000 -1.200000 1.615198 1.442141 0.000000 28.920000 -19.280000
992.253327 0.280000 -0.020000 0.220000 -0.000000 -0.010000 -1.190000 0.807599 1.586355 0.000000 28.920000 -24.100000
992.288202 0.270000 0.390000 0.030000 -0.020000 0.020000 -1.240000 1.615198 1.442141 0.000000 28.920000 -19.280000
992.320259 0.100000 -0.150000 0.110000 -0.020000 -0.020000 -1.290000 0.772413 1.519035 0.000000 27.690000 -23.080000
992.358712 -0.000000 0.040000 -0.140000 0.000000 -0.000000 -1.280000 1.615198 1.442141 0.000000 28.920000 -19.280000
992.392476 -0.000000 -0.310000 -0.020000 -0.010000 0.020000 -1.260000 2.422796 1.586355 0.000000 33.740000 -19.280000
992.431172 0.740000 -0.150000 -0.040000 0.000000 -0.020000 -1.270000 1.546501 1.380805 0.000000 27.690000 -18.460000
992.460271 -0.240000 0.140000 0.060000 -0.020000 -0.010000 -1.290000 0.772413 1.519035 0.000000 27.690000 -23.080000
992.489486 -0.170000 -0.230000 0.010000 0.010000 -0.020000 -1.290000 1.615198 1.442141 0.000000 28.920000 -19.280000
992.518988 0.540000 0.180000 0.000000 -0.010000 -0.040000 -1.330000 1.615198 1.442141 0.000000 28.920000 -19.280000
992.549609 -0.330000 -0.030000 0.140000 -0.020000 -0.030000 -1.330000 1.546501 1.380805 0.000000 27.690000 -18.460000
992.578426 0.040000 -0.230000 -0.040000 -0.010000 -0.020000 -1.320000 0.807599 1.586355 0.000000 28.920000 -24.100000
992.614638 0.220000 0.170000 -0.390000 -0.040000 0.030000 -1.370000 1.615198 1.442141 0.000000 28.920000 -19.280000
992.650990 0.150000 0.320000 -0.030000 0.010000 -0.010000 -1.330000 1.615198 1.442141 0.000000 28.920000 -19.280000
992.678302 -0.200000 -0.020000 0.160000 -0.020000 0.000000 -1.320000 2.422796 1.586355 0.000000 33.740000 -19.280000
992.715071 -0.200000 -0.060000 0.270000 0.010000 -0.040000 -1.290000 1.615198 1.730569 0.000000 33.740000 -24.100000
992.751442 0.180000 -0.290000 0.390000 -0.000000 -0.010000 -1.340000 0.772413 1.519035 0.000000 27.690000 -23.080000
992.780953 -0.130000 -0.010000 0.260000 -0.040000 0.010000 -1.290000 1.615198 1.442141 0.000000 28.920000 -19.280000
992.813523 0.130000 0.100000 -0.350000 -0.010000 -0.010000 -1.340000 1.615198 1.442141 0.000000 28.920000 -19.280000
992.842654 0.080000 0.110000 0.140000 -0.050000 0.050000 -1.350000 0.772413 1.519035 0.000000 27.690000 -23.080000
992.871307 0.020000 0.020000 -0.330000 -0.000000 -0.010000 -1.350000 2.320590 1.519035 0.000000 32.310000 -18.460000
992.899482 0.220000 0.130000 0.090000 -0.010000 0.000000 -1.310000 1.615198 1.442141 0.000000 28.920000 -19.280000
992.931443 -0.130000 0.090000 -0.650000 0.000000 -0.010000 -1.310000 0.807599 1.586355 0.000000 28.920000 -24.100000
992.969516 -0.480000 -0.200000 0.120000 -0.010000 -0.010000 -1.310000 1.546501 1.380805 0.000000 27.690000 -18.460000
992.998118 0.430000 0.130000 0.440000 -0.030000 -0.000000 -1.320000 2.422796 1.586355 0.000000 33.740000 -19.280000
993.033632 -0.350000 0.130000 0.130000 -0.000000 -0.020000 -1.290000 1.615198 1.442141 0.000000 28.920000 -19.280000
993.069361 -0.530000 -0.110000 -0.290000 -0.000000 -0.010000 -1.240000 1.615198 1.442141 0.000000 28.920000 -19.280000
993.098298 -0.060000 0.000000 -0.570000 -0.000000 -0.030000 -1.330000 1.546501 1.380805 0.000000 27.690000 -18.460000
993.132787 -0.150000 0.250000 0.400000 0.010000 -0.030000 -1.290000 1.615198 1.442141 0.000000 28.920000 -19.280000
993.162065 -0.230000 -0.180000 -0.110000 -0.010000 -0.020000 -1.320000 1.546501 1.380805 0.000000 27.690000 -18.460000
993.190745 -0.000000 0.010000 0.590000 -0.010000 -0.060000 -1.340000 0.807599 1.586355 0.000000 28.920000 -24.100000
993.218933 0.100000 0.280000 -0.470000 0.010000 0.020000 -1.310000 2.422796 1.586355 0.000000 33.740000 -19.280000
993.255110 0.130000 -0.370000 0.530000 -0.010000 -0.010000 -1.340000 1.615198 1.442141 0.000000 28.920000 -19.280000
993.290635 0.350000 0.090000 -0.190000 0.000000 0.000000 -1.390000 1.546501 1.657265 0.000000 32.310000 -23.080000
993.326483 -0.200000 0.050000 -0.050000 -0.000000 -0.010000 -1.410000 1.615198 1.442141 0.000000 28.920000 -19.280000
993.362478 -0.600000 -0.050000 -0.040000 -0.010000 -0.010000 -1.330000 2.422796 1.586355 0.000000 33.740000 -19.280000
993.389669 -0.180000 -0.040000 0.100000 -0.010000 0.020000 -1.320000 0.772413 1.519035 0.000000 27.690000 -23.080000
993.424328 0.410000 0.100000 0.360000 0.010000 -0.020000 -1.330000 0.978501 1.555836 0.000000 28.920000 -23.080000
993.460986 0.400000 0.130000 0.020000 0.000000 -0.010000 -1.300000 2.422796 1.297927 0.000000 28.920000 -14.460000
993.489437 0.480000 0.010000 -0.530000 -0.020000 -0.030000 -1.350000 1.615198 1.442141 0.000000 28.920000 -19.280000
993.521420 0.060000 0.280000 0.170000 -0.010000 -0.030000 -1.370000 1.546501 1.380805 0.000000 27.690000 -18.460000
993.552481 -0.590000 -0.200000 0.240000 -0.000000 -0.050000 -1.300000 1.615198 1.442141 0.000000 28.920000 -19.280000
993.580383 0.200000 0.250000 -0.040000 0.010000 -0.040000 -1.330000 1.546501 1.380805 0.000000 27.690000 -18.460000
993.617897 -0.370000 -0.190000 -0.020000 -0.020000 -0.030000 -1.320000 1.615198 1.442141 0.000000 28.920000 -19.280000
993.654164 -0.220000 -0.210000 -0.430000 0.010000 -0.050000 -1.280000 1.615198 1.442141 0.000000 28.920000 -19.280000
993.688475 0.280000 -0.240000 -0.080000 0.010000 -0.040000 -1.350000 1.615198 1.442141 0.000000 28.920000 -19.280000
993.721530 -0.120000 0.020000 0.160000 -0.020000 0.010000 -1.350000 1.546501 1.657265 0.000000 32.310000 -23.080000
993.756965 0.200000 -0.020000 -0.020000 -0.020000 -0.030000 -1.350000 1.615198 1.442141 0.000000 28.920000 -19.280000
993.792877 -0.250000 -0.150000 0.210000 -0.030000 -0.020000 -1.350000 1.615198 1.442141 0.000000 28.920000 -19.280000
993.820966 -0.080000 -0.030000 0.010000 -0.020000 -0.030000 -1.310000 1.546501 1.380805 0.000000 27.690000 -18.460000
993.851484 0.140000 -0.150000 -0.170000 -0.020000 -0.010000 -1.320000 1.546501 1.380805 0.000000 27.690000 -18.460000
993.879926 0.060000 0.260000 0.120000 -0.020000 -0.030000 -1.310000 1.615198 1.442141 0.000000 28.920000 -19.280000
993.915098 -0.020000 0.030000 -0.160000 0.000000 -0.050000 -1.290000 1.615198 1.442141 0.000000 28.920000 -19.280000
993.949327 -0.150000 0.000000 -0.180000 -0.020000 -0.020000 -1.280000 0.772413 1.519035 0.000000 27.690000 -23.080000
993.985240 0.310000 0.080000 0.030000 0.010000 -0.060000 -1.310000 1.615198 1.442141 0.000000 28.920000 -19.280000
994.019955 0.390000 -0.150000 0.260000 -0.000000 -0.020000 -1.290000 1.615198 1.442141 0.000000 28.920000 -19.280000
994.057267 0.290000 0.150000 -0.110000 -0.020000 -0.010000 -1.310000 1.615198 1.442141 0.000000 28.920000 -19.280000
994.092797 -0.400000 -0.110000 0.380000 0.010000 -0.030000 -1.330000 1.615198 1.442141 0.000000 28.920000 -19.280000
994.122664 -0.090000 0.320000 -0.290000 -0.000000 -0.000000 -1.310000 0.807599 1.586355 0.000000 28.920000 -24.100000
994.151637 -0.030000 -0.170000 0.080000 -0.010000 -0.010000 -1.350000 1.546501 1.380805 0.000000 27.690000 -18.460000
994.181561 -0.190000 -0.010000 -0.190000 -0.010000 -0.010000 -1.330000 0.807599 1.586355 0.000000 28.920000 -24.100000
994.210462 0.080000 -0.040000 0.400000 -0.010000 -0.030000 -1.350000 1.615198 1.442141 0.000000 28.920000 -19.280000
994.238148 0.060000 -0.100000 -0.090000 -0.010000 -0.020000 -1.380000 3.093003 1.381104 0.000000 32.310000 -13.850000
994.272715 -0.190000 0.260000 -0.000000 -0.020000 -0.020000 -1.350000 1.546501 1.380805 0.000000 27.690000 -18.460000
994.300336 -0.370000 -0.310000 0.110000 -0.020000 -0.040000 -1.340000 0.807599 1.586355 0.000000 28.920000 -24.100000
994.330198 0.250000 0.140000 -0.300000 -0.020000 -0.030000 -1.360000 0.807599 1.586355 0.000000 28.920000 -24.100000
994.358608 0.290000 0.190000 0.270000 -0.020000 -0.040000 -1.380000 1.546501 1.380805 0.000000 27.690000 -18.460000
994.393966 0.020000 0.140000 -0.050000 -0.020000 -0.030000 -1.380000 0.807599 1.586355 0.000000 28.920000 -24.100000
994.426936 0.370000 0.120000 0.220000 -0.010000 -0.020000 -1.410000 0.807599 1.586355 0.000000 28.920000 -24.100000
994.463066 0.000000 0.320000 -0.330000 -0.010000 -0.010000 -1.400000 0.807599 1.586355 0.000000 28.920000 -24.100000
994.492760 0.100000 -0.120000 0.100000 -0.010000 0.000000 -1.380000 1.615198 1.442141 0.000000 28.920000 -19.280000
994.521619 0.410000 0.270000 0.220000 0.010000 -0.040000 -1.450000 0.807599 1.586355 0.000000 28.920000 -24.100000
994.549202 -0.040000 0.160000 -0.110000 -0.000000 -0.040000 -1.390000 1.546501 1.657265 0.000000 32.310000 -23.080000
994.587710 -0.220000 0.010000 0.320000 0.010000 -0.010000 -1.370000 0.807599 1.586355 0.000000 28.920000 -24.100000
994.623414 0.050000 -0.280000 -0.410000 -0.000000 -0.020000 -1.410000 0.807599 1.586355 0.000000 28.920000 -24.100000
994.652944 -0.320000 -0.030000 -0.280000 0.020000 -0.010000 -1.360000 2.320590 1.519035 0.000000 32.310000 -18.460000
994.681410 0.440000 -0.280000 0.300000 0.010000 -0.010000 -1.410000 0.772413 1.519035 0.000000 27.690000 -23.080000
994.711074 -0.090000 -0.330000 -0.080000 0.000000 -0.020000 -1.390000 2.422796 1.586355 0.000000 33.740000 -19.280000
994.740352 -0.110000 0.090000 -0.160000 -0.010000 -0.030000 -1.400000 0.807599 1.586355 0.000000 28.920000 -24.100000
994.768983 -0.240000 -0.370000 -0.050000 -0.010000 -0.050000 -1.430000 2.320590 1.519035 0.000000 32.310000 -18.460000
994.802766 -0.540000 -0.150000 -0.180000 -0.010000 -0.020000 -1.380000 0.807599 1.586355 0.000000 28.920000 -24.100000
994.838426 0.370000 -0.160000 -0.120000 -0.010000 -0.040000 -1.420000 1.615198 1.730569 0.000000 33.740000 -24.100000
994.874979 -0.730000 -0.380000 -0.030000 -0.010000 -0.030000 -1.440000 1.615198 1.442141 0.000000 28.920000 -19.280000
994.907463 -0.160000 -0.100000 -0.020000 0.000000 -0.030000 -1.450000 1.546501 1.657265 0.000000 32.310000 -23.080000
994.942538 -0.090000 0.040000 0.090000 -0.010000 -0.040000 -1.440000 1.615198 1.442141 0.000000 28.920000 -19.280000
994.971648 -0.610000 -0.180000 0.150000 -0.020000 -0.040000 -1.410000 1.546501 1.657265 0.000000 32.310000 -23.080000
995.000832 -0.540000 -0.030000 0.390000 -0.010000 -0.010000 -1.370000 1.615198 1.442141 0.000000 28.920000 -19.280000
995.029744 0.300000 -0.040000 -0.280000 -0.010000 -0.010000 -1.420000 1.615198 1.730569 0.000000 33.740000 -24.100000
995.064213 0.170000 0.180000 0.200000 0.010000 -0.040000 -1.430000 -0.206088 1.693767 0.000000 27.690000 -28.920000
995.099339 0.060000 -0.230000 0.340000 -0.010000 -0.010000 -1.260000 1.546501 1.380805 0.000000 27.690000 -18.460000
