241.752414 -0.100000 -0.030000 -9.380000 -0.000000 0.000000 -0.000000 0.000000 0.000000 0.000000 0.000000 0.000000
241.784765 -0.110000 -0.050000 -8.360000 -0.000000 0.000000 -0.000000 0.000000 0.000000 0.000000 0.000000 0.000000
241.821339 -0.040000 -0.060000 -7.330000 0.000000 0.000000 0.000000 2.354100 -0.131947 0.000000 4.820000 9.230000
241.849034 0.040000 0.050000 -6.390000 0.010000 0.000000 -0.010000 4.845593 -0.288428 0.000000 9.640000 19.280000
241.888184 0.870000 1.070000 -5.600000 -0.060000 0.040000 -0.180000 6.186005 0.000000 0.000000 18.460000 18.460000
241.927614 -0.500000 0.350000 -5.280000 -0.060000 -0.030000 0.090000 7.268389 -0.432642 0.000000 14.460000 28.920000
241.960515 -0.190000 1.200000 -2.410000 0.020000 0.010000 -0.020000 8.883586 -0.144214 0.000000 24.100000 28.920000
241.993895 0.140000 -0.000000 -2.580000 -0.030000 0.010000 -0.010000 9.280684 0.276161 0.000000 32.310000 23.080000
242.028769 0.010000 0.190000 -1.760000 -0.000000 -0.030000 0.020000 10.825509 0.276161 0.000000 36.920000 27.690000
242.068982 -0.030000 -0.710000 0.150000 0.090000 -0.020000 -0.010000 15.346052 -0.432941 0.000000 38.560000 53.030000
242.104406 -0.190000 0.260000 0.030000 0.030000 0.010000 0.030000 19.385721 -0.576856 0.000000 48.210000 67.490000
242.138058 0.010000 0.070000 1.170000 -0.100000 0.030000 -0.010000 16.239102 0.414092 0.000000 55.380000 41.540000
242.173215 0.400000 -0.720000 0.030000 -0.000000 -0.020000 0.020000 19.385721 -0.288428 0.000000 53.030000 62.670000
242.201705 -0.020000 -0.630000 -0.890000 0.110000 0.020000 -0.020000 21.000919 -0.288428 0.000000 57.850000 67.490000
242.237666 0.090000 0.120000 1.300000 0.020000 0.020000 0.010000 21.000919 0.000000 0.000000 62.670000 62.670000
242.276825 0.030000 -0.270000 0.970000 -0.080000 -0.030000 0.030000 19.332105 0.138230 0.000000 60.000000 55.380000
242.310220 0.550000 -0.950000 -1.320000 -0.000000 0.040000 -0.070000 24.231314 0.000000 0.000000 72.310000 72.310000
242.339592 -0.210000 0.520000 0.270000 -0.030000 0.010000 0.050000 23.200871 -0.276161 0.000000 64.620000 73.850000
242.368180 -0.160000 -1.140000 -0.060000 -0.080000 -0.010000 -0.010000 21.000919 0.288428 0.000000 67.490000 57.850000
242.404927 -0.060000 0.510000 -0.250000 -0.050000 -0.040000 0.030000 26.654110 -0.144214 0.000000 77.130000 81.950000
242.440169 -0.270000 0.300000 0.180000 -0.040000 -0.040000 -0.020000 29.299750 -0.537063 0.000000 78.460000 96.410000
242.469460 -0.520000 -0.620000 0.140000 0.190000 0.030000 0.000000 26.292198 -0.552322 0.000000 69.230000 87.690000
242.503044 -0.380000 0.150000 -0.620000 0.150000 0.000000 0.000000 24.231314 0.000000 0.000000 72.310000 72.310000
242.532811 -0.370000 0.220000 0.300000 -0.020000 0.030000 -0.010000 29.884505 -1.009498 0.000000 72.310000 106.050000
242.560811 0.410000 -0.230000 0.490000 0.070000 0.040000 -0.030000 23.973284 0.138230 0.000000 73.850000 69.230000
242.590993 -0.110000 0.550000 1.440000 -0.010000 -0.040000 0.060000 29.884505 -0.721070 0.000000 77.130000 101.230000
242.618418 -0.020000 -0.610000 0.920000 0.030000 0.020000 0.020000 29.884505 -0.721070 0.000000 77.130000 101.230000
242.654768 -0.080000 0.530000 0.150000 -0.060000 -0.010000 0.040000 25.038912 -0.432642 0.000000 67.490000 81.950000
242.689903 0.330000 -0.620000 -1.360000 -0.030000 -0.000000 -0.020000 26.292198 0.000000 0.000000 78.460000 78.460000
242.719019 -0.260000 0.550000 1.020000 0.100000 -0.020000 0.000000 29.884505 -0.432642 0.000000 81.950000 96.410000
242.755438 -0.390000 0.050000 0.590000 -0.050000 -0.030000 -0.040000 23.199196 0.552322 0.000000 78.460000 60.000000
242.791377 0.320000 -0.510000 -0.640000 0.010000 0.040000 0.000000 24.231314 0.000000 0.000000 72.310000 72.310000
242.821367 -0.130000 -0.280000 0.240000 -0.060000 -0.040000 -0.000000 28.269307 -0.432642 0.000000 77.130000 91.590000
242.851036 -0.500000 -0.480000 0.040000 0.010000 -0.030000 0.040000 28.269307 -0.432642 0.000000 77.130000 91.590000
242.879905 0.390000 0.010000 -0.410000 -0.060000 0.040000 0.030000 23.973284 -0.138230 0.000000 69.230000 73.850000
242.915813 0.200000 -0.800000 -1.440000 0.050000 0.030000 -0.040000 26.654110 0.144214 0.000000 81.950000 77.130000
242.951870 -0.070000 0.570000 0.830000 -0.120000 -0.030000 0.060000 24.231314 0.288428 0.000000 77.130000 67.490000
242.979629 -0.100000 0.480000 0.260000 -0.030000 -0.010000 -0.060000 27.066287 -0.138230 0.000000 78.460000 83.080000
243.014226 0.130000 -0.520000 -1.220000 0.020000 0.020000 0.010000 23.973284 0.138230 0.000000 73.850000 69.230000
243.047372 0.390000 0.060000 0.090000 -0.040000 -0.030000 -0.040000 24.231314 0.576856 0.000000 81.950000 62.670000
243.084068 0.040000 0.330000 0.250000 0.090000 -0.060000 0.030000 30.692104 -1.153713 0.000000 72.310000 110.870000
243.122803 -0.150000 0.090000 0.750000 -0.140000 -0.020000 0.020000 27.838700 -0.276161 0.000000 78.460000 87.690000
243.150565 0.110000 0.160000 -1.160000 0.100000 0.040000 0.020000 25.038912 0.721070 0.000000 86.770000 62.670000
243.187696 -0.120000 0.150000 -0.010000 -0.140000 -0.000000 -0.040000 25.330452 -0.380582 0.000000 69.230000 81.950000
243.224403 0.080000 0.650000 -0.130000 -0.110000 0.010000 0.010000 27.461709 -0.576856 0.000000 72.310000 91.590000
243.257972 0.110000 -0.490000 0.020000 0.040000 0.050000 -0.030000 27.461709 -0.288428 0.000000 77.130000 86.770000
243.293225 0.160000 0.320000 -0.690000 0.020000 0.000000 0.010000 29.884505 -0.432642 0.000000 81.950000 96.410000
243.322611 0.290000 -0.420000 0.730000 0.100000 -0.040000 -0.010000 27.840375 -0.552322 0.000000 73.850000 92.310000
243.352348 -0.540000 0.230000 0.610000 -0.160000 -0.040000 0.090000 25.846511 0.288428 0.000000 81.950000 72.310000
243.381023 0.360000 -0.130000 0.500000 0.010000 0.050000 -0.010000 24.231314 0.288428 0.000000 77.130000 67.490000
243.410757 -0.280000 0.420000 -0.910000 -0.020000 -0.010000 -0.010000 25.519785 -0.137931 0.000000 73.850000 78.460000
243.440766 0.390000 -0.240000 -1.210000 -0.120000 0.000000 -0.020000 24.747373 0.000000 0.000000 73.850000 73.850000
243.471442 -0.460000 -0.430000 -0.560000 0.100000 -0.030000 -0.010000 24.231314 0.288428 0.000000 77.130000 67.490000
243.499030 -0.010000 -0.180000 -0.100000 0.120000 0.020000 0.020000 29.884505 -0.432642 0.000000 81.950000 96.410000
243.532706 0.070000 -0.340000 -0.240000 0.090000 -0.010000 0.020000 28.612788 -0.690253 0.000000 73.850000 96.920000
243.570375 -0.100000 0.710000 1.090000 -0.140000 -0.080000 0.030000 25.846511 0.000000 0.000000 77.130000 77.130000
243.607206 0.270000 -0.070000 1.230000 -0.050000 0.040000 -0.040000 26.654110 -0.144214 0.000000 77.130000 81.950000
243.641297 0.130000 0.250000 -0.030000 -0.010000 -0.010000 0.050000 21.808517 0.721070 0.000000 77.130000 53.030000
243.679549 -0.090000 -0.140000 -1.040000 -0.050000 -0.000000 -0.070000 28.269307 -0.144214 0.000000 81.950000 86.770000
243.715082 0.100000 -0.320000 -0.460000 0.120000 -0.060000 0.060000 26.654110 -0.144214 0.000000 77.130000 81.950000
243.751927 0.310000 -0.120000 0.940000 0.080000 -0.010000 -0.030000 20.880281 0.690552 0.000000 73.850000 50.770000
243.781711 -0.140000 0.040000 -0.150000 0.100000 -0.030000 0.050000 24.231314 0.000000 0.000000 72.310000 72.310000
243.808898 0.100000 0.130000 0.690000 -0.140000 -0.080000 -0.020000 26.654110 -0.432642 0.000000 72.310000 86.770000
243.846011 -0.220000 -0.270000 0.640000 -0.080000 0.030000 0.010000 23.973284 -0.138230 0.000000 69.230000 73.850000
243.878366 -0.280000 0.090000 -0.450000 0.030000 0.010000 0.020000 24.747373 0.000000 0.000000 73.850000 73.850000
243.916308 -0.270000 -0.160000 -1.540000 -0.020000 -0.020000 -0.050000 24.231314 0.288428 0.000000 77.130000 67.490000
243.953275 0.100000 0.270000 0.930000 0.040000 -0.030000 0.020000 28.269307 -0.432642 0.000000 77.130000 91.590000
243.984653 -0.080000 0.140000 -0.490000 0.090000 0.010000 0.000000 27.066287 -0.414092 0.000000 73.850000 87.690000
244.020319 0.540000 -0.620000 -0.900000 0.170000 -0.000000 0.020000 28.269307 -0.144214 0.000000 81.950000 86.770000
244.050337 0.010000 0.620000 -0.030000 -0.070000 -0.040000 0.020000 24.231314 0.288428 0.000000 77.130000 67.490000
244.079190 0.140000 -0.540000 -0.190000 -0.030000 0.020000 0.030000 21.808517 0.721070 0.000000 77.130000 53.030000
244.114326 -0.000000 0.860000 -0.380000 0.000000 0.040000 -0.030000 25.846511 0.000000 0.000000 77.130000 77.130000
244.153000 -0.010000 -0.090000 -0.620000 0.050000 -0.030000 0.020000 26.654110 -0.721070 0.000000 67.490000 91.590000
244.182054 0.360000 0.470000 0.040000 0.010000 0.020000 -0.050000 25.519785 0.137931 0.000000 78.460000 73.850000
244.211012 0.010000 0.170000 0.440000 0.030000 -0.020000 0.050000 22.616116 0.288428 0.000000 72.310000 62.670000
244.239787 0.300000 0.100000 0.520000 0.170000 0.010000 -0.000000 24.231314 0.000000 0.000000 72.310000 72.310000
244.276166 0.300000 0.660000 -0.310000 0.040000 0.030000 0.020000 26.293874 -0.276161 0.000000 73.850000 83.080000
244.308637 -0.200000 -0.690000 1.440000 0.020000 -0.010000 0.040000 23.199196 0.000000 0.000000 69.230000 69.230000
244.345242 -0.040000 0.090000 0.250000 -0.030000 0.020000 0.050000 26.654110 -0.144214 0.000000 77.130000 81.950000
244.383512 -0.010000 -0.050000 0.440000 0.020000 -0.000000 -0.030000 29.884505 -0.432642 0.000000 81.950000 96.410000
244.415916 -0.350000 -1.250000 -0.130000 -0.000000 -0.000000 0.030000 26.292198 -0.552322 0.000000 69.230000 87.690000
244.453181 -0.250000 -0.160000 0.530000 -0.130000 0.050000 0.000000 24.231314 0.288428 0.000000 77.130000 67.490000
244.482301 0.090000 -0.130000 0.030000 0.110000 -0.020000 0.010000 28.269307 -0.432642 0.000000 77.130000 91.590000
244.511394 -0.010000 0.320000 -1.200000 0.060000 0.010000 0.010000 29.884505 -1.009498 0.000000 72.310000 106.050000
244.541010 0.280000 -0.340000 -1.060000 0.010000 0.010000 -0.000000 22.425107 0.690552 0.000000 78.460000 55.380000
244.569404 0.010000 -0.250000 0.050000 0.030000 0.020000 -0.020000 25.846511 0.000000 0.000000 77.130000 77.130000
244.606346 -0.370000 0.530000 0.920000 -0.050000 0.020000 -0.000000 27.840375 -0.552322 0.000000 73.850000 92.310000
244.644787 -0.110000 -0.050000 0.020000 -0.040000 -0.000000 0.050000 25.038912 -0.144214 0.000000 72.310000 77.130000
244.680221 0.010000 -0.480000 -1.180000 -0.090000 0.040000 -0.030000 25.846511 0.000000 0.000000 77.130000 77.130000
244.709263 0.190000 0.530000 1.010000 0.030000 -0.030000 0.050000 27.838700 -0.828483 0.000000 69.230000 96.920000
244.745305 -0.620000 1.560000 -0.500000 0.070000 -0.050000 0.030000 27.066287 -0.414092 0.000000 73.850000 87.690000
244.779848 0.060000 -0.390000 0.370000 0.040000 0.030000 0.060000 24.231314 0.000000 0.000000 72.310000 72.310000
244.809416 0.200000 0.380000 1.410000 -0.040000 -0.000000 -0.010000 26.654110 -0.144214 0.000000 77.130000 81.950000
244.846769 -0.030000 -0.270000 1.430000 0.020000 -0.010000 -0.000000 26.292198 0.000000 0.000000 78.460000 78.460000
244.886859 0.300000 0.030000 -0.460000 -0.120000 -0.010000 0.000000 24.231314 0.288428 0.000000 77.130000 67.490000
244.923687 -0.210000 0.410000 -0.910000 -0.010000 0.020000 0.030000 28.269307 -0.432642 0.000000 77.130000 91.590000
244.957413 0.440000 -0.130000 -0.050000 -0.070000 0.010000 -0.010000 24.231314 0.288428 0.000000 77.130000 67.490000
244.994237 -0.540000 0.490000 0.250000 -0.090000 -0.070000 -0.050000 24.747373 0.000000 0.000000 73.850000 73.850000
245.028805 0.110000 -0.520000 -0.090000 0.110000 0.020000 0.020000 21.808517 0.432642 0.000000 72.310000 57.850000
245.069061 0.230000 -0.800000 0.240000 -0.050000 0.070000 -0.030000 19.333780 0.414391 0.000000 64.620000 50.770000
245.098435 0.510000 -0.040000 -1.740000 0.020000 0.060000 0.000000 19.385721 0.576856 0.000000 67.490000 48.210000
245.135741 0.030000 -1.250000 -0.110000 0.030000 0.050000 -0.260000 21.000919 0.288428 0.000000 67.490000 57.850000
245.172923 -0.190000 -0.340000 0.070000 0.020000 -0.020000 -0.330000 14.538453 1.154012 0.000000 62.670000 24.100000
245.205708 -0.450000 -0.420000 0.930000 -0.050000 -0.010000 -0.390000 13.146099 0.966414 0.000000 55.380000 23.080000
245.242660 -0.410000 -0.630000 0.010000 0.010000 -0.150000 -0.490000 12.115657 1.009798 0.000000 53.030000 19.280000
245.272181 -0.470000 0.270000 -1.950000 -0.090000 0.050000 -0.560000 8.075988 1.153713 0.000000 43.380000 4.820000
245.299883 0.260000 -0.100000 -0.010000 0.040000 0.020000 -0.730000 6.960094 1.242874 0.000000 41.540000 0.000000
245.332234 0.460000 0.660000 0.240000 -0.030000 0.030000 -0.890000 6.460790 1.153713 0.000000 38.560000 0.000000
245.361727 0.070000 1.000000 0.190000 0.030000 -0.060000 -1.130000 5.653191 1.009498 0.000000 33.740000 0.000000
245.391457 -0.330000 0.460000 1.080000 -0.030000 0.010000 -1.110000 4.845593 1.153713 0.000000 33.740000 -4.820000
245.420627 0.650000 0.900000 0.510000 0.010000 0.020000 -1.170000 3.867091 1.242874 0.000000 32.310000 -9.230000
245.449831 -0.620000 -0.100000 2.080000 0.000000 -0.020000 -1.290000 4.037994 1.297927 0.000000 33.740000 -9.640000
245.480389 -0.370000 0.500000 -0.720000 -0.040000 -0.010000 -1.260000 3.093003 1.381104 0.000000 32.310000 -13.850000
245.509634 -0.160000 0.370000 0.250000 -0.000000 -0.000000 -1.230000 2.422796 1.297927 0.000000 28.920000 -14.460000
245.545464 0.710000 -0.020000 -0.330000 -0.010000 -0.000000 -1.230000 3.230395 1.442141 0.000000 33.740000 -14.460000
245.580213 0.020000 0.110000 -0.210000 0.010000 -0.020000 -1.230000 1.615198 1.442141 0.000000 28.920000 -19.280000
245.612516 0.040000 0.060000 -0.410000 -0.020000 -0.000000 -1.240000 3.093003 1.381104 0.000000 32.310000 -13.850000
245.642393 -0.030000 -0.200000 -0.270000 -0.000000 -0.020000 -1.290000 1.615198 1.442141 0.000000 28.920000 -19.280000
245.676819 0.050000 -0.110000 -0.280000 -0.000000 -0.020000 -1.320000 2.422796 1.586355 0.000000 33.740000 -19.280000
245.717605 -0.270000 -0.050000 -0.450000 -0.010000 -0.010000 -1.300000 1.546501 1.380805 0.000000 27.690000 -18.460000
245.755751 -0.080000 -0.270000 0.380000 -0.020000 -0.030000 -1.380000 1.546501 1.380805 0.000000 27.690000 -18.460000
245.789898 0.430000 0.190000 -0.340000 -0.010000 -0.040000 -1.420000 2.422796 1.586355 0.000000 33.740000 -19.280000
245.825784 0.030000 -0.010000 -0.140000 -0.000000 -0.020000 -1.430000 0.807599 1.586355 0.000000 28.920000 -24.100000
245.858502 0.120000 0.150000 0.260000 -0.010000 -0.020000 -1.430000 0.772413 1.519035 0.000000 27.690000 -23.080000
245.895351 -0.320000 -0.180000 -0.010000 -0.020000 0.000000 -1.420000 2.422796 1.586355 0.000000 33.740000 -19.280000
245.933240 0.030000 0.310000 0.320000 -0.010000 -0.030000 -1.440000 1.615198 1.730569 0.000000 33.740000 -24.100000
245.963575 -0.390000 -0.140000 -0.240000 -0.020000 -0.020000 -1.430000 2.422796 1.297927 0.000000 28.920000 -14.460000
246.000795 -0.230000 -0.090000 0.230000 -0.000000 -0.040000 -1.450000 1.615198 1.730569 0.000000 33.740000 -24.100000
246.035394 0.260000 0.120000 0.350000 -0.020000 -0.020000 -1.400000 2.422796 1.586355 0.000000 33.740000 -19.280000
246.074516 0.440000 0.040000 -0.240000 -0.010000 0.010000 -1.400000 1.546501 1.657265 0.000000 32.310000 -23.080000
246.111665 -0.170000 0.020000 0.060000 -0.020000 -0.020000 -1.410000 0.807599 1.586355 0.000000 28.920000 -24.100000
246.141483 -0.140000 -0.320000 -0.230000 -0.020000 0.000000 -1.420000 2.422796 1.586355 0.000000 33.740000 -19.280000
246.169567 -0.350000 0.120000 0.120000 -0.010000 -0.030000 -1.410000 1.546501 1.380805 0.000000 27.690000 -18.460000
246.209020 -0.050000 -0.170000 -0.300000 -0.000000 -0.040000 -1.380000 1.546501 1.380805 0.000000 27.690000 -18.460000
246.238435 0.310000 -0.280000 -0.270000 0.010000 -0.020000 -1.380000 1.615198 1.730569 0.000000 33.740000 -24.100000
246.276618 0.130000 0.300000 0.320000 -0.010000 -0.040000 -1.400000 1.615198 1.442141 0.000000 28.920000 -19.280000
246.314453 -0.050000 -0.220000 0.090000 -0.020000 -0.030000 -1.380000 1.546501 1.380805 0.000000 27.690000 -18.460000
246.349749 -0.290000 -0.190000 -0.020000 -0.030000 -0.020000 -1.380000 1.615198 1.730569 0.000000 33.740000 -24.100000
246.379364 -0.180000 0.020000 -0.200000 0.010000 -0.030000 -1.380000 1.615198 1.730569 0.000000 33.740000 -24.100000
246.416655 -0.200000 0.000000 0.120000 -0.020000 -0.020000 -1.390000 1.615198 1.442141 0.000000 28.920000 -19.280000
246.450295 -0.060000 -0.010000 0.070000 -0.010000 -0.030000 -1.370000 2.422796 1.586355 0.000000 33.740000 -19.280000
246.478790 0.380000 0.070000 -0.180000 -0.010000 -0.020000 -1.390000 2.422796 1.586355 0.000000 33.740000 -19.280000
246.514477 0.360000 0.310000 0.280000 -0.010000 -0.010000 -1.380000 1.546501 1.657265 0.000000 32.310000 -23.080000
246.552181 0.320000 -0.480000 0.570000 -0.040000 -0.010000 -1.380000 1.615198 1.442141 0.000000 28.920000 -19.280000
246.580544 0.680000 0.620000 -0.470000 -0.010000 0.010000 -1.390000 1.615198 1.730569 0.000000 33.740000 -24.100000
246.612428 -0.330000 -0.150000 -0.060000 -0.010000 0.010000 -1.390000 3.865416 0.966713 0.000000 27.690000 -4.620000
246.640570 -0.490000 0.070000 -0.100000 -0.020000 -0.010000 -1.340000 1.546501 1.657265 0.000000 32.310000 -23.080000
246.670817 0.080000 -0.170000 -0.130000 0.010000 -0.030000 -1.310000 2.422796 1.297927 0.000000 28.920000 -14.460000
246.700254 0.160000 0.180000 -0.410000 0.010000 -0.030000 -1.310000 1.615198 1.730569 0.000000 33.740000 -24.100000
246.729534 -0.520000 0.060000 0.490000 0.010000 -0.030000 -1.320000 1.546501 1.380805 0.000000 27.690000 -18.460000
246.765849 -0.270000 -0.120000 -0.920000 -0.020000 0.010000 -1.280000 2.422796 1.586355 0.000000 33.740000 -19.280000
246.804349 -0.100000 -0.010000 0.080000 -0.000000 -0.030000 -1.340000 1.615198 1.442141 0.000000 28.920000 -19.280000
246.842501 -0.400000 -0.040000 0.490000 -0.010000 -0.010000 -1.300000 1.615198 1.730569 0.000000 33.740000 -24.100000
246.870279 -0.080000 -0.110000 0.260000 0.020000 -0.080000 -1.270000 0.772413 1.519035 0.000000 27.690000 -23.080000
246.909282 0.180000 -0.160000 -0.020000 0.010000 -0.010000 -1.280000 2.422796 1.586355 0.000000 33.740000 -19.280000
246.941939 0.420000 -0.110000 -0.130000 -0.010000 0.010000 -1.250000 0.772413 1.519035 0.000000 27.690000 -23.080000
246.980208 0.400000 -0.010000 0.050000 0.020000 -0.050000 -1.330000 1.615198 1.442141 0.000000 28.920000 -19.280000
247.010717 0.080000 -0.020000 -0.020000 -0.020000 0.010000 -1.310000 1.615198 1.442141 0.000000 28.920000 -19.280000
247.039981 0.470000 0.380000 -0.330000 -0.000000 -0.030000 -1.320000 2.422796 1.586355 0.000000 33.740000 -19.280000
247.078037 -0.170000 -0.270000 0.060000 0.010000 -0.020000 -1.350000 0.772413 1.519035 0.000000 27.690000 -23.080000
247.110721 -0.170000 0.100000 0.370000 0.010000 -0.060000 -1.340000 1.615198 1.442141 0.000000 28.920000 -19.280000
247.147374 0.040000 -0.170000 0.020000 0.000000 -0.040000 -1.330000 1.615198 1.730569 0.000000 33.740000 -24.100000
247.179693 0.210000 0.310000 -0.260000 -0.020000 -0.000000 -1.340000 1.546501 1.380805 0.000000 27.690000 -18.460000
247.218903 0.110000 0.100000 0.250000 -0.010000 -0.010000 -1.350000 1.615198 1.442141 0.000000 28.920000 -19.280000
247.257351 -0.540000 0.020000 0.210000 -0.010000 -0.020000 -1.320000 0.807599 1.586355 0.000000 28.920000 -24.100000
247.291724 -0.280000 -0.040000 0.430000 0.000000 -0.010000 -1.320000 1.615198 1.442141 0.000000 28.920000 -19.280000
247.323082 -0.260000 -0.330000 -0.210000 -0.030000 0.010000 -1.330000 0.772413 1.519035 0.000000 27.690000 -23.080000
247.350988 -0.050000 0.040000 -0.310000 -0.040000 0.010000 -1.290000 2.422796 1.586355 0.000000 33.740000 -19.280000
247.380576 0.380000 -0.030000 0.080000 -0.010000 -0.040000 -1.300000 1.546501 1.380805 0.000000 27.690000 -18.460000
247.408302 0.220000 -0.030000 0.620000 -0.030000 0.030000 -1.300000 1.615198 1.442141 0.000000 28.920000 -19.280000
247.445206 -0.380000 0.190000 0.150000 -0.010000 -0.030000 -1.250000 1.615198 1.442141 0.000000 28.920000 -19.280000
247.477726 -0.200000 -0.230000 0.170000 0.020000 -0.070000 -1.230000 1.615198 1.442141 0.000000 28.920000 -19.280000
247.514249 0.470000 0.180000 -0.380000 -0.030000 0.010000 -1.230000 0.772413 1.519035 0.000000 27.690000 -23.080000
247.547899 0.400000 0.080000 0.050000 -0.000000 0.010000 -1.220000 0.807599 1.586355 0.000000 28.920000 -24.100000
247.585381 0.010000 0.200000 -0.310000 0.010000 -0.000000 -1.240000 1.615198 1.442141 0.000000 28.920000 -19.280000
247.621360 -0.070000 0.220000 -0.300000 0.010000 0.010000 -1.290000 0.772413 1.519035 0.000000 27.690000 -23.080000
247.650719 0.100000 -0.400000 0.170000 0.020000 -0.080000 -1.310000 1.546501 1.380805 0.000000 27.690000 -18.460000
247.681347 0.050000 -0.040000 -0.610000 -0.010000 -0.020000 -1.290000 1.615198 1.442141 0.000000 28.920000 -19.280000
247.708661 0.310000 0.070000 0.100000 0.000000 -0.060000 -1.330000 0.807599 1.297927 0.000000 24.100000 -19.280000
247.744579 -0.370000 -0.150000 -0.360000 -0.020000 -0.010000 -1.320000 1.546501 1.380805 0.000000 27.690000 -18.460000
247.781547 -0.350000 -0.150000 -0.150000 -0.010000 -0.010000 -1.310000 0.807599 1.586355 0.000000 28.920000 -24.100000
247.811302 -0.300000 -0.040000 0.350000 -0.020000 0.000000 -1.290000 1.615198 1.442141 0.000000 28.920000 -19.280000
247.839479 -0.090000 -0.110000 -0.340000 -0.010000 -0.010000 -1.330000 1.615198 1.442141 0.000000 28.920000 -19.280000
247.877234 0.300000 -0.020000 0.250000 -0.020000 -0.010000 -1.360000 2.422796 1.586355 0.000000 33.740000 -19.280000
247.910773 0.020000 0.310000 0.530000 0.000000 -0.030000 -1.380000 1.615198 1.442141 0.000000 28.920000 -19.280000
247.940924 -0.010000 -0.130000 0.560000 -0.020000 -0.030000 -1.380000 1.546501 1.657265 0.000000 32.310000 -23.080000
247.970911 -0.050000 -0.060000 -0.170000 -0.020000 -0.020000 -1.350000 0.807599 1.586355 0.000000 28.920000 -24.100000
247.999557 -0.150000 0.010000 -0.160000 0.000000 -0.040000 -1.380000 2.422796 1.586355 0.000000 33.740000 -19.280000
248.037537 -0.150000 -0.000000 0.100000 -0.020000 -0.020000 -1.330000 1.546501 1.380805 0.000000 27.690000 -18.460000
248.070923 0.380000 -0.000000 0.170000 -0.030000 0.000000 -1.380000 1.546501 1.380805 0.000000 27.690000 -18.460000
248.101865 -0.050000 0.170000 -0.290000 -0.010000 -0.030000 -1.350000 2.422796 1.586355 0.000000 33.740000 -19.280000
248.131436 -0.190000 -0.130000 0.090000 0.000000 -0.020000 -1.320000 1.615198 1.442141 0.000000 28.920000 -19.280000
248.166580 0.250000 -0.220000 0.120000 -0.020000 -0.030000 -1.360000 0.772413 1.519035 0.000000 27.690000 -23.080000
248.203579 0.140000 0.320000 -0.340000 0.000000 -0.000000 -1.380000 0.807599 1.586355 0.000000 28.920000 -24.100000
248.238910 -0.320000 -0.400000 -0.430000 0.000000 -0.010000 -1.390000 1.615198 1.442141 0.000000 28.920000 -19.280000
248.277697 -0.380000 0.050000 0.060000 -0.030000 -0.020000 -1.360000 1.615198 1.442141 0.000000 28.920000 -19.280000
248.311818 -0.030000 0.300000 0.130000 0.010000 -0.040000 -1.360000 1.615198 1.442141 0.000000 28.920000 -19.280000
248.342286 -0.450000 -0.240000 0.210000 0.010000 -0.050000 -1.340000 2.422796 1.297927 0.000000 28.920000 -14.460000
248.372937 0.390000 0.010000 0.070000 -0.030000 -0.020000 -1.360000 1.546501 1.657265 0.000000 32.310000 -23.080000
248.403286 0.100000 0.090000 -0.340000 -0.020000 -0.010000 -1.350000 1.615198 1.442141 0.000000 28.920000 -19.280000
248.438510 0.160000 0.010000 0.140000 -0.020000 -0.050000 -1.340000 0.807599 1.586355 0.000000 28.920000 -24.100000
248.477179 -0.030000 0.230000 -0.200000 -0.010000 -0.020000 -1.340000 1.546501 1.657265 0.000000 32.310000 -23.080000
248.514256 -0.190000 -0.070000 -0.160000 -0.010000 -0.020000 -1.350000 0.772413 1.519035 0.000000 27.690000 -23.080000
248.549301 -0.020000 -0.020000 0.260000 -0.020000 -0.020000 -1.330000 0.807599 1.586355 0.000000 28.920000 -24.100000
248.587275 0.340000 -0.080000 -0.190000 -0.000000 -0.050000 -1.390000 0.807599 1.586355 0.000000 28.920000 -24.100000
248.620722 0.000000 0.160000 0.240000 -0.010000 -0.050000 -1.370000 3.093003 1.381104 0.000000 32.310000 -13.850000
248.652037 -0.200000 -0.020000 -0.090000 -0.010000 -0.020000 -1.370000 1.615198 1.442141 0.000000 28.920000 -19.280000
248.681014 -0.110000 -0.340000 -0.160000 -0.010000 0.010000 -1.410000 1.615198 1.730569 0.000000 33.740000 -24.100000
248.715771 -0.110000 0.300000 -0.130000 -0.000000 -0.010000 -1.390000 0.807599 1.586355 0.000000 28.920000 -24.100000
248.751474 -0.200000 0.140000 0.090000 0.000000 -0.020000 -1.390000 0.772413 1.519035 0.000000 27.690000 -23.080000
248.779832 0.190000 -0.270000 0.000000 -0.040000 0.010000 -1.410000 1.615198 1.730569 0.000000 33.740000 -24.100000
248.815302 0.580000 0.390000 -0.580000 -0.040000 -0.000000 -1.450000 1.546501 1.657265 0.000000 32.310000 -23.080000
248.847787 0.370000 -0.050000 0.070000 0.020000 -0.020000 -1.410000 1.615198 1.442141 0.000000 28.920000 -19.280000
248.885872 -0.390000 -0.200000 0.290000 -0.030000 -0.040000 -1.410000 1.615198 1.442141 0.000000 28.920000 -19.280000
248.923367 0.160000 0.280000 -0.010000 0.010000 -0.040000 -1.400000 0.568000 1.831997 0.000000 32.310000 -28.920000
248.953489 -0.400000 -0.110000 -0.160000 -0.000000 -0.050000 -1.390000 1.546501 1.657265 0.000000 32.310000 -23.080000
248.983810 0.150000 -0.440000 0.310000 -0.030000 0.000000 -1.440000 1.615198 1.442141 0.000000 28.920000 -19.280000
249.018292 0.320000 0.200000 0.710000 -0.020000 -0.010000 -1.470000 2.422796 1.586355 0.000000 33.740000 -19.280000
249.056995 -0.540000 -0.110000 -0.240000 -0.020000 -0.010000 -1.440000 0.772413 1.519035 0.000000 27.690000 -23.080000
249.091362 -0.250000 0.100000 -0.140000 -0.030000 -0.020000 -1.450000 4.037994 1.297927 0.000000 33.740000 -9.640000
249.121949 -0.020000 -0.130000 0.340000 -0.000000 -0.030000 -1.450000 1.615198 1.730569 0.000000 33.740000 -24.100000
249.151286 -0.400000 0.270000 0.100000 0.010000 -0.020000 -1.430000 1.615198 1.442141 0.000000 28.920000 -19.280000
249.180260 0.330000 0.020000 -0.130000 -0.000000 0.020000 -1.430000 0.772413 1.519035 0.000000 27.690000 -23.080000
249.210492 0.240000 0.020000 -0.810000 -0.000000 -0.020000 -1.470000 2.422796 1.586355 0.000000 33.740000 -19.280000
249.240408 0.160000 0.050000 0.250000 -0.010000 -0.020000 -1.480000 0.772413 1.519035 0.000000 27.690000 -23.080000
249.267611 0.360000 0.180000 -0.130000 0.010000 0.000000 -1.480000 0.807599 1.586355 0.000000 28.920000 -24.100000
249.307605 0.210000 0.050000 0.120000 -0.030000 0.010000 -1.490000 2.422796 1.586355 0.000000 33.740000 -19.280000
249.345611 0.190000 0.220000 0.290000 -0.010000 0.000000 -1.480000 1.615198 1.730569 0.000000 33.740000 -24.100000
249.381914 -0.340000 -0.270000 -0.550000 0.000000 -0.010000 -1.470000 0.772413 1.519035 0.000000 27.690000 -23.080000
249.411606 -0.160000 -0.160000 0.520000 0.000000 -0.010000 -1.460000 1.615198 1.730569 0.000000 33.740000 -24.100000
249.439396 0.370000 -0.150000 0.160000 -0.020000 -0.010000 -1.520000 0.807599 1.586355 0.000000 28.920000 -24.100000
249.473275 0.200000 0.260000 -0.070000 0.010000 -0.030000 -1.590000 0.774088 1.795196 0.000000 32.310000 -27.690000
249.502956 -0.570000 -0.250000 0.330000 -0.020000 -0.040000 -1.580000 -3.093003 2.209288 0.000000 27.690000 -46.150000
249.532211 0.110000 0.160000 0.060000 -0.010000 -0.010000 -1.530000 2.422796 1.874783 0.000000 38.560000 -24.100000
249.561536 0.030000 0.130000 -0.350000 -0.010000 -0.010000 -1.550000 0.000000 1.730569 0.000000 28.920000 -28.920000
249.591418 -0.650000 -0.120000 0.500000 -0.020000 -0.020000 -1.530000 0.774088 1.795196 0.000000 32.310000 -27.690000
249.621365 -0.290000 0.110000 -0.360000 -0.010000 -0.010000 -1.490000 2.422796 1.586355 0.000000 33.740000 -19.280000
249.650965 0.270000 -0.180000 -0.120000 -0.000000 -0.010000 -1.510000 1.375599 1.687783 0.000000 32.310000 -24.100000
249.680504 -0.110000 -0.100000 0.170000 -0.030000 -0.020000 -1.500000 -0.807599 1.874783 0.000000 28.920000 -33.740000
249.710542 -0.010000 0.100000 -0.070000 -0.010000 -0.010000 -1.500000 2.422796 1.586355 0.000000 33.740000 -19.280000
249.739755 0.320000 -0.300000 -0.140000 0.010000 -0.030000 -1.500000 3.230395 1.442141 0.000000 33.740000 -14.460000
249.775584 0.460000 -0.130000 -0.130000 -0.020000 -0.020000 -1.520000 1.546501 1.657265 0.000000 32.310000 -23.080000
249.810329 0.400000 0.260000 0.070000 -0.010000 -0.020000 -1.530000 1.615198 1.730569 0.000000 33.740000 -24.100000
249.848725 -0.020000 -0.200000 -0.300000 0.000000 -0.040000 -1.540000 4.037994 1.297927 0.000000 33.740000 -9.640000
249.884604 -0.170000 0.220000 0.360000 0.000000 -0.010000 -1.540000 1.546501 1.657265 0.000000 32.310000 -23.080000
249.920985 0.400000 0.130000 -0.000000 -0.000000 -0.010000 -1.520000 0.000000 1.933426 0.000000 32.310000 -32.310000
249.953610 0.010000 0.090000 0.230000 -0.000000 -0.040000 -1.540000 1.615198 1.730569 0.000000 33.740000 -24.100000
249.986618 -0.740000 0.100000 -0.130000 0.010000 -0.020000 -1.490000 1.615198 1.442141 0.000000 28.920000 -19.280000
250.023392 0.210000 -0.130000 -0.110000 0.010000 0.010000 -1.490000 1.546501 1.657265 0.000000 32.310000 -23.080000
250.052237 0.110000 0.100000 -0.150000 -0.020000 -0.020000 -1.520000 1.615198 1.730569 0.000000 33.740000 -24.100000
250.090882 -0.180000 -0.060000 0.130000 -0.010000 -0.030000 -1.480000 1.615198 1.730569 0.000000 33.740000 -24.100000
250.120794 0.010000 -0.270000 -0.600000 -0.020000 -0.010000 -1.460000 0.807599 1.586355 0.000000 28.920000 -24.100000
250.150903 0.200000 0.110000 -0.080000 -0.020000 -0.020000 -1.510000 2.422796 1.874783 0.000000 38.560000 -24.100000
250.178634 -0.270000 0.020000 0.260000 0.000000 -0.040000 -1.480000 1.615198 1.730569 0.000000 33.740000 -24.100000
250.216642 -0.110000 -0.160000 -0.080000 -0.000000 -0.030000 -1.490000 1.546501 1.657265 0.000000 32.310000 -23.080000
250.253482 -0.420000 -0.260000 0.270000 -0.020000 -0.030000 -1.450000 0.807599 1.586355 0.000000 28.920000 -24.100000
250.288838 -0.130000 0.040000 0.050000 -0.010000 -0.020000 -1.440000 1.615198 1.730569 0.000000 33.740000 -24.100000
250.326090 -0.120000 -0.350000 0.230000 0.010000 -0.040000 -1.470000 0.000000 1.933426 0.000000 32.310000 -32.310000
250.364984 -0.350000 -0.000000 -0.120000 -0.010000 -0.020000 -1.440000 0.772413 1.519035 0.000000 27.690000 -23.080000
250.402172 0.160000 -0.290000 -0.120000 -0.010000 -0.020000 -1.440000 1.615198 1.730569 0.000000 33.740000 -24.100000
250.431467 0.000000 -0.050000 0.310000 -0.030000 -0.020000 -1.420000 1.615198 1.730569 0.000000 33.740000 -24.100000
250.461776 0.240000 -0.060000 -0.060000 -0.000000 -0.070000 -1.430000 1.546501 1.380805 0.000000 27.690000 -18.460000
250.490708 0.110000 0.030000 -0.630000 0.000000 -0.020000 -1.360000 1.615198 1.730569 0.000000 33.740000 -24.100000
250.519635 0.200000 0.250000 0.230000 -0.020000 -0.020000 -1.330000 1.615198 1.442141 0.000000 28.920000 -19.280000
250.551918 0.020000 0.190000 0.100000 0.010000 0.010000 -1.300000 1.615198 1.442141 0.000000 28.920000 -19.280000
250.589387 -0.100000 -0.170000 0.040000 -0.000000 -0.010000 -1.250000 0.978501 1.555836 0.000000 28.920000 -23.080000
250.619093 0.470000 0.250000 -0.570000 -0.010000 -0.040000 -1.270000 2.422796 1.586355 0.000000 33.740000 -19.280000
250.652237 0.060000 0.110000 0.000000 0.010000 -0.030000 -1.290000 0.774088 1.242874 0.000000 23.080000 -18.460000
250.682583 0.030000 0.100000 0.180000 -0.020000 -0.020000 -1.300000 1.615198 1.442141 0.000000 28.920000 -19.280000
250.710302 -0.190000 0.020000 0.150000 -0.010000 0.010000 -1.320000 1.615198 1.442141 0.000000 28.920000 -19.280000
250.740986 -0.400000 -0.140000 -0.220000 0.010000 -0.010000 -1.270000 1.546501 1.380805 0.000000 27.690000 -18.460000
250.769098 0.400000 -0.240000 0.100000 -0.010000 -0.010000 -1.300000 1.546501 1.380805 0.000000 27.690000 -18.460000
250.803764 -0.210000 0.170000 0.070000 -0.020000 -0.000000 -1.290000 0.807599 1.586355 0.000000 28.920000 -24.100000
250.839685 -0.070000 0.020000 0.400000 -0.000000 -0.030000 -1.290000 1.615198 1.442141 0.000000 28.920000 -19.280000
250.868922 0.180000 -0.040000 0.060000 -0.020000 -0.010000 -1.270000 2.320590 1.519035 0.000000 32.310000 -18.460000
250.903679 0.140000 0.210000 0.140000 0.010000 -0.030000 -1.260000 0.807599 1.297927 0.000000 24.100000 -19.280000
250.936907 0.210000 -0.190000 0.570000 -0.010000 -0.020000 -1.270000 0.807599 1.297927 0.000000 24.100000 -19.280000
250.975625 0.400000 0.220000 -0.170000 -0.010000 -0.010000 -1.270000 1.615198 1.442141 0.000000 28.920000 -19.280000
251.013187 -0.260000 -0.050000 0.030000 -0.010000 -0.020000 -1.280000 1.546501 1.380805 0.000000 27.690000 -18.460000
251.043334 -0.210000 0.200000 0.140000 -0.000000 -0.020000 -1.260000 1.615198 1.442141 0.000000 28.920000 -19.280000
251.071618 -0.470000 -0.060000 0.130000 -0.020000 -0.020000 -1.240000 1.546501 1.380805 0.000000 27.690000 -18.460000
251.100642 0.160000 0.060000 0.000000 -0.020000 -0.030000 -1.280000 1.615198 1.442141 0.000000 28.920000 -19.280000
251.134303 -0.110000 -0.280000 -0.620000 -0.000000 -0.020000 -1.290000 1.615198 1.442141 0.000000 28.920000 -19.280000
251.171865 0.040000 0.130000 -0.150000 -0.010000 -0.030000 -1.280000 2.422796 1.586355 0.000000 33.740000 -19.280000
251.209632 -0.280000 0.070000 0.070000 0.010000 -0.050000 -1.280000 1.546501 1.380805 0.000000 27.690000 -18.460000
251.239855 -0.110000 0.140000 -0.040000 0.010000 -0.020000 -1.240000 1.615198 1.442141 0.000000 28.920000 -19.280000
251.276537 0.490000 -0.110000 -0.710000 -0.030000 -0.040000 -1.270000 1.615198 1.442141 0.000000 28.920000 -19.280000
251.309409 -0.070000 0.050000 0.250000 0.010000 0.000000 -1.230000 1.546501 1.380805 0.000000 27.690000 -18.460000
251.345955 -0.180000 -0.100000 0.000000 -0.010000 0.010000 -1.220000 1.546501 1.380805 0.000000 27.690000 -18.460000
251.378626 0.140000 0.160000 0.250000 -0.000000 -0.020000 -1.220000 1.615198 1.442141 0.000000 28.920000 -19.280000
251.419515 0.770000 -0.200000 -0.240000 -0.010000 -0.000000 -1.200000 1.615198 1.153713 0.000000 24.100000 -14.460000
251.456741 0.630000 -0.130000 -0.100000 -0.030000 0.010000 -1.230000 2.318914 1.242874 0.000000 27.690000 -13.850000
251.494677 0.170000 0.310000 -0.190000 -0.010000 -0.040000 -1.280000 1.615198 1.442141 0.000000 28.920000 -19.280000
251.531479 -0.550000 -0.200000 0.740000 -0.010000 -0.000000 -1.220000 1.409109 1.405339 0.000000 27.690000 -19.280000
251.558719 0.480000 0.090000 0.000000 -0.010000 -0.010000 -1.290000 0.807599 1.297927 0.000000 24.100000 -19.280000
251.598185 -0.470000 0.090000 0.090000 -0.010000 -0.020000 -1.250000 2.422796 1.297927 0.000000 28.920000 -14.460000
251.634944 0.360000 -0.290000 0.090000 -0.010000 -0.010000 -1.260000 1.615198 1.442141 0.000000 28.920000 -19.280000
251.673031 0.180000 0.250000 -0.440000 -0.010000 -0.000000 -1.270000 2.320590 1.519035 0.000000 32.310000 -18.460000
251.703472 -0.280000 -0.020000 0.300000 0.030000 -0.040000 -1.230000 1.615198 1.442141 0.000000 28.920000 -19.280000
251.738933 -0.570000 -0.090000 0.030000 0.020000 -0.030000 -1.190000 1.615198 1.442141 0.000000 28.920000 -19.280000
251.776660 0.060000 0.020000 -0.040000 0.000000 -0.050000 -1.200000 1.546501 1.380805 0.000000 27.690000 -18.460000
251.813676 -0.380000 -0.000000 0.130000 -0.040000 0.060000 -1.190000 0.774088 1.242874 0.000000 23.080000 -18.460000
251.845485 0.340000 0.290000 0.070000 0.000000 -0.060000 -1.180000 1.615198 1.730569 0.000000 33.740000 -24.100000
251.883092 -0.270000 -0.040000 -0.170000 0.010000 0.000000 -1.210000 0.807599 1.297927 0.000000 24.100000 -19.280000
251.912541 -0.250000 -0.060000 0.070000 -0.020000 -0.030000 -1.170000 0.772413 1.519035 0.000000 27.690000 -23.080000
251.948732 -0.060000 -0.200000 -0.440000 -0.020000 0.010000 -1.200000 -1.615198 2.018997 0.000000 28.920000 -38.560000
251.985525 0.250000 -0.000000 -0.240000 -0.020000 -0.010000 -1.180000 1.615198 1.153713 0.000000 24.100000 -14.460000
252.024639 -0.150000 -0.250000 0.110000 -0.010000 -0.020000 -1.160000 0.807599 1.297927 0.000000 24.100000 -19.280000
252.059021 0.060000 0.090000 -0.210000 -0.010000 -0.010000 -1.180000 1.615198 1.442141 0.000000 28.920000 -19.280000
252.095599 0.170000 0.160000 -0.160000 -0.020000 0.000000 -1.190000 1.615198 1.153713 0.000000 24.100000 -14.460000
252.132734 0.310000 0.080000 -0.090000 -0.020000 -0.040000 -1.220000 1.546501 1.380805 0.000000 27.690000 -18.460000
252.162196 -0.550000 0.250000 0.040000 0.020000 -0.010000 -1.180000 2.422796 1.297927 0.000000 28.920000 -14.460000
252.192481 -0.490000 -0.110000 0.100000 0.010000 -0.050000 -1.170000 1.615198 1.442141 0.000000 28.920000 -19.280000
252.222774 0.100000 0.090000 0.070000 -0.030000 0.060000 -1.180000 1.546501 1.380805 0.000000 27.690000 -18.460000
252.253195 -0.160000 0.360000 0.300000 -0.010000 -0.040000 -1.160000 1.546501 1.380805 0.000000 27.690000 -18.460000
252.282457 0.560000 0.010000 -0.040000 -0.010000 0.030000 -1.190000 1.615198 1.442141 0.000000 28.920000 -19.280000
252.322416 -0.090000 -0.130000 0.250000 -0.010000 -0.060000 -1.180000 0.807599 1.586355 0.000000 28.920000 -24.100000
252.352031 1.020000 -0.390000 0.340000 0.010000 -0.060000 -1.250000 1.546501 1.380805 0.000000 27.690000 -18.460000
252.382228 0.060000 -0.150000 -0.470000 0.020000 -0.060000 -1.280000 1.615198 1.442141 0.000000 28.920000 -19.280000
252.411603 0.020000 0.270000 -0.040000 0.020000 -0.020000 -1.310000 1.615198 1.442141 0.000000 28.920000 -19.280000
252.442971 -0.450000 -0.110000 0.130000 0.010000 -0.040000 -1.330000 1.615198 1.442141 0.000000 28.920000 -19.280000
252.473401 -0.260000 -0.070000 0.240000 -0.020000 -0.010000 -1.300000 2.320590 1.519035 0.000000 32.310000 -18.460000
252.503487 0.120000 0.470000 -0.420000 -0.010000 0.030000 -1.270000 2.422796 1.297927 0.000000 28.920000 -14.460000
252.538979 -0.030000 -0.210000 0.220000 0.000000 -0.010000 -1.350000 1.546501 1.380805 0.000000 27.690000 -18.460000
252.575013 -0.040000 0.230000 0.300000 -0.010000 -0.030000 -1.360000 2.422796 1.586355 0.000000 33.740000 -19.280000
252.610605 -0.350000 0.140000 -0.030000 -0.010000 -0.000000 -1.310000 1.615198 1.442141 0.000000 28.920000 -19.280000
252.644203 -0.270000 -0.400000 -0.580000 -0.030000 -0.000000 -1.270000 1.409109 1.405339 0.000000 27.690000 -19.280000
252.680850 0.730000 0.150000 -0.270000 -0.060000 0.040000 -1.280000 0.772413 1.519035 0.000000 27.690000 -23.080000
252.710533 0.490000 -0.030000 -0.160000 -0.010000 -0.020000 -1.270000 1.615198 1.442141 0.000000 28.920000 -19.280000
252.739647 0.160000 0.180000 -0.050000 -0.030000 0.020000 -1.240000 1.615198 1.442141 0.000000 28.920000 -19.280000
252.772097 0.020000 0.050000 0.310000 0.020000 -0.010000 -1.280000 1.546501 1.380805 0.000000 27.690000 -18.460000
252.803239 -0.230000 -0.390000 0.730000 -0.030000 -0.010000 -1.260000 1.615198 1.442141 0.000000 28.920000 -19.280000
252.831977 0.450000 0.200000 -0.150000 -0.020000 0.030000 -1.260000 1.615198 1.442141 0.000000 28.920000 -19.280000
252.862404 -0.210000 -0.000000 -0.060000 0.000000 -0.030000 -1.280000 0.000000 1.442141 0.000000 24.100000 -24.100000
252.890330 -0.260000 -0.050000 0.190000 0.010000 -0.020000 -1.270000 2.318914 1.242874 0.000000 27.690000 -13.850000
252.920994 -0.530000 -0.100000 -0.220000 -0.000000 -0.020000 -1.310000 2.422796 1.586355 0.000000 33.740000 -19.280000
252.957244 -0.080000 -0.270000 -0.140000 -0.000000 -0.030000 -1.250000 0.774088 1.242874 0.000000 23.080000 -18.460000
252.993974 0.050000 0.000000 -0.530000 -0.020000 0.020000 -1.280000 0.807599 1.586355 0.000000 28.920000 -24.100000
253.030823 0.270000 0.030000 0.060000 -0.010000 -0.050000 -1.290000 1.615198 1.442141 0.000000 28.920000 -19.280000
253.061026 -0.010000 0.210000 -0.040000 0.010000 -0.000000 -1.310000 1.615198 1.442141 0.000000 28.920000 -19.280000
253.091415 -0.620000 -0.000000 0.320000 0.020000 -0.050000 -1.330000 2.320590 1.519035 0.000000 32.310000 -18.460000
253.120585 0.290000 0.060000 0.060000 -0.020000 -0.020000 -1.360000 0.807599 1.586355 0.000000 28.920000 -24.100000
253.149606 0.160000 0.160000 0.160000 -0.020000 0.000000 -1.400000 1.615198 1.442141 0.000000 28.920000 -19.280000
253.187891 -0.270000 -0.100000 -0.130000 -0.020000 -0.000000 -1.370000 1.546501 1.657265 0.000000 32.310000 -23.080000
253.226422 0.140000 0.070000 0.600000 -0.010000 -0.030000 -1.410000 1.546501 1.657265 0.000000 32.310000 -23.080000
253.262290 -0.290000 0.230000 -0.490000 0.010000 -0.030000 -1.320000 1.615198 1.442141 0.000000 28.920000 -19.280000
253.292091 0.400000 -0.270000 0.150000 -0.030000 -0.010000 -1.330000 1.615198 1.442141 0.000000 28.920000 -19.280000
253.322466 0.160000 -0.030000 0.710000 -0.010000 -0.030000 -1.400000 1.546501 1.380805 0.000000 27.690000 -18.460000
253.351946 -0.260000 0.280000 -0.510000 0.010000 -0.020000 -1.340000 1.615198 1.442141 0.000000 28.920000 -19.280000
253.381820 -0.250000 -0.330000 0.180000 -0.020000 0.000000 -1.320000 1.375599 1.687783 0.000000 32.310000 -24.100000
253.411372 0.150000 0.180000 -0.070000 -0.010000 -0.010000 -1.340000 1.615198 1.442141 0.000000 28.920000 -19.280000
253.441416 -0.460000 -0.210000 -0.200000 0.010000 -0.010000 -1.260000 1.615198 1.442141 0.000000 28.920000 -19.280000
253.472943 0.400000 -0.030000 -0.170000 -0.020000 -0.000000 -1.320000 1.615198 1.442141 0.000000 28.920000 -19.280000
253.503344 0.430000 0.500000 0.010000 -0.010000 0.010000 -1.370000 1.546501 1.380805 0.000000 27.690000 -18.460000
253.532304 -0.050000 -0.060000 0.280000 -0.010000 -0.010000 -1.350000 0.000000 1.730569 0.000000 28.920000 -28.920000
253.562743 0.010000 0.070000 0.050000 -0.030000 0.000000 -1.360000 1.615198 1.442141 0.000000 28.920000 -19.280000
253.591403 -0.680000 -0.110000 -0.360000 -0.010000 -0.020000 -1.360000 1.546501 1.657265 0.000000 32.310000 -23.080000
253.621563 0.540000 -0.290000 0.080000 -0.020000 -0.050000 -1.390000 1.546501 1.380805 0.000000 27.690000 -18.460000
253.650992 0.260000 0.060000 -0.110000 0.010000 -0.040000 -1.380000 1.615198 1.730569 0.000000 33.740000 -24.100000
253.686229 -0.360000 0.080000 0.550000 -0.040000 0.000000 -1.390000 1.615198 1.442141 0.000000 28.920000 -19.280000
253.722482 -0.170000 0.150000 0.130000 -0.010000 -0.010000 -1.350000 0.772413 1.519035 0.000000 27.690000 -23.080000
253.752211 -0.310000 -0.170000 -0.120000 0.010000 -0.060000 -1.370000 0.807599 1.586355 0.000000 28.920000 -24.100000
253.782068 -0.180000 -0.100000 -0.120000 -0.020000 -0.010000 -1.350000 0.807599 1.586355 0.000000 28.920000 -24.100000
253.810423 0.200000 -0.310000 0.800000 0.010000 -0.030000 -1.420000 1.615198 1.442141 0.000000 28.920000 -19.280000
253.844311 -0.130000 -0.070000 -0.670000 -0.010000 -0.040000 -1.360000 0.807599 1.586355 0.000000 28.920000 -24.100000
253.881524 0.150000 0.200000 -0.240000 0.010000 -0.060000 -1.390000 2.422796 1.586355 0.000000 33.740000 -19.280000
253.910529 -0.840000 -0.110000 -0.030000 0.010000 -0.040000 -1.340000 0.772413 1.519035 0.000000 27.690000 -23.080000
253.940727 -0.190000 -0.210000 0.170000 0.030000 -0.050000 -1.330000 0.807599 1.586355 0.000000 28.920000 -24.100000
253.969814 0.170000 0.170000 0.260000 -0.010000 -0.030000 -1.400000 1.615198 1.730569 0.000000 33.740000 -24.100000
254.007328 0.020000 0.040000 -0.790000 -0.020000 0.000000 -1.370000 2.318914 1.242874 0.000000 27.690000 -13.850000
254.041942 0.520000 0.020000 0.320000 -0.020000 -0.010000 -1.410000 1.546501 1.657265 0.000000 32.310000 -23.080000
254.069331 0.380000 0.230000 0.070000 -0.020000 0.000000 -1.440000 0.807599 1.586355 0.000000 28.920000 -24.100000
254.105317 0.140000 0.180000 -0.370000 -0.000000 0.010000 -1.390000 0.000000 1.730569 0.000000 28.920000 -28.920000
254.139782 0.130000 -0.000000 -0.180000 -0.000000 -0.000000 -1.380000 2.320590 1.519035 0.000000 32.310000 -18.460000
254.170686 -0.000000 -0.140000 0.450000 -0.010000 -0.020000 -1.420000 0.807599 1.586355 0.000000 28.920000 -24.100000
254.199901 0.060000 0.060000 -0.020000 0.000000 -0.010000 -1.420000 1.615198 1.730569 0.000000 33.740000 -24.100000
254.237671 -0.320000 -0.090000 -0.170000 -0.000000 -0.010000 -1.430000 1.615198 1.442141 0.000000 28.920000 -19.280000
254.276205 -0.220000 0.020000 0.210000 -0.010000 -0.040000 -1.420000 0.978501 1.555836 0.000000 28.920000 -23.080000
254.309444 0.020000 0.130000 -0.190000 0.010000 -0.020000 -1.430000 1.615198 1.442141 0.000000 28.920000 -19.280000
254.337220 0.170000 0.030000 -0.060000 0.010000 -0.020000 -1.420000 2.320590 1.519035 0.000000 32.310000 -18.460000
254.373500 0.370000 -0.140000 -0.040000 -0.030000 -0.020000 -1.410000 1.615198 1.730569 0.000000 33.740000 -24.100000
254.412288 0.280000 0.180000 -0.050000 0.000000 -0.040000 -1.480000 0.807599 1.586355 0.000000 28.920000 -24.100000
254.448463 -0.730000 -0.300000 -0.200000 -0.030000 -0.010000 -1.490000 0.772413 1.519035 0.000000 27.690000 -23.080000
254.484301 -0.310000 0.060000 0.150000 -0.020000 -0.010000 -1.450000 2.318914 1.242874 0.000000 27.690000 -13.850000
254.519209 0.160000 0.090000 0.060000 0.010000 -0.010000 -1.440000 2.422796 1.586355 0.000000 33.740000 -19.280000
254.548799 -0.340000 -0.240000 0.130000 -0.010000 -0.000000 -1.410000 0.807599 1.586355 0.000000 28.920000 -24.100000
254.585069 0.280000 0.120000 0.060000 -0.020000 0.010000 -1.410000 2.320590 1.519035 0.000000 32.310000 -18.460000
254.622429 0.280000 0.160000 0.060000 -0.010000 -0.010000 -1.450000 0.807599 1.586355 0.000000 28.920000 -24.100000
254.652052 -0.320000 -0.170000 0.140000 0.000000 -0.040000 -1.470000 0.807599 1.874783 0.000000 33.740000 -28.920000
254.679677 0.290000 0.230000 0.030000 -0.020000 -0.000000 -1.420000 2.422796 1.297927 0.000000 28.920000 -14.460000
254.716473 0.410000 0.040000 0.110000 -0.030000 0.010000 -1.480000 1.546501 1.657265 0.000000 32.310000 -23.080000
254.752201 -0.100000 0.040000 -0.460000 -0.000000 -0.030000 -1.450000 0.807599 1.586355 0.000000 28.920000 -24.100000
254.781272 0.090000 -0.040000 0.240000 -0.000000 -0.040000 -1.440000 1.546501 1.657265 0.000000 32.310000 -23.080000
254.811586 -0.410000 -0.280000 0.130000 -0.000000 -0.060000 -1.420000 1.615198 1.730569 0.000000 33.740000 -24.100000
254.839952 -0.290000 0.030000 0.210000 -0.010000 -0.020000 -1.400000 1.615198 1.442141 0.000000 28.920000 -19.280000
254.874228 -0.140000 -0.370000 -0.360000 -0.020000 -0.030000 -1.390000 0.807599 1.586355 0.000000 28.920000 -24.100000
254.907568 0.100000 0.160000 -0.150000 -0.000000 -0.030000 -1.410000 2.320590 1.519035 0.000000 32.310000 -18.460000
254.941251 0.240000 0.220000 0.270000 0.000000 -0.040000 -1.320000 0.807599 1.586355 0.000000 28.920000 -24.100000
254.980562 -0.730000 -0.520000 0.050000 -0.010000 -0.010000 -1.110000 1.615198 1.442141 0.000000 28.920000 -19.280000
255.010770 0.270000 0.010000 -0.030000 -0.010000 0.000000 -1.130000 0.774088 1.242874 0.000000 23.080000 -18.460000
